0 0.06147331030485033 0.03760628246853279 0.06759656615858281 0.07521256493706557
3 0.345902852459328 0.023305138897447154 0.2113102047222643 0.04661027779489431
0 0.24204153337387896 0.14096392903964977 0.057059041958086 0.14332487012586884
1 0.5419324490649235 0.15581396804430986 0.19882033684303818 0.3116279360886197
3 0.797819355582586 0.07842619501168938 0.12936128883482798 0.15685239002337875
3 0.8741297871845081 0.6201784163683806 0.11048402380771308 0.1989129419114118
3 0.7835825761175318 0.4794485178229174 0.08204995159900648 0.14365675684847723
1 0.7032855011783503 0.7244901759161502 0.2551885115110732 0.3738681655664099
2 0.4250701184684013 0.6268744277902499 0.1256646379745064 0.39216603444287906
1 0.34065771527038863 0.9081495838088902 0.18670109016268785 0.14533950124939993
0 0.1827270406023536 0.9404203999953555 0.08021474082661784 0.0966633576783142
1 0.17617862139526758 0.5895090954312522 0.17373852361132164 0.33333640871793263
3 0.32780981996921177 0.4319898255105204 0.17372943325224205 0.33177390871793266
0 0.7484747604499284 0.876466150396341 0.11478063836728972 0.13208063942190051
0 0.8921656731159109 0.8757296767413427 0.07396474082661797 0.09618976099766208