1 0.8680378593438546 0.6703678105912604 0.2639242813122909 0.20841192927905433
3 0.9234599942137329 0.7931845723780847 0.15308001157253415 0.1393279813887501
1 0.5906385124861594 0.816408172459138 0.2853529164082692 0.1986730562435249
0 0.43083271590993205 0.8293363196874882 0.09871690468807692 0.057564251033457484
3 0.41944583050018663 0.7616950554194647 0.08988212523071266 0.08986732878371625
2 0.20538213293651011 0.8327846131107318 0.26426036397194574 0.13693503556536052
1 0.25502717535068437 0.543681417701627 0.23433063695090492 0.22901121960192583
1 0.5085934639073473 0.5020952694398193 0.3917821915466968 0.25503868031251165
0 0.21057056677740946 0.3145953852366383 0.1563687183831674 0.0820591368892682
0 0.6512141556109275 0.3677287698541041 0.19396884793281668 0.08536822745980874
0 0.039041516039128955 0.04676368403656528 0.07467862739018098 0.04709763192686944
1 0.919369366131414 0.05034550568852436 0.1541844571244006 0.10069101137704872
2 0.918567132170543 0.310770178664391 0.1628657356589141 0.1895463052100678