0 0.128125 0.23671875 0.140625 0.1265625
0 0.090625 0.05703125 0.1375 0.1140625
2 0.3578125 0.1796875 0.084375 0.240625
3 0.04453125 0.33984375 0.0890625 0.0796875
0 0.0453125 0.9671875 0.090625 0.065625
0 0.11953125 0.33203125 0.0921875 0.0640625
1 0.290625 0.3203125 0.215625 0.040625
0 0.3640625 0.68984375 0.071875 0.1515625
3 0.2449370400747996 0.7326114961416023 0.12536073323126712 0.32349176634364485
0 0.19609375 0.965625 0.1203125 0.06875
0 0.1515625 0.95625 0.078125 0.0875
1 0.27265625 0.91796875 0.1203125 0.1640625
1 0.45078125 0.77109375 0.1015625 0.3140625
1 0.9078125 0.9015625 0.184375 0.196875