0 0.68203125 0.45703125 0.0734375 0.1703125
3 0.25434326364828974 0.28012394338442725 0.18519113125944758 0.3417212524470708
1 0.44428645320965077 0.36549098059307034 0.24772195236260472 0.29088792794496676
0 0.39921875 0.50078125 0.0984375 0.0984375
0 0.13279448733993054 0.2921651303150686 0.1343427208490434 0.21831846878180663
1 0.4549425031249461 0.753707743206942 0.2367536312594476 0.343521854623989
0 0.5724331109892191 0.7176387792344586 0.1246036998023559 0.21174108656782167
0 0.04453125 0.83359375 0.0890625 0.2046875
0 0.8079702506352845 0.6834002547245055 0.1164271787556685 0.20521826805616747
0 0.9828125 0.66640625 0.034375 0.2328125
1 0.93125 0.91640625 0.1375 0.1671875