3 0.315625 0.06875 0.325 0.1375
1 0.653125 0.3203125 0.1875 0.2375
0 0.9250145345522294 0.46995485752916044 0.12063975292686635 0.06185364474715129
0 0.7434565041052166 0.26284448656054593 0.10356133723582168 0.07980312406898663
3 0.8239575912428425 0.11928923159814708 0.3099840540583344 0.11909687220695986
3 0.88984375 0.17890625 0.2203125 0.2015625
1 0.221875 0.55859375 0.346875 0.0984375
0 0.2239217506873711 0.7106611325505512 0.1568863251355733 0.11665246071058563
1 0.846875 0.896875 0.30625 0.175
1 0.7515625 0.57890625 0.384375 0.1390625
1 0.86171875 0.66640625 0.2765625 0.2421875