0 0.5088311410977643 0.08322819486151109 0.20069086729005098 0.11991356596219109
1 0.5498611829576545 0.2873662490180413 0.2805601744716434 0.15162717427525152
2 0.86484375 0.64921875 0.2703125 0.2390625
2 0.8765625 0.4984375 0.246875 0.1875
1 0.809375 0.4328125 0.159375 0.20625
1 0.87265625 0.07265625 0.2546875 0.1453125
3 0.7765625 0.21328125 0.09375 0.0921875
0 0.57890625 0.98359375 0.2015625 0.0328125
0 0.7015625 0.97421875 0.05625 0.0515625
0 0.7078125 0.90234375 0.04375 0.1140625
0 0.63828125 0.934375 0.1828125 0.13125
0 0.6350527526322786 0.890033227646215 0.10340680113146802 0.04903746369925477
0 0.68984375 0.83671875 0.0796875 0.0703125
0 0.38515625 0.9765625 0.1140625 0.046875
0 0.4518226169954634 0.9514651104543599 0.14899201190385672 0.09617608411256366
0 0.26796875 0.98359375 0.1453125 0.0328125
0 0.19602206888905735 0.8929475867448424 0.12707156010845858 0.08823631908544902
0 0.5934146984757485 0.849948583130605 0.16134656615858275 0.07124880698520064
1 0.86484375 0.9 0.2703125 0.2