0 0.9608677374483854 0.7155718838717786 0.07826452510322923 0.20754087468172652
0 0.9749844691310198 0.5755281392027787 0.05003106173796042 0.16182838534372673
1 0.8128451537750149 0.6534456958943684 0.21660316033373556 0.4085226666931806
1 0.6148679992070305 0.6197899532543218 0.277649123699004 0.29211696403563464
1 0.6502344476458355 0.9664649585853219 0.1418466632744117 0.05474313868554468
1 0.4545733876053557 0.8725893312778661 0.208168783355371 0.24758516669318062
0 0.46814240614986397 0.5050200232734119 0.12776423111680746 0.14358746268299924
0 0.6468460967867528 0.8570626865850037 0.13786292740790582 0.21709768801718105
0 0.08703741180407353 0.22881479598981863 0.13376192559888345 0.16864200668363555
3 0.3226949508136541 0.19089498329091104 0.19994684757972223 0.23968176002545336
0 0.4499578929208809 0.36686604260823 0.1451841044771273 0.20781359468490823
0 0.743109270126388 0.09844966056655007 0.11443207146044046 0.1871556493475448
0 0.7382590750784852 0.2743945425684591 0.2692567695605611 0.3107578760343621