0 0.59453125 0.075 0.0296875 0.15
1 0.32890625 0.3140625 0.3171875 0.371875
3 0.18984375 0.46484375 0.2203125 0.0703125
1 0.08984375 0.03984375 0.1796875 0.0796875
3 0.878125 0.2140625 0.24375 0.30625
3 0.3610264686806207 0.6718054679791985 0.26553544730999656 0.29601193756361355
0 0.3584934645314359 0.6797270953838602 0.25140301494635436 0.3562946731356432
0 0.17109375 0.5703125 0.2578125 0.140625
1 0.50625 0.60390625 0.20625 0.2078125
1 0.671875 0.68828125 0.125 0.3765625
0 0.96796875 0.7578125 0.0640625 0.209375