2 0.69296875 0.4515625 0.2265625 0.215625
0 0.1265625 0.6680331675685867 0.1734375 0.09697007909743345
0 0.0484375 0.7283167054503135 0.0796875 0.05806733363936125
0 0.565625 0.72734375 0.028125 0.0984375
0 0.525 0.62890625 0.109375 0.1140625
0 0.4125 0.7962547939214668 0.20625 0.11839854000775851
0 0.5453125 0.771875 0.06875 0.071875
0 0.5484375 0.8171875 0.0625 0.134375
0 0.490625 0.87112750603974 0.109375 0.10892820303441741
0 0.5328125 0.91953125 0.09375 0.1015625
0 0.3734375 0.8760059378623302 0.1421875 0.10066916394474283
0 0.30390625 0.9796875 0.1234375 0.040625
2 0.91640625 0.67265625 0.1671875 0.2265625
2 0.603125 0.65390625 0.046875 0.1359375