0 0.0609375 0.51484375 0.121875 0.0703125
0 0.025 0.496875 0.05 0.10625
0 0.0929315296946763 0.47232244165535187 0.11775518577927464 0.09993584030732094
0 0.18046875 0.521875 0.1390625 0.05625
0 0.26449351190017917 0.373662316800284 0.2042656887450242 0.12101335697722053
0 0.12855335330694176 0.4231675934721231 0.10273768083635888 0.07535042848861018
0 0.0828125 0.390625 0.165625 0.1375
0 0.0484375 0.38203125 0.096875 0.1109375
0 0.17444683205240344 0.31830487922781797 0.11032468775644108 0.10867311151914842
0 0.09870007414373809 0.2868633027154584 0.145943852775469 0.10379416394474275
0 0.2839345785923624 0.2929066533145832 0.14275518577927465 0.10197657242947358
0 0.3192752179082278 0.1599029636160853 0.12375051779449713 0.09419602333785919
0 0.7638316201128557 0.301994095139113 0.2822580375661607 0.20057305334367825
1 0.68515625 0.08359375 0.2671875 0.1671875
2 0.9265625 0.109375 0.146875 0.21875
0 0.07734375 0.72734375 0.1546875 0.1265625
0 0.04140625 0.68203125 0.0828125 0.1078125
0 0.1257440296946763 0.6566974416553519 0.11775518577927464 0.09993584030732094
0 0.21358888098727064 0.734966220743087 0.13851335475263546 0.11253143515657005
0 0.29609375 0.58359375 0.2046875 0.0671875
0 0.16136585330694175 0.6075425934721231 0.10273768083635888 0.07535042848861018
0 0.09921875 0.596875 0.1984375 0.09375
0 0.06484375 0.5859375 0.1296875 0.071875
0 0.040625 0.9140625 0.08125 0.0875
0 0.49375 0.94140625 0.06875 0.1171875