3 0.27109375 0.1234375 0.2890625 0.246875
3 0.7737716794839421 0.41681524234700496 0.16061647642635143 0.1010274607105858
3 0.83359375 0.06015625 0.1953125 0.1203125
0 0.9116975568626977 0.2649895308078497 0.14335620181924558 0.0986644400324213
0 0.3301927299410082 0.6166997340748372 0.1599272717116218 0.11970468610347992
1 0.134375 0.9109375 0.26875 0.178125
3 0.5125 0.55390625 0.09375 0.0703125
0 0.7670699534718753 0.6278620200544827 0.1448459272121397 0.09717471463952716
0 0.98984375 0.63359375 0.0203125 0.0890625
2 0.8640625 0.9125 0.271875 0.175
3 0.93046875 0.82265625 0.1390625 0.2640625