1 0.096875 0.3546875 0.19375 0.359375
1 0.059375 0.1015625 0.11875 0.203125
0 0.11015625 0.059375 0.1359375 0.11875
3 0.0640625 0.559375 0.128125 0.11875
3 0.13125 0.57109375 0.2625 0.0953125
0 0.45 0.3140625 0.1375 0.2
3 0.7525781585607658 0.44197206070972533 0.21281920432948082 0.3258919800286352
3 0.91796875 0.24453125 0.1640625 0.4265625
1 0.95 0.5109375 0.1 0.215625
2 0.5921875 0.16875 0.146875 0.275
1 0.10625 0.77109375 0.2125 0.3046875
1 0.43359375 0.77109375 0.1703125 0.3046875
0 0.36119813787631044 0.7741038553866794 0.10250789734428026 0.16368178668045383