1 0.24921875 0.03828125 0.2203125 0.0765625
1 0.14453125 0.065625 0.2328125 0.13125
1 0.253125 0.29609375 0.2125 0.3828125
3 0.14067137910713176 0.21924646633153344 0.1262746839486221 0.2459306444174139
3 0.15390625 0.5921875 0.1734375 0.053125
2 0.25078125 0.528125 0.2171875 0.18125
1 0.90234375 0.05234375 0.1953125 0.1046875
0 0.96640625 0.05078125 0.0671875 0.1015625
1 0.92578125 0.09453125 0.1484375 0.1890625
1 0.9203125 0.45703125 0.159375 0.2703125
1 0.7958676438201772 0.4922582820973327 0.24046472970625654 0.24815674063022614
1 0.6578125 0.54375 0.178125 0.15
1 0.4765625 0.3796875 0.234375 0.271875
0 0.46875 0.13203125 0.21875 0.2640625