0 0.7881808200972639 0.4574759803238379 0.1627954065339754 0.08178998982323478
0 0.8632386321317572 0.5128462330373714 0.07562073821317554 0.050723696291098366
0 0.09885068465573782 0.21482381784239585 0.1569092795695046 0.08927494120271573
0 0.28635703101724663 0.04072565581117972 0.15174659057054055 0.04536116689245617
0 0.09237170636735956 0.3267096641789227 0.1600000463187276 0.12216932835784541
0 0.07077715032872228 0.448714138964152 0.10400260339082215 0.09117827792830405
0 0.2678340868464869 0.4629381705105008 0.17333480024766904 0.10728131275401331
0 0.22205286000585076 0.5174309187014785 0.1508048287837163 0.09207239258219672
0 0.34211064888098025 0.5182674796464694 0.10847177956950453 0.08673643939369331
0 0.4040776478475229 0.42643518373948386 0.13085620181924557 0.0988203595655099
0 0.5273247109154735 0.5794107767966503 0.1932834272121397 0.10053334577069997
0 0.3876436267550737 0.5588415699901024 0.09644266046291676 0.06272572930778501
0 0.3351029776646965 0.6020692695605611 0.19393839867609247 0.11459584577069996
0 0.27689237137839023 0.6239575576656305 0.18815927956950457 0.0909126843053107
0 0.1179540190210254 0.6249800678423958 0.14015842721213972 0.09774918249628843
0 0.10654994623316512 0.7147861962910984 0.13605312406898656 0.11000352103089917
0 0.20665695409104798 0.6888588613745322 0.19615587014004515 0.12874023292582973
0 0.22364755500067077 0.7357305393482649 0.09720463978475227 0.04562011646291495
0 0.16641940591029356 0.7787125774533342 0.08572348428423426 0.0668400192218769
0 0.4565991420565547 0.6505211369279872 0.10429370181924576 0.09742827792830404
0 0.39479265487683624 0.6956012635676674 0.13815927956950463 0.08829229534115868
0 0.565047342842343 0.6530872942095048 0.13496150496239884 0.08656602103089917
0 0.6322605756788352 0.77429058683713 0.11599318114108108 0.08089587516934209
0 0.1850472038861602 0.2918200870642727 0.10327485731976357 0.07555327792830413
0 0.2614044201783172 0.7766764439162491 0.15113016046291675 0.0655917797373263