3 0.5984375 0.1359375 0.096875 0.15625
3 0.6883702186806208 0.2258210109694092 0.26392263527271587 0.13076888347992952
3 0.8025744286386644 0.2111087249418925 0.26546182448483524 0.15108138347992953
0 0.743201273869424 0.31188748574166575 0.17137993776222676 0.12286212504240908
1 0.9359375 0.3046875 0.128125 0.203125
1 0.89140625 0.1640625 0.2171875 0.20625
1 0.4328125 0.61640625 0.234375 0.2359375
0 0.3515625 0.5375 0.165625 0.115625
2 0.7804574332120565 0.8614881816579818 0.2828161904615191 0.21558039309857618
0 0.95703125 0.759375 0.0859375 0.109375
0 0.6958447122563507 0.8039906509879426 0.14891294191141177 0.1142857332097769
3 0.8578125 0.728125 0.284375 0.23125