1 0.09140625 0.25703125 0.1828125 0.3328125
3 0.12045363271558066 0.44031379678043703 0.1775830779204517 0.24254651583511766
3 0.5368832021146157 0.3821265944188038 0.18285123051823948 0.18647837226160835
0 0.13046875 0.0359375 0.1171875 0.071875
0 0.8404503072274657 0.3895215572717852 0.07690914772652384 0.11155727711788863
1 0.9375 0.13359375 0.125 0.2671875
3 0.84765625 0.0828125 0.1921875 0.165625
2 0.92265625 0.38671875 0.1546875 0.2734375
1 0.11015625 0.8875 0.2203125 0.225
1 0.8859375 0.959375 0.228125 0.08125
2 0.86875 0.59140625 0.196875 0.0234375