0 0.15410922043674996 0.1842865530315331 0.13634656615858276 0.07743668249628843
0 0.07109375 0.4125 0.1421875 0.09375
1 0.940625 0.1453125 0.11875 0.171875
1 0.92890625 0.28125 0.1421875 0.14375
0 0.775 0.43828125 0.21875 0.0421875
0 0.8484375 0.42265625 0.159375 0.0734375
0 0.61796875 0.425 0.1265625 0.06875
2 0.7724643106976338 0.243501100747541 0.23852721057599666 0.18900934757972224
1 0.2578125 0.540625 0.303125 0.1625
1 0.2578125 0.7125 0.303125 0.234375
0 0.296875 0.87578125 0.225 0.1015625
2 0.10078125 0.94140625 0.2015625 0.1171875
3 0.4328125 0.5671875 0.046875 0.215625
0 0.42734375 0.67890625 0.0359375 0.0796875
1 0.5625 0.73359375 0.30625 0.1765625
0 0.43984375 0.87890625 0.0609375 0.1046875
2 0.77890625 0.89375 0.2546875 0.2125
2 0.90546875 0.91796875 0.1046875 0.1640625