1 0.9439476126613009 0.3992575903660546 0.11210477467739821 0.35875191567207604
2 0.866338490682822 0.6974059350055607 0.2000185405319101 0.20338114718563743
3 0.27143860129259434 0.07955942640718128 0.15850220258518866 0.15911885281436255
0 0.47065060037837325 0.8457487846243901 0.2401925543720745 0.2711902734657617
0 0.5791952708346088 0.8574381715690326 0.12689937551288216 0.20691639988706062
0 0.15673799760290413 0.7716258290662521 0.10713070357377186 0.18082433674699824
0 0.2532097965005903 0.6023382317959101 0.12556236859279987 0.17410389988706054
0 0.6362332717488298 0.07854092789906716 0.14612953657757738 0.15708185579813433
1 0.47579052026595503 0.08567364753857329 0.23595604053191016 0.17134729507714658
3 0.41492064034162973 0.24678763985782703 0.26608389231879614 0.2945213576525115
0 0.8528252055509382 0.13514115343552965 0.1129987015966055 0.17181335779368573
0 0.8172112880976332 0.5295505770707006 0.13321304250907665 0.20884292093374804