2 0.24506821174855226 0.24480947282980559 0.2281422324222075 0.2850890854824975
0 0.40859375 0.4734375 0.0921875 0.03125
0 0.08046875 0.42265625 0.1109375 0.1328125
2 0.7601004762214637 0.23751811370159887 0.25074497849326605 0.30237167386477964
3 0.8625 0.44296875 0.1625 0.0921875
3 0.51015625 0.18671875 0.0828125 0.2578125
0 0.18046875 0.9515625 0.0703125 0.096875
1 0.3703125 0.66015625 0.196875 0.3421875
3 0.82421875 0.59609375 0.1453125 0.2140625
3 0.6984650394988112 0.8390260271934163 0.20600605913900907 0.17753669461070398
2 0.5921875 0.9453125 0.21875 0.109375
1 0.6032146596388565 0.7126392807179013 0.22803522456432468 0.3162206863123343
1 0.50703125 0.846875 0.0765625 0.30625
0 0.92890625 0.8625 0.1421875 0.275