3 0.04765625 0.3109375 0.0953125 0.296875
3 0.096875 0.053125 0.19375 0.10625
1 0.19921875 0.14375 0.2390625 0.2875
3 0.28359375 0.8796875 0.1515625 0.240625
0 0.03359375 0.815625 0.0671875 0.196875
0 0.054552120607147356 0.6689966225843136 0.09989652372599629 0.11638368676785796
0 0.059930687299330467 0.5904405410633828 0.07505834980971962 0.0810536818249421
0 0.27049545558811927 0.6855951680591397 0.08478085969555131 0.128247016805914
0 0.20625 0.50859375 0.0875 0.0984375
1 0.6544911122041903 0.8091640247517604 0.25214340912471017 0.3690523834215476
2 0.9765625 0.8671875 0.046875 0.265625