3 0.05936951944901947 0.8130583672690243 0.11873903889803894 0.2794957945496865
1 0.1310166316165212 0.7804374437813839 0.20592460990419417 0.3668679909161442
2 0.4151282807574385 0.8661527057401776 0.16944712008095947 0.2051971672787225
1 0.6698389507021124 0.3996196836102663 0.18752209068231734 0.28290757909743347
1 0.8110681382867835 0.3320818840596099 0.19491851085413395 0.30529276212797163
0 0.8383620578927731 0.1081501764832646 0.13836089439121899 0.2057712521260319
1 0.5424829918593996 0.17275377891855723 0.2678580438708206 0.33147236697916016
2 0.413022384668739 0.4610346421046955 0.1701375961093842 0.426179346975281
3 0.28259682101021455 0.6638244154425548 0.23218613749381403 0.24454645182646945
0 0.635979607079119 0.3183695546723124 0.10753361827193722 0.15191292848861027
3 0.5126173501817141 0.29732321528307526 0.17824226594251655 0.2245848960668953