2 0.15145244237538308 0.7575864448936199 0.1595967370110612 0.2902595209055129
1 0.2588554338506711 0.46178185025411383 0.18089108441327345 0.34769258930724706
1 0.391480973217934 0.5094696503811708 0.1319547524323367 0.40571792093374803
1 0.5573255304388092 0.05864143970253525 0.15722393912238175 0.1172828794050705
0 0.7196033879872912 0.019064093747611165 0.0684966298696164 0.03812818749522233
1 0.8082070028459644 0.6904579849914433 0.12395924593951513 0.3053538998870605
0 0.9098240499238651 0.6814176429827731 0.0690148271096728 0.1086007262518894
1 0.6283131769541075 0.8468808321911983 0.14778648376465037 0.23962248407381007
0 0.5530580324739947 0.9105785821206108 0.1410261948044244 0.12059946828879475
3 0.3353523352339382 0.9529158134929979 0.14465002678536126 0.05993498407380997
0 0.4394631367760657 0.9351452135918201 0.0794614034085667 0.08111276308359265
1 0.3083289228903272 0.09808961852879095 0.1708421542193456 0.1961792370575819