0 0.2198522221795141 0.4235153710079671 0.17788433540139542 0.09093855172849494
0 0.15798028889147614 0.48642689647650317 0.08329310124083725 0.05388116943775678
0 0.8688917476542114 0.11650243685571997 0.17218063861970415 0.09856919530200421
0 0.9065552746415182 0.23142875488155093 0.17770937278026225 0.1330351235152496
0 0.9532474632513871 0.3569659639736087 0.09350507349722577 0.09670516693047429
0 0.7638482406168461 0.3871067903792168 0.189007505699983 0.11621133636823107
0 0.8261022221795141 0.4411554443775674 0.16771165990702777 0.1015578029821361
0 0.7020855679724697 0.4515808158477529 0.12050887797604233 0.09550637978345566
0 0.6107014612837508 0.36004052203681675 0.1447112024816745 0.10712584138279588
0 0.5266263820865417 0.5291194794795219 0.2088829631253363 0.11055236975432585
0 0.6655196372823218 0.4972964811288746 0.10302644703379293 0.06848923871722903
0 0.7330949033738652 0.5382457415537159 0.21153806956195353 0.12622283386094857
0 0.7998125098104826 0.5557802340318684 0.20343063861970415 0.0994784774344577
0 0.9444048359055985 0.5441931793338727 0.11119032818880292 0.10730769780928676
0 0.9638157536062962 0.6368580524534108 0.07236849278740749 0.1188529515702104
0 0.8914644142696284 0.6177012240027386 0.21408391535490914 0.14033079796757128
0 0.8879295048668041 0.6674966355229365 0.10327781930985225 0.04978470282385157
0 0.9554294532379792 0.7077555741610231 0.08914109352404154 0.07138691818411544
0 0.6194965791203345 0.5973132015037034 0.11636768119435104 0.10318248746358769
0 0.6972827255337088 0.6393392286215921 0.15175887797604232 0.09641566191590947
0 0.508815805235121 0.6089062678801817 0.14863387797604233 0.09632473370266403
0 0.47273582962453775 0.739619058788124 0.1293375747577336 0.08796666442319179
0 0.8008462240210996 0.2026241417911426 0.11494729282674854 0.08286998746358769
0 0.8591214438548253 0.7126583713371716 0.1626199683211163 0.07334187476889084