3 0.12421875 0.21875 0.1171875 0.240625
0 0.6953125 0.27734375 0.109375 0.1234375
0 0.63828125 0.3140625 0.0921875 0.05
0 0.6346697538966313 0.24350580145359793 0.09015483415618064 0.12018109604505725
0 0.73029268484243 0.15648141283389377 0.10000261284152785 0.14114915990702742
0 0.5625 0.0828125 0.1 0.165625
0 0.5903391788585063 0.20448686011978817 0.06326502583555574 0.10426116510280767
0 0.54453125 0.25234375 0.1171875 0.1734375
0 0.52421875 0.2875 0.0890625 0.103125
0 0.49168477973218694 0.15366704131413922 0.09934799620027786 0.11302415990702759
0 0.4454442529467008 0.23021846965849865 0.0908458183886113 0.14986859604505726
0 0.48359375 0.05546875 0.0890625 0.1109375
0 0.3546875 0.02890625 0.084375 0.0578125
0 0.87890625 0.3203125 0.0765625 0.0375
0 0.825 0.93125 0.084375 0.1375
0 0.5368141353555202 0.8013618601197882 0.12976415444465292 0.2134283514929388
0 0.97578125 0.82890625 0.0484375 0.1828125