1 0.3234375 0.2765625 0.128125 0.165625
0 0.17400744628431114 0.1374489791650741 0.08499215186945541 0.09517526308359248
2 0.20390625 0.0921875 0.2046875 0.184375
1 0.8265625 0.1234375 0.2375 0.246875
0 0.8602676068531216 0.49103192156903247 0.10975719875988901 0.19617632096198276
0 0.896875 0.41953125 0.1375 0.1203125
0 0.6841581605920324 0.6833390608621621 0.10364890871793264 0.17715330517696729
0 0.6153508062377104 0.7901420686840828 0.0914323286340201 0.13910727360693614
0 0.6056761178507838 0.5796217976373953 0.07594903859206373 0.1195382262518895
0 0.5046875 0.7484375 0.03125 0.165625
2 0.93046875 0.77265625 0.1390625 0.2796875