0 0.0234375 0.48828125 0.046875 0.1421875
0 0.06490030868574266 0.5031695737843138 0.0847578595655099 0.12929068511654265
2 0.0890625 0.10390625 0.178125 0.2078125
3 0.6400817723896954 0.33079108757931197 0.1431103493887445 0.29041172359113004
2 0.67578125 0.17265625 0.1890625 0.3453125
0 0.6935099875639865 0.39754951244423575 0.11583079715018094 0.18652283175849824
3 0.06875 0.721875 0.1375 0.14375
0 0.565625 0.71640625 0.1125 0.1328125
0 0.53359375 0.7796875 0.0484375 0.13125
0 0.5421875 0.94453125 0.065625 0.1109375
0 0.97421875 0.94296875 0.0515625 0.1140625