3 0.2275838469260863 0.6754194160250119 0.11077969028743925 0.215472352532014
0 0.021773082278102908 0.8683558868740551 0.043546164556205816 0.11953822625188977
2 0.7565439212201234 0.6695686323182551 0.17600753668479996 0.3128625629988878
0 0.44153033815059767 0.5865257030684764 0.13353522868809903 0.1933999314570917
0 0.5814686795333935 0.44110824530302556 0.1532854390337981 0.22886699459715382
0 0.6467229211536164 0.2087892979903312 0.12499530298213628 0.16794490514873237
0 0.7909131903539462 0.21209006128568514 0.09985891066226812 0.16180132096198277
1 0.38155622538939377 0.08827500277201025 0.18376254922121243 0.1765500055440205
1 0.4759367112036288 0.11757609492185479 0.18875157759274241 0.23515218984370959
0 0.16740383102446166 0.3848923975385733 0.09415447994174028 0.18018729991529536
0 0.1180199449727998 0.4470430580195647 0.09806909012915473 0.15389781570031094