0 0.18561727089847174 0.579738132124479 0.1691149823325695 0.08670383225631965
0 0.11101796761183984 0.5307207102967361 0.07772626291777782 0.051782011967847194
0 0.8905917923656244 0.7522897457285062 0.16460932028847247 0.09440722948277784
0 0.6907333434680547 0.9521481946260758 0.15723192496187507 0.045824259118055724
0 0.9019312954997563 0.6341209739770131 0.16857077488562525 0.13041746466513898
0 0.9314941217721524 0.5045964749269436 0.11468205547083343 0.09636846656500016
0 0.7251168352030204 0.5148657469627771 0.17907186379145834 0.11192203780340293
0 0.7742096050546523 0.4520377854317702 0.15835932028847247 0.09426175911805572
0 0.6505357157119788 0.4650670751350342 0.11453658510611113 0.09011846656500015
0 0.5825468222852426 0.5681570139646175 0.13514002583555573 0.10309124525034737
0 0.46022049344739546 0.42264710505465236 0.19916615824437506 0.10301981648875018
0 0.6037704716959024 0.4278950366660411 0.09992857123840296 0.06635365824437507
0 0.6603848008180899 0.3773852371791314 0.20109233415618064 0.11868118407993063
0 0.7211774836637497 0.34864133491867993 0.1958593202884721 0.095134581306389
0 0.8856218433711455 0.32841648784472144 0.1460411582443754 0.10178331838861121
0 0.9026476488419789 0.23432099572850618 0.1447695989738193 0.11424695079743072
0 0.7955793780404165 0.27195024192878403 0.20298214247680554 0.1327800516711113
0 0.7810272219802428 0.2262201678405896 0.10105466014423606 0.04764002583555564
0 0.8415659848980207 0.17483819937572848 0.08746493882958326 0.06762521751493064
0 0.5362939905976039 0.3412321444735759 0.1085047906531944 0.09934799620027786
0 0.6015748049021525 0.2873973232351731 0.1426979526972918 0.09233558320625015
0 0.42363033643729137 0.35088186103857605 0.14109908510611113 0.09073671561506957
0 0.3592067733670137 0.23369566745933995 0.12220361474138892 0.08405030452090292
0 0.8039834515599299 0.6824695146302077 0.1079956443766669 0.07747299620027785
0 0.7420926617597569 0.18808504141569382 0.15621493882958343 0.06922539152687515