0 0.8427281255057452 0.40468784739045693 0.16459326805616747 0.11218328453190321
0 0.9445832913849943 0.3562204222452318 0.09228175843752062 0.09633565260503385
0 0.6544568323066524 0.12673185959156597 0.16037699400955016 0.08078773531769161
0 0.4766418563532694 0.08714916707794529 0.10201885698624161 0.06247007485477489
0 0.059799063617512846 0.6978424946233165 0.11959812723502569 0.10193498924663302
0 0.14170874021171714 0.670177721049668 0.1252033858421822 0.1009889193542568
3 0.4809845497376967 0.5678191242738744 0.3252232332097771 0.15554379445670072
1 0.5643402306778883 0.37685383002206135 0.26975697241000385 0.22003863399378404
0 0.7048461795894292 0.4092211819651415 0.10752481252120454 0.08612589867609248
3 0.0817336057202973 0.1916117653014809 0.15098712504240902 0.16926803846084476
2 0.13810013449141983 0.48220468610347994 0.22998514427970268 0.1979067688161376
0 0.49332580391404796 0.6849895076484859 0.2052182680561673 0.11407542431665565