2 0.39765625 0.140625 0.1640625 0.24375
1 0.04609375 0.32734375 0.0921875 0.3734375
1 0.23710166212005584 0.326341944181377 0.22290676881613755 0.22962061850068452
1 0.1046875 0.44140625 0.209375 0.1765625
3 0.3046875 0.48984375 0.128125 0.0796875
0 0.6002715961566211 0.4321793848645276 0.16483740363849114 0.18892141066226814
3 0.7546875 0.41484375 0.309375 0.2296875
2 0.88515625 0.39296875 0.2296875 0.2734375
3 0.08828125 0.940625 0.1546875 0.11875
1 0.8140625 0.96796875 0.25 0.0640625
2 0.94765625 0.928125 0.1046875 0.14375