1 0.22512608624347297 0.8626147087086439 0.28503353590354186 0.2508809514591814
1 0.37673987157833394 0.685208991277423 0.3321981702122224 0.19986382573423497
1 0.5657425945085073 0.39931534500704496 0.3933915497712501 0.28248799420042997
0 0.9223731477951393 0.3214206850397125 0.11446384992375017 0.09289974025173767
0 0.8805986494106598 0.07336261595346204 0.11497299620027804 0.11477474025173773
0 0.8263456008736807 0.02981109625644483 0.1745662017473612 0.05962219251288966
0 0.1784724517473612 0.1023050933566598 0.16479115824437507 0.1107510136969545
0 0.2428103215227433 0.24378127572030187 0.18891964247680565 0.14221450124939983
0 0.314616505602674 0.4371276114032918 0.14742182028847228 0.1016361228251613
2 0.8461158530578821 0.4471795468672116 0.30776829388423577 0.2365350315430938
3 0.4216815103523267 0.29596796990679863 0.29477221181534735 0.26721634648015946