2 0.25078125 0.09765625 0.3578125 0.1953125
1 0.253125 0.2828125 0.353125 0.1125
0 0.5492913623654925 0.18256593117474296 0.188938131037097 0.11395462613895013
0 0.60859375 0.03984375 0.3046875 0.0796875
0 0.84296875 0.04140625 0.3140625 0.0828125
1 0.55078125 0.29609375 0.2421875 0.0859375
1 0.10703125 0.39765625 0.2140625 0.1171875
3 0.04765625 0.55390625 0.0953125 0.1234375
0 0.35193062905853995 0.8117444679358587 0.10972199247815269 0.07190436305535748
2 0.32890625 0.9125 0.2015625 0.175
2 0.4796875 0.85625 0.1 0.2125