0 0.11349041669684068 0.33141326883937444 0.16853440729444458 0.1346465577372161
0 0.5296875 0.04921875 0.059375 0.0984375
0 0.95625 0.14921875 0.0875 0.1453125
0 0.98203125 0.215625 0.0359375 0.125
0 0.9258826203440629 0.19435580069175423 0.12899912860909737 0.11205892619541977
0 0.8732277861878822 0.08320546906525342 0.15120143692972227 0.12739549985882564
0 0.7254832300514588 0.2224562268165869 0.2139560100679862 0.14197321032569973
0 0.8727037221676742 0.22874548221943308 0.10963087955902787 0.08440436305535748
0 0.90625 0.284375 0.1875 0.159375
0 0.9375 0.31875 0.125 0.13125
0 0.96640625 0.4015625 0.0671875 0.171875
0 0.98359375 0.4484375 0.0328125 0.06875
0 0.7893658517267019 0.3118302689805489 0.12296733415618064 0.12106990514873246
0 0.8478699891695145 0.37178982692952633 0.15726959897381948 0.11994702090551304
0 0.6762657864722227 0.292601397820922 0.15410823138263902 0.11820251038216938
0 0.590548451650452 0.40789944510538145 0.1336138934267362 0.10920694198043535
0 0.94609375 0.484375 0.1078125 0.1