1 0.2765625 0.4234375 0.184375 0.271875
1 0.1875 0.10625 0.140625 0.2125
1 0.34140625 0.0734375 0.0546875 0.146875
2 0.41640625 0.46328125 0.0953125 0.1921875
3 0.6274434514591813 0.24545931527678794 0.18518601909553922 0.3499075366905286
2 0.7391272352773604 0.28229843359381734 0.1259275730349426 0.24534186305535757
1 0.89140625 0.08984375 0.1140625 0.1796875
2 0.79296875 0.0078125 0.0953125 0.015625
2 0.7380061336223307 0.47279463097709884 0.16486982863401992 0.14338452090551304
3 0.8958051329976306 0.3894269360834789 0.15968726639624684 0.2597529735504665
0 0.8326180487645333 0.35619023087827684 0.06302206348717299 0.07211719468185844
3 0.96953125 0.240625 0.0609375 0.1875
0 0.01796875 0.93515625 0.0359375 0.1296875
1 0.07421875 0.9328125 0.1484375 0.134375
3 0.94296875 0.684375 0.1140625 0.25