3 0.95390625 0.17578125 0.0921875 0.2390625
3 0.9 0.309375 0.2 0.403125
3 0.76640625 0.0796875 0.2609375 0.159375
0 0.6168948010036411 0.12436565704432549 0.11964784500534212 0.21321224025173766
2 0.92890625 0.06328125 0.1421875 0.1265625
0 0.375 0.56953125 0.115625 0.0609375
3 0.06484375 0.8796875 0.1296875 0.240625
0 0.91875 0.975 0.140625 0.05
0 0.6011011646133048 0.648810472606091 0.11490578130301125 0.21129454274124865
0 0.7067658328548065 0.7467725306946793 0.1298760168750409 0.19372853444287888
3 0.6609375 0.63984375 0.159375 0.2015625