0 0.23071575233769104 0.4386747404330885 0.16612496974937896 0.09075669530200411
0 0.1678072070599554 0.5045785367513071 0.07686248184962738 0.05379024122451135
0 0.8725567769309712 0.09181852850454393 0.161482921544777 0.09843280298213615
0 0.899769237605164 0.20276438869195834 0.1569863190854491 0.13110891066226812
0 0.9465584000747548 0.32095444754658925 0.09115224082661796 0.09326191818411553
0 0.7584953186926656 0.36393287239462235 0.1772079154946528 0.11607494404836291
0 0.8173708698241338 0.4106654683962718 0.1552420119038566 0.09981344655564542
0 0.6955867734149299 0.4298366687128409 0.11302724082661779 0.09389841567683307
0 0.6115066892041703 0.34867524841715436 0.13496587334017515 0.10547241316955062
0 0.5234214028052293 0.5192354524946472 0.19591246369925486 0.10880801332783516
0 0.6591407341873184 0.4777800752184739 0.09725679508134384 0.06844377461060631
0 0.7218498124461497 0.5118990109535666 0.19912836729005096 0.12452394154108042
0 0.7867753756778662 0.5240747505287254 0.192732921544777 0.0993420851145899
0 0.9373237797596417 0.500110750133014 0.12535244048071661 0.10529055674305994
0 0.9547567194547912 0.5894543949601645 0.09048656109041744 0.11522784639736088
0 0.8722634237842722 0.5786282067177894 0.20076359016268802 0.13706940564770315
0 0.8655139749157403 0.6272702951975914 0.09715680113146803 0.05125627461060631
0 0.9329060079950319 0.6604715886128161 0.08789997579950323 0.0712959899708702
0 0.6104992219888741 0.5784309445770883 0.10682269262201594 0.10152905925034225
0 0.6841548906067849 0.6137941315658224 0.14115224082661798 0.09471676959604132
0 0.5012151255796703 0.5972384320406761 0.1395897408266178 0.0946713054894186
0 0.4613400802037388 0.7273267488128659 0.12079428903121983 0.08631323620994635
0 0.80275333703943 0.1813644133025646 0.1082579275949012 0.07969952335696502
0 0.8368668001495095 0.6726426311701109 0.15196247579950323 0.07316001834239998