0 0.24073937010264693 0.88515625 0.2329094336130419 0.125
1 0.14197522706762586 0.6640625 0.2839504541352517 0.1828125
1 0.16665776358509718 0.446875 0.33331552717019436 0.2265625
0 0.7932438663776693 0.5015625 0.16934384108157463 0.1109375
0 0.877369490028023 0.54609375 0.17090634108157454 0.1109375
0 0.4675963614032918 0.30390625 0.18894594606059661 0.1015625
0 0.3923334844289458 0.44140625 0.1348504419114116 0.109375
0 0.2711796122284844 0.49375 0.1376202444009226 0.1046875
0 0.2404577954173191 0.74453125 0.15987375269929238 0.0890625
1 0.3677883833986161 0.15703125 0.39496099295103015 0.2015625
0 0.7980319904522304 0.1703125 0.16288035352912936 0.0875
1 0.5951857972914188 0.465625 0.3037924639067359 0.25625