0 0.8758974838927308 0.37053986055666555 0.17574540944452863 0.1434355161170366
3 0.83125 0.0234375 0.3375 0.046875
1 0.7515625 0.1265625 0.284375 0.253125
3 0.23157933645025475 0.7320850788882399 0.14330561416679294 0.20462729434509228
2 0.3859375 0.9484375 0.265625 0.103125
0 0.021875 0.80625 0.04375 0.08125
2 0.46875 0.86328125 0.28125 0.1796875
0 0.23671875 0.56796875 0.1328125 0.0578125
2 0.94453125 0.85078125 0.1109375 0.2796875
2 0.7375 0.965625 0.25625 0.06875
2 0.7640625 0.88125 0.309375 0.18125