1 0.47734375 0.14296875 0.1046875 0.2859375
3 0.43984375 0.4515625 0.1484375 0.234375
0 0.15078125 0.51015625 0.1015625 0.1171875
1 0.8787982566836355 0.13209152066260743 0.1607215133672712 0.2601130845145814
2 0.70234375 0.11015625 0.1890625 0.2203125
1 0.97578125 0.33359375 0.0484375 0.3171875
1 0.57578125 0.24609375 0.0921875 0.2953125
1 0.6140625 0.0625 0.115625 0.125
3 0.96796875 0.13203125 0.0640625 0.2265625
1 0.60546875 0.49765625 0.1515625 0.1421875
1 0.46640625 0.75078125 0.1265625 0.3640625
0 0.21171875 0.90234375 0.1140625 0.1953125
3 0.1078125 0.9609375 0.103125 0.078125
1 0.6078125 0.94765625 0.153125 0.1046875