0 0.04765625 0.46796875 0.0953125 0.0421875
3 0.3676794092370823 0.27048595231604206 0.22829853166842556 0.20334712480937506
0 0.4083419483983784 0.4055337527528824 0.08484247464666658 0.1142456443766667
0 0.328125 0.4453125 0.109375 0.0875
1 0.26953125 0.115625 0.2578125 0.23125
1 0.49140625 0.1375 0.2765625 0.275
0 0.91796875 0.253125 0.1640625 0.340625
0 0.93203125 0.409375 0.1359375 0.159375
3 0.17027602040587836 0.697354963999549 0.2272431710652773 0.2625766544446531
3 0.3655973737989801 0.782206008736806 0.24280938246962905 0.280091462765278
2 0.57421875 0.88046875 0.1703125 0.2390625
0 0.31544013185749853 0.8683604078631255 0.17396234618305506 0.22391289152687505
3 0.26640625 0.94296875 0.1953125 0.1140625
1 0.75703125 0.57890625 0.1953125 0.1796875
0 0.68828125 0.9578125 0.0578125 0.084375
3 0.7640625 0.89765625 0.209375 0.2046875