0 0.46953125 0.65859375 0.090625 0.146875
3 0.30546875 0.775 0.1578125 0.265625
2 0.2265625 0.64375 0.1671875 0.19375
1 0.7609375 0.91171875 0.146875 0.1765625
3 0.9453125 0.715625 0.059375 0.1859375
3 0.990625 0.1875 0.01875 0.228125
0 0.73359375 0.34296875 0.0453125 0.1171875
0 0.7390625 0.67109375 0.0765625 0.140625
0 0.62109375 0.7125 0.09375 0.15625
0 0.49765625 0.48828125 0.0890625 0.15625
1 0.1265625 0.25703125 0.128125 0.19375
1 0.16875 0.1015625 0.1671875 0.203125
3 0.2109375 0.32265625 0.075 0.196875
0 0.1734375 0.8671875 0.0875 0.2171875