3 0.4001059956257378 0.27533834503026694 0.2591972223568522 0.28288796805592076
0 0.05234375 0.05234375 0.0859375 0.1046875
0 0.81328125 0.39609375 0.1046875 0.1453125
0 0.8859375 0.45390625 0.0625 0.0296875
0 0.69453125 0.04453125 0.1171875 0.0890625
0 0.878729766843095 0.11329139876917775 0.1255915434976597 0.21512993776222694
0 0.82578125 0.01171875 0.0765625 0.0234375
0 0.93359375 0.0421875 0.1109375 0.084375
0 0.953125 0.1375 0.09375 0.153125
2 0.4140625 0.8703125 0.271875 0.259375
3 0.3078125 0.959375 0.15625 0.08125
0 0.20560657912383498 0.8781449589323584 0.12390170950527093 0.2118865385920639
2 0.62734375 0.565625 0.0546875 0.184375
0 0.7377970662350727 0.8070432439999372 0.12610619665368966 0.1513042361025528