2 0.8033056804380465 0.1250349415418614 0.20901363912390708 0.24174311416679295
1 0.8788798447845494 0.28491445647078023 0.1962401235365668 0.34943743949875794
0 0.8775080049436784 0.11452468841860344 0.09086493664223241 0.13797269867214013
0 0.663740435885928 0.0867077188656162 0.17251912822814397 0.1665613069852006
1 0.7154775345288753 0.017449179638004724 0.1252949309422494 0.0272806383672898
1 0.3675920555640972 0.08576634582002864 0.2804408888718056 0.16875104176169425
1 0.16118388241551784 0.16506698467829775 0.252435857192922 0.23731014422102228
0 0.4513282811746806 0.21833847218526586 0.1477705005042031 0.1476749515990064
0 0.2576279216359701 0.36180160499341085 0.31887994804219905 0.36108398750696813
1 0.1527811565528329 0.4970255118056608 0.3055623131056658 0.5721760236113216
1 0.10604899614160221 0.8493460150271147 0.21209799228320442 0.30130796994577064
0 0.7319566602360037 0.5865264325648709 0.12360102698730664 0.11473518657189175
0 0.01314522016270175 0.45717669574527386 0.0262904403254035 0.23622839149054772
2 0.4017103294493107 0.10081462889932002 0.25907934110137865 0.19830218637549996