0 0.40861365463890476 0.08684474850218793 0.12964769072219048 0.12426616061076282
2 0.2203125 0.365625 0.21875 0.1875
2 0.58046875 0.18515625 0.0390625 0.2546875
0 0.7695511546389048 0.09465724850218793 0.1296476907221905 0.12426616061076282
2 0.9609375 0.19296875 0.078125 0.2546875
0 0.0640625 0.53046875 0.103125 0.1421875
0 0.13671875 0.47578125 0.0609375 0.0328125
0 0.04609375 0.9703125 0.0921875 0.059375
0 0.14241572129390692 0.8294306033533765 0.12265754448624282 0.22024834030732113
0 0.09375 0.95703125 0.075 0.0859375
0 0.12734375 0.96484375 0.1390625 0.0703125
0 0.20262636802414616 0.9291912294163925 0.11252385771838505 0.12442565727678297
0 0.2375 0.96484375 0.10625 0.0703125
0 0.2269008092406284 0.8143793013868242 0.10448586463846717 0.15647288273097573
0 0.36605615114168255 0.7849783280586633 0.09584569368794008 0.1355226539428031
1 0.91015625 0.88046875 0.1796875 0.2390625
3 0.784375 0.86796875 0.246875 0.2640625
0 0.7748580785551813 0.4980060337988409 0.07215884288963732 0.05105205909355408