0 0.51328125 0.190625 0.1734375 0.090625
1 0.04453125 0.09140625 0.0890625 0.1796875
3 0.15371937675802072 0.07623707158505018 0.10683178298109555 0.10805114357108563
0 0.6359375 0.246875 0.071875 0.1125
2 0.9453125 0.31640625 0.109375 0.0859375
2 0.5359375 0.58828125 0.128125 0.1203125
2 0.12379500654110354 0.5494037296782828 0.22302038524403187 0.21368768216314935
2 0.28203125 0.91015625 0.2265625 0.1796875
3 0.90078125 0.48203125 0.1984375 0.1109375
1 0.822718319871016 0.6294114610069509 0.18561128883482797 0.22647110207923687
0 0.670043292645457 0.5404645923309745 0.10654089149054773 0.05805114357108563
1 0.71484375 0.4296875 0.1921875 0.140625