1 0.68359375 0.42578125 0.1328125 0.2484375
0 0.6340455377424099 0.6620422629259434 0.06279210064862326 0.10873301285158128
1 0.525 0.959375 0.171875 0.08125
0 0.01953125 0.88671875 0.0390625 0.1390625
0 0.15313823132901838 0.7962435776037792 0.1142375982129911 0.19358285672980183
3 0.2431495767026357 0.764780013383054 0.11614674593951495 0.3029578567298018
3 0.03671875 0.7984375 0.0734375 0.1875
1 0.5443126562479405 0.7989109101504742 0.13470583116686258 0.29278436068413444
2 0.159375 0.62265625 0.190625 0.1453125
0 0.81796875 0.60078125 0.0890625 0.1015625
0 0.8508938928552598 0.7900757851318838 0.13615923701106106 0.28659802768032894