1 0.4734375 0.06640625 0.246875 0.1328125
1 0.91328125 0.3625 0.1734375 0.234375
0 0.8444620199917526 0.17628718482337585 0.21154055674305994 0.12933401775758915
2 0.15973899366528688 0.7429257598607533 0.30434783386094855 0.20486125858420703
0 0.23984375 0.5296875 0.1421875 0.1
0 0.1359375 0.990625 0.20625 0.01875
1 0.253125 0.65234375 0.19375 0.2171875
3 0.14621135424841275 0.8688070038106289 0.28479620031656905 0.12351126463433122
1 0.52410405588513 0.6792597322424109 0.3447909774344578 0.198847607920277
1 0.9140625 0.92421875 0.171875 0.1515625
1 0.85703125 0.65859375 0.2859375 0.1984375
2 0.5015625 0.546875 0.303125 0.134375
0 0.50234375 0.96015625 0.3046875 0.0796875