2 0.22578125 0.13125 0.4515625 0.2625
3 0.3515625 0.3078125 0.234375 0.14375
0 0.0625 0.49375 0.125 0.11875
0 0.15090240720503348 0.24977908728518403 0.1710488190854491 0.12854426535645347
2 0.4234375 0.50625 0.090625 0.20625
2 0.04375 0.18984375 0.0875 0.2109375
0 0.54453125 0.221875 0.1515625 0.109375
0 0.51640625 0.040625 0.0953125 0.08125
0 0.50078125 0.3671875 0.0640625 0.115625
0 0.815625 0.58203125 0.125 0.0546875
1 0.85390625 0.29140625 0.2921875 0.2984375
3 0.7234375 0.08046875 0.28125 0.1609375
0 0.503125 0.27890625 0.06875 0.1328125
2 0.19296875 0.92578125 0.3859375 0.1484375
0 0.42734375 0.778125 0.0828125 0.134375
1 0.55390625 0.78125 0.1703125 0.228125
3 0.6625 0.87265625 0.3875 0.2328125