2 0.06015625 0.45 0.1203125 0.3375
2 0.45703125 0.525 0.1859375 0.1875
0 0.3993504687123176 0.2341650607961482 0.1043976156156063 0.18717897642635145
3 0.38046875 0.11796875 0.1234375 0.2359375
1 0.203125 0.15 0.26875 0.3
0 0.1083999740445766 0.320175451200073 0.06160389988706054 0.12129711124870504
0 0.18004600284259742 0.16023321691583875 0.08768055247554418 0.16770123035529289
0 0.8597034107633401 0.11833023738911538 0.10882751038216938 0.1562200748547749
0 0.6456508031108287 0.38229649979511215 0.08667949459715381 0.1505137303552928
3 0.61796875 0.49921875 0.1359375 0.2390625
3 0.4578125 0.89765625 0.178125 0.2046875
3 0.39921875 0.7828125 0.1828125 0.328125
3 0.17734375 0.9578125 0.2234375 0.084375
0 0.0625 0.915625 0.09375 0.16875
1 0.8578125 0.8796875 0.23125 0.240625
3 0.97734375 0.78828125 0.0453125 0.3390625
3 0.615625 0.93984375 0.13125 0.1203125