2 0.09765625 0.28671875 0.0828125 0.0859375
0 0.1976240516643184 0.10885077558457734 0.1420961020792369 0.19483375212603188
0 0.9263036520931699 0.20480177800047333 0.08340634108157445 0.11705969636645772
3 0.97265625 0.16484375 0.0546875 0.3296875
3 0.821875 0.2875 0.125 0.084375
1 0.7078125 0.16484375 0.209375 0.3296875
0 0.6303875008484144 0.23131544907221774 0.09465241701630234 0.16300992515463034
0 0.5625 0.2671875 0.09375 0.125
3 0.74921875 0.0390625 0.1828125 0.078125
3 0.5265625 0.0625 0.109375 0.125
0 0.32578125 0.959375 0.0828125 0.08125
2 0.0546875 0.95703125 0.109375 0.0859375
1 0.09140625 0.4078125 0.1828125 0.15625
1 0.9625 0.68828125 0.075 0.3359375
0 0.6240638780232534 0.8161362145341691 0.08399833693238978 0.12487219636645772
0 0.8036903332074121 0.6969244736180249 0.1789826406713006 0.3127545757634536
0 0.6570493637015989 0.5563946816534122 0.08679145020978138 0.10025483363936125
1 0.62734375 0.42734375 0.2359375 0.1953125
2 0.9125 0.47109375 0.175 0.2828125