3 0.47421875 0.0421875 0.2515625 0.084375
0 0.4792435890148923 0.08710005468285704 0.14491568511654265 0.08640647881213823
3 0.115625 0.43046875 0.23125 0.2703125
3 0.6328125 0.06171875 0.065625 0.1140625
3 0.11015625 0.67890625 0.2203125 0.1578125
3 0.18515625 0.66328125 0.0953125 0.1265625
0 0.23827139255042215 0.731801549774121 0.1330704495445131 0.1044284367187636
2 0.42890625 0.83046875 0.3421875 0.3390625
1 0.11015625 0.971875 0.2046875 0.05625
1 0.0625 0.9375 0.1125 0.125
1 0.85546875 0.65390625 0.2890625 0.1078125
3 0.7125 0.671875 0.225 0.14375