1 0.3167503323446099 0.8823343154750448 0.23972304420664745 0.2353313690499103
2 0.1533112726320492 0.6718789530794803 0.14087636724704344 0.22891286167271757
2 0.08589790716570712 0.5352610207602467 0.17179581433141425 0.2585022025851888
0 0.896416414951917 0.6974651097699134 0.12221729546028896 0.23127385771838505
0 0.6767918882297399 0.6110806463103098 0.13908654671392995 0.2210366946765232
3 0.5770934166012699 0.5428797915576744 0.18351850831327035 0.2462568705699663
0 0.6011133089876448 0.9939369782883511 0.09167067445232177 0.012126043423297617
3 0.7418117637900535 0.15068165718472476 0.10638169530200425 0.16976335475263546
1 0.5784706778175339 0.17296653958050803 0.20243364436493216 0.3063322075281045
1 0.42039347255290693 0.7132665929268184 0.20290500580598766 0.26889587452429886
1 0.5612996173800575 0.7362159560824109 0.2609113855894435 0.3851867193911026