3 0.3921875 0.225 0.034375 0.346875
0 0.20904831036367338 0.14335393656861822 0.14529287967363835 0.23327724672063965
0 0.5802399165920951 0.15370493837764057 0.08887601369695446 0.16651247060135782
0 0.5242751817389422 0.09127353742770088 0.05412066016782511 0.0775385018090223
0 0.56953125 0.6453125 0.1140625 0.109375
0 0.5140625 0.6796875 0.1 0.040625
0 0.5147842118089215 0.6170204879026707 0.09254454274124875 0.11223440637700648
0 0.6097666703170728 0.5342279200602749 0.105139631123531 0.13468261646291496
0 0.45859375 0.44375 0.0984375 0.196875
0 0.47477544106299713 0.5802098846687389 0.06804145020978147 0.09694359905006031
0 0.45078125 0.62109375 0.0828125 0.1578125
0 0.4328125 0.6546875 0.046875 0.090625
0 0.42109375 0.5296875 0.0234375 0.109375
0 0.74453125 0.68515625 0.0796875 0.0296875
1 0.35625 0.85 0.10625 0.3
3 0.0984375 0.8875 0.196875 0.225
1 0.2359375 0.85 0.2 0.3
3 0.5109375 0.85 0.203125 0.3