1 0.17576346941445284 0.536901617829457 0.2790809484924896 0.2199467643410859
1 0.5133102353354462 0.8333320226744174 0.31540134364130096 0.15077526218161771
0 0.9350516359200235 0.5624073419250623 0.12989672815995307 0.0853739003691402
0 0.759421121231224 0.46180297193613695 0.17560552000387925 0.11383886181247735
0 0.32734258955841505 0.325356441242155 0.1594703369733413 0.10658756631598418
3 0.6192439497004376 0.062390120298079776 0.15471893515657004 0.12478024059615955
0 0.10878468182259016 0.1108292735972681 0.14123052000387934 0.1116360117201923
1 0.6708682885099466 0.6276863926633428 0.2891892721299113 0.24857241208933267
0 0.7960603807741217 0.3911307240956053 0.16910042848861018 0.11031334361388004
2 0.9114954804551626 0.0612159932170532 0.17700903908967475 0.1224319864341064
1 0.841148837601561 0.6356224013012162 0.21696358576539332 0.22062908235511305