0 0.5139535696829791 0.2897879022704407 0.1015711162111037 0.1415973493799445
0 0.5931123767550737 0.255565345007045 0.14198640860089 0.273889631123531
3 0.836748906738863 0.16732702612128722 0.09027405128112634 0.19990675684847722
3 0.8265625 0.0296875 0.10625 0.059375
0 0.65078125 0.03125 0.1046875 0.0625
1 0.18232904218038914 0.7902973877482936 0.19932371960192585 0.23463879958972597
3 0.38203125 0.6703125 0.0953125 0.28125
3 0.39140625 0.58359375 0.0765625 0.1078125
0 0.09140625 0.5671875 0.1453125 0.075
0 0.04765625 0.5625 0.0953125 0.065625
0 0.078125 0.6125 0.10625 0.165625
0 0.03671875 0.671875 0.0734375 0.1125
0 0.1984375 0.56953125 0.08125 0.0796875
0 0.2473268418088857 0.6371947759207945 0.12065075599585598 0.1835247402517378
0 0.32109375 0.5484375 0.0984375 0.0375
0 0.4859375 0.60390625 0.1125 0.1484375
1 0.72734375 0.57578125 0.2609375 0.0921875