0 0.40625 0.27890625 0.140625 0.2609375
0 0.878125 0.059375 0.10625 0.11875
0 0.76328125 0.0625 0.1390625 0.125
0 0.63828125 0.0421875 0.0984375 0.084375
0 0.6680853469951751 0.22380215398316755 0.1266012305182393 0.18556053248413756
0 0.62265625 0.18203125 0.0671875 0.1609375
0 0.63359375 0.30078125 0.0890625 0.1203125
0 0.73515625 0.346875 0.1140625 0.125
0 0.61171875 0.35 0.0453125 0.103125
0 0.8202324537328781 0.12839542866275686 0.08628414772652385 0.11232143992586621
0 0.56484375 0.58671875 0.0484375 0.1953125
2 0.33683276176453225 0.8091717135091472 0.20299218100470676 0.26786709019601884
3 0.38828125 0.94375 0.1859375 0.1125
0 0.22734375 0.93828125 0.0828125 0.1234375
2 0.0984375 0.81875 0.196875 0.275
2 0.1866378928519646 0.8375000662342196 0.1669262215897856 0.16979168874473985
0 0.97890625 0.66640625 0.0421875 0.1359375
3 0.8346935633066599 0.7924107994439966 0.18594104869945838 0.27507938947037935