3 0.3078125 0.06484375 0.203125 0.1296875
3 0.24843202657545876 0.1627231669755574 0.25843176002545326 0.19644844718226045
1 0.52890625 0.2890625 0.2390625 0.215625
0 0.7466518979153676 0.1937722372164922 0.10903064934754489 0.10845239546082901
0 0.46328125 0.171875 0.1078125 0.10625
0 0.10703125 0.94296875 0.2046875 0.1140625
1 0.28671875 0.57890625 0.2453125 0.1796875
0 0.96171875 0.63671875 0.0765625 0.1296875
3 0.4859375 0.55625 0.153125 0.134375
0 0.7015625 0.49921875 0.159375 0.0203125
0 0.8765625 0.97890625 0.175 0.0421875
3 0.95703125 0.778125 0.0859375 0.128125