1 0.4796875 0.05703125 0.178125 0.1140625
0 0.55390625 0.078125 0.0296875 0.15
3 0.7018603366639343 0.12109375 0.14615041300675885 0.1703125
0 0.8217921278514806 0.1078125 0.10993951093324057 0.1671875
0 0.8877964196046747 0.24609375 0.09742038708777737 0.13125
0 0.19324958840736067 0.63046875 0.10761559330833315 0.140625
0 0.1077912505656478 0.5734375 0.09742038708777763 0.13125
0 0.3918142275213885 0.6140625 0.1101937891612959 0.134375
2 0.49140625 0.94140625 0.1546875 0.1171875
0 0.65078125 0.965625 0.1171875 0.06875
2 0.8171875 0.5171875 0.21875 0.15625
2 0.86796875 0.9109375 0.1328125 0.178125