0 0.2660135425618325 0.3534167490485979 0.08673614126984167 0.13755834980971962
1 0.06171875 0.06640625 0.1234375 0.1328125
2 0.89921875 0.2875 0.2015625 0.325
0 0.98359375 0.2203125 0.0328125 0.09375
0 0.8828125 0.425 0.1 0.05
3 0.64609375 0.3796875 0.1109375 0.140625
0 0.37578125 0.07421875 0.0703125 0.1484375
1 0.34921875 0.25078125 0.0390625 0.1671875
0 0.53828125 0.37109375 0.0984375 0.1578125
2 0.6010057996585464 0.2438998276037792 0.15512280073828055 0.2806026956651064
0 0.1488458289590271 0.9320060281746205 0.07031010487264702 0.12442167984777566
1 0.25703125 0.77265625 0.1453125 0.3078125
1 0.2279898018180147 0.5619892999234504 0.14679106415651583 0.19922536167271768
1 0.7171875 0.9328125 0.178125 0.134375
3 0.505724775599853 0.5870065459691176 0.1308446915466968 0.24221135771838495
3 0.878125 0.984375 0.078125 0.03125