1 0.2546875 0.43203125 0.3 0.1953125
1 0.1125 0.41328125 0.225 0.1765625
0 0.53984375 0.2640625 0.0796875 0.1375
3 0.07734375 0.0828125 0.1546875 0.1
3 0.09453125 0.03359375 0.1890625 0.0671875
0 0.7765625 0.490625 0.15 0.078125
2 0.90390625 0.140625 0.1921875 0.153125
2 0.91015625 0.0375 0.1796875 0.075
1 0.19958683120297782 0.8844990086864524 0.38728571032569964 0.22840340570540577
3 0.48359375 0.56796875 0.1921875 0.0765625
3 0.28125 0.97265625 0.2625 0.0546875
0 0.03984375 0.86875 0.0796875 0.13125
1 0.1296875 0.75859375 0.259375 0.1671875