3 0.7873716044771273 0.20173209153742996 0.19567542740790564 0.2166976623713949
0 0.7182387449116174 0.0755332059006147 0.09504026232447202 0.11458065046753822
0 0.6568884871097012 0.0829235250842596 0.10925989258219673 0.14746587334017516
2 0.5096759724103801 0.12370916901069429 0.1318519448207603 0.24741833802138857
0 0.5638300424004825 0.4843683712970718 0.08286116689245623 0.15043633723582167
0 0.5545889184743359 0.6211825700674076 0.12175989258219673 0.14753859621281223
1 0.48810966813565154 0.39650073263519425 0.22590956128367518 0.3465215177575892
0 0.3372000226127788 0.6036915847999348 0.0935596494796016 0.11613406010845857
0 0.1832196087725404 0.7522886869646751 0.0942899898232347 0.15987496974937904
2 0.24120925542706692 0.14395349131759716 0.13127209068231735 0.2694317769309713
0 0.1353686912027157 0.15238413573501114 0.07858310266810493 0.1582215661585828
2 0.9665611374938141 0.5983520406023535 0.06687772501237177 0.302089740826618
0 0.5854505783578454 0.15132861232008127 0.17141905585660827 0.20093630698520065