0 0.14921875 0.08203125 0.1546875 0.1640625
0 0.1003759415466968 0.190625 0.09907545496493216 0.15625
1 0.30390625 0.18671875 0.1890625 0.3640625
0 0.89296875 0.06015625 0.0953125 0.1203125
3 0.95390625 0.20078125 0.0921875 0.2234375
0 0.8984375 0.32265625 0.109375 0.0921875
2 0.571875 0.09296875 0.171875 0.1859375
1 0.090625 0.85546875 0.18125 0.2890625
2 0.819076788242896 0.725 0.18206723010335962 0.2078125
0 0.446875 0.509375 0.09375 0.146875
0 0.5176015306847568 0.87265625 0.11480058451458142 0.1578125
0 0.5176201195182748 0.94609375 0.11452117982650449 0.1046875
0 0.953125 0.43046875 0.09375 0.1234375
0 0.7866288263381334 0.5234375 0.11147532541528271 0.1546875