0 0.6879563238691319 0.1478294111868631 0.28072918874473984 0.18007942605424546
0 0.7934597902038678 0.18534555076234144 0.13721231252120453 0.089076452503779
3 0.919245952370102 0.5351040851043829 0.12407739546082901 0.11481990514873246
2 0.9338739036438956 0.7190317640718128 0.08118056733052796 0.09205026308359229
1 0.5538788687975051 0.705299547919744 0.2769692716843643 0.20636891026922974
1 0.45933527214770054 0.3092806636059375 0.3399603450053421 0.22407162073610384
0 0.31475194764559655 0.25221015820309134 0.11624504809323426 0.06914338410204497
3 0.21036703720864303 0.18266276862761296 0.262723233209777 0.15564086817585507
0 0.16768843077055554 0.4447756317535577 0.1645387043538365 0.11249854195220035
0 0.6160068134478769 0.9355793111445108 0.15939484736759474 0.054504031428856695
0 0.8035167371316743 0.9020479323747249 0.22874504809323426 0.07569576294241784
3 0.9452330111782914 0.8626074588242585 0.0473313569862416 0.06045165258848364