0 0.52890625 0.503125 0.0421875 0.053125
0 0.43671875 0.51171875 0.1296875 0.0359375
0 0.2873653740033202 0.41285309521187796 0.1242151573089707 0.19067926634364482
0 0.2296875 0.45703125 0.103125 0.1453125
0 0.22614607418789037 0.33951414817808506 0.09803458667404978 0.12196211733238052
0 0.3237405698689537 0.2615855261541274 0.11203652991878954 0.14627370248167465
0 0.15598017582133492 0.14862171438584398 0.11614184145441175 0.21033620248167448
0 0.18187444247877274 0.295611328868233 0.07213342072720579 0.10615144703379294
0 0.13782525139350116 0.3584501824548588 0.13352960055371046 0.21466306956195372
0 0.11560099553340505 0.42359993505274873 0.10656658235511314 0.20655563861970413
0 0.1171875 0.52265625 0.10625 0.0140625
0 0.06015625 0.4640625 0.1203125 0.13125
0 0.0109375 0.48515625 0.021875 0.0890625
0 0.0830852914913236 0.2329860067083894 0.10857156847545238 0.11647694183801285
0 0.04296875 0.3046875 0.0859375 0.153125
0 0.07721362816537333 0.11643229123726462 0.09827441856773751 0.14997785668871888
0 0.471875 0.47578125 0.084375 0.1078125
0 0.4699866232281279 0.642715557833011 0.09548938001107458 0.1793375747577337
0 0.4078125 0.5703125 0.05625 0.08125
0 0.34375 0.91640625 0.115625 0.1671875
0 0.27109375 0.98203125 0.1078125 0.0359375
0 0.2662761281653733 0.9070572912372648 0.09827441856773751 0.14997785668871888
0 0.13568626465485298 0.8508405062041863 0.09238536397194572 0.13090007475773363
0 0.9578125 0.96640625 0.084375 0.0671875
0 0.89453125 0.965625 0.0984375 0.06875
0 0.76484375 0.9421875 0.0921875 0.115625