0 0.7338815376338123 0.37784632415361463 0.1751582911775566 0.1009817587805987
0 0.8118470488925791 0.41737697764621495 0.08349242288667406 0.05983860831306056
0 0.055821598551125576 0.28708690954272453 0.11164319710225115 0.10854881908544903
0 0.20257548504060519 0.07073572257804935 0.15713018198597287 0.06339085518980254
0 0.058967582511996616 0.401967020979043 0.11793516502399323 0.144559041958086
0 0.036292743678478526 0.5276437318496274 0.07258548735695705 0.10216246369925486
0 0.21180867366186656 0.4998555960164204 0.18926036397194573 0.12605448165323557
0 0.17010323257659507 0.5652624273985095 0.16794656847545247 0.11031130698520056
0 0.2905554349206335 0.5393907946885605 0.12515829117755653 0.10069086729005097
0 0.3466831238464367 0.43186464099956845 0.14783432757475118 0.11331813231716552
0 0.47997888032484165 0.5592498184962739 0.20937260487264703 0.12304765632127061
0 0.33865297347729645 0.5693691861791083 0.10470608883351815 0.07401928298109546
0 0.28900462446474556 0.6245697705862595 0.21339877081949093 0.13712833703942984
0 0.23128295959763578 0.659403312838933 0.20085919802510183 0.11206470452587247
0 0.07525166448412615 0.6959942769309714 0.1505033289682523 0.11492608411256366
0 0.07166678709394517 0.7881863221105111 0.14333357418789033 0.12427381303532474
0 0.16670122301587112 0.7403078791939076 0.2173248072166855 0.14964651775758905
0 0.1857725956256901 0.7841851442210223 0.10360466378737554 0.05683178298109546
0 0.13060543183831458 0.840135162371395 0.09709384793281675 0.07709883118569749
0 0.4142153755444797 0.6463998396717086 0.1209714389258032 0.10847609621281222
0 0.3541103878829809 0.7062288367448424 0.15192105027685515 0.10397040339440444
0 0.5226484392395703 0.6251475292686625 0.1502584207272058 0.10239881303532491
0 0.5978708798634165 0.7318747731203423 0.13100777297895938 0.0944772287263694
0 0.1177651843023247 0.34534483713762576 0.11644462523071267 0.08658291549465283
0 0.22590743985787903 0.816461833916172 0.159994366131414 0.08371244554888202