1 0.43203125 0.215625 0.0734375 0.159375
0 0.0484375 0.125 0.096875 0.115625
0 0.440625 0.3421875 0.05625 0.20625
3 0.95234375 0.16171875 0.0953125 0.2171875
3 0.90625 0.04375 0.1875 0.0875
0 0.53515625 0.1328125 0.1328125 0.128125
2 0.62890625 0.38125 0.3203125 0.196875
0 0.879683225529098 0.12817468465320658 0.1789323286340201 0.14026787985173245
3 0.37109375 0.57265625 0.1953125 0.1796875
0 0.065625 0.97109375 0.13125 0.0578125
0 0.30642978259200104 0.8789038270339928 0.13991645020978147 0.09838791469812272
1 0.35390625 0.86953125 0.2296875 0.1765625
2 0.88515625 0.6640625 0.2296875 0.2
3 0.90546875 0.54609375 0.1890625 0.1328125
3 0.6463612400512451 0.8124380680483181 0.26390116971559474 0.25387900126594437
0 0.67734375 0.9828125 0.1953125 0.034375