0 0.32890625 0.5375 0.0421875 0.1875
0 0.32421875 0.415625 0.0515625 0.13125
0 0.31015625 0.24921875 0.0796875 0.1609375
0 0.30234375 0.159375 0.0953125 0.18125
0 0.1085105305936029 0.20863835690142368 0.11172373986054138 0.14885914065150568
3 0.1080341912569351 0.526617030585221 0.1335658888718056 0.17144346878180663
0 0.26875 0.021875 0.0875 0.04375
0 0.23515625 0.10859375 0.1296875 0.2171875
3 0.78359375 0.0140625 0.1390625 0.028125
2 0.678125 0.1859375 0.25625 0.371875
1 0.6001410196978396 0.18620776307720793 0.22903120818165768 0.22153772721932724
3 0.41796875 0.625 0.1359375 0.128125