0 0.5299571830947963 0.9099746743858148 0.13429609514371954 0.10850648495630537
0 0.7164426008832004 0.8537343492338477 0.16595527210332364 0.123478267088759
0 0.5852009610706148 0.8233755963308539 0.15286423871722904 0.10280205423577726
0 0.7554860319994396 0.9769622829238764 0.11284699247815251 0.04607543415224704
0 0.8094340829365118 0.8572207135778973 0.14881323620994635 0.12454066191590947
0 0.9001847665600333 0.9651161581217321 0.09919366943775679 0.0697676837565357
2 0.789000596330854 0.5842007507249158 0.2135409774344577 0.20292172618081655
2 0.879563131037097 0.2958178638153241 0.240873737925806 0.13530832884638366
0 0.7759717474262106 0.512007501978557 0.11679034639736088 0.09706887978345566
0 0.6749488050272002 0.4739415491547055 0.12906302586424748 0.08962009263643722
0 0.4801123634861197 0.27000289225336105 0.16581887978345566 0.11879076708875883
1 0.22543557218246604 0.1556519210871094 0.3174101235152496 0.17784282132453622
0 0.39658812430667234 0.4845762061225569 0.2522564849563052 0.1384787929530063
3 0.12434471443582709 0.6249665592503423 0.21668269780928667 0.14993311850068453
0 0.32373696067490343 0.6635530007914229 0.1275459899708702 0.09113712852981451
2 0.36694505456498183 0.7803373355103013 0.2392851235152495 0.1755696159934022
2 0.9709071965556454 0.38046329994612826 0.058185606888709177 0.08789245658477532