0 0.1953125 0.4625 0.10625 0.153125
0 0.25546875 0.496875 0.0921875 0.084375
0 0.2521433491616019 0.4098994822913304 0.088462713703953 0.11457242515463033
0 0.1528183785602441 0.32555669107562374 0.0989841338757694 0.13721269970043756
0 0.3095043905460318 0.2278839498696154 0.09773589439121899 0.20245506242753386
0 0.2928602023955339 0.37043824062628017 0.06280761646291495 0.10003169303247787
0 0.3405850514455941 0.43501079471886434 0.11336089439121899 0.20373052000387942
0 0.3640625 0.46953125 0.0875 0.1390625
0 0.43671875 0.51171875 0.1265625 0.0546875
0 0.3872819097679086 0.3166911004784386 0.0975101650834338 0.10908769970043757
0 0.4371015253263123 0.3915474503286574 0.08853795680654794 0.14569487939699588
0 0.38521039744343677 0.202947464872525 0.08681168249628843 0.14244233363936126
0 0.5104284034363304 0.15793746699855687 0.08114153663473153 0.12330969636645754
0 0.02734375 0.50546875 0.0546875 0.0671875
0 0.52578125 0.503125 0.0640625 0.071875
1 0.48515625 0.95625 0.1390625 0.0875