0 0.37448326942691884 0.3695268712603671 0.17398292154477701 0.0957681280235441
0 0.0203125 0.37265625 0.040625 0.1015625
0 0.15607922395279145 0.178331348623502 0.18657382513557322 0.1115385786919079
0 0.62109375 0.04140625 0.1953125 0.0828125
3 0.70703125 0.19453125 0.1046875 0.1203125
0 0.78671875 0.0953125 0.0546875 0.125
1 0.8817064587292851 0.24778932594686606 0.22454652380771334 0.1932249306969986
0 0.57734375 0.49921875 0.1328125 0.0609375
0 0.4040642895221991 0.6272222872772298 0.12708974082661778 0.09209768801718106
0 0.20390625 0.94765625 0.1703125 0.1046875
1 0.4234375 0.496875 0.284375 0.05625
2 0.8921875 0.53515625 0.215625 0.1328125
1 0.88671875 0.74375 0.2265625 0.23125
0 0.8625 0.94609375 0.196875 0.1078125