3 0.0328125 0.22265625 0.065625 0.3265625
3 0.317658460419492 0.16114163788298086 0.1275307282883512 0.2995970866740498
0 0.2714917731573426 0.2615013857235125 0.10725803756616052 0.18453329117755643
3 0.27578125 0.390625 0.1984375 0.21875
0 0.08125 0.4328125 0.121875 0.134375
0 0.92109375 0.43984375 0.1578125 0.1203125
0 0.559375 0.46015625 0.103125 0.0796875
1 0.9171875 0.06953125 0.165625 0.1390625
0 0.5536728507611217 0.19714870296234732 0.08627969269935694 0.12864423658176474
0 0.47421875 0.08671875 0.0890625 0.1484375
0 0.49609375 0.00859375 0.0703125 0.0171875
2 0.7567594055903069 0.3189376580841629 0.24156405338349138 0.26794417334809956
2 0.5046875 0.9296875 0.15 0.140625
1 0.5398080330431743 0.6790369440199322 0.16407572334543535 0.27856269586563337