0 0.3982258921069041 0.5513331574996211 0.08475790268936265 0.16766928903121983
0 0.34833552745063096 0.6281910941697086 0.052471566677272284 0.07842498184962743
0 0.3375 0.0484375 0.109375 0.096875
0 0.27578125 0.01875 0.0953125 0.0375
0 0.28810217337681615 0.08475471155795544 0.09037155601527189 0.11301815046753819
0 0.3912186300524976 0.15056554303824052 0.10314427601845359 0.13652837334017515
0 0.24269131806967864 0.2780007175098838 0.10388971069381689 0.20059087334017517
0 0.2503754540499523 0.13263367535540604 0.06520792401336309 0.09881020472226432
0 0.19921875 0.0890625 0.1203125 0.178125
0 0.16953125 0.05625 0.0921875 0.1125
0 0.09453125 0.021875 0.1328125 0.04375
0 0.16134986405949725 0.20346887100248406 0.09969201201463562 0.10838519262201593
0 0.10747033871736127 0.1389341932111911 0.09073518268618094 0.14426815046753827
0 0.169699260741542 0.3167092143866258 0.09069882001909005 0.1411431504675381
0 0.05018673941754157 0.38615917203575634 0.0826681440165447 0.12234769867214013
0 0.02109375 0.03828125 0.0421875 0.0765625
0 0.234375 0.79453125 0.109375 0.1515625
0 0.17265625 0.76484375 0.0953125 0.0921875
0 0.18497717337681613 0.8581922115579556 0.09037155601527189 0.11301815046753819
0 0.28809363005249755 0.9240030430382404 0.10314427601845359 0.13652837334017515
0 0.1390625 0.975 0.103125 0.05
0 0.14725045404995232 0.9060711753554059 0.06520792401336309 0.09881020472226432
0 0.09660501670908897 0.8508933168459538 0.11953289202736243 0.20224427693097127
0 0.06640625 0.80234375 0.0921875 0.1671875
0 0.02890625 0.76796875 0.0578125 0.0984375
0 0.0578125 0.9609375 0.1 0.078125
0 0.02421875 0.91171875 0.0484375 0.1453125
0 0.40546875 0.734375 0.0796875 0.03125
0 0.56171875 0.85859375 0.1046875 0.1921875