3 0.22450457543016084 0.07838954868041681 0.1416158491396783 0.15677909736083362
1 0.2867182291191529 0.12671974194148167 0.22656354176169424 0.25343948388296333
2 0.6103829880961433 0.07244925160201439 0.17767152380771342 0.14489850320402878
1 0.6660178262157277 0.5453298557486587 0.21106580678880887 0.30894293892574043
1 0.7802479769778536 0.6407510795468533 0.21900557181592362 0.33150144410953664
0 0.7110974802975033 0.8498225746458811 0.15258062021691715 0.1882600005656478
1 0.44075823010111154 0.743852704523612 0.2941782886384363 0.36775059387398096
2 0.4363308470965749 0.431118258670649 0.20408052946505412 0.450446933741944
3 0.3923682654198981 0.20305133873666742 0.24991922852997767 0.27642296484472173
0 0.5992206907753042 0.6183271498109271 0.11965903590796181 0.1666392787937035
3 0.46572693472518 0.6128275884538436 0.196666963502863 0.24990012959490712