1 0.6328191812934694 0.3596415886461524 0.31841571345960346 0.23808865671569085
3 0.07438855186343561 0.15343593848918222 0.12109504448624284 0.2168333751693421
0 0.07315365711036265 0.04924308344622809 0.06635451186299808 0.05960737336031983
0 0.06007799555137572 0.024287349050060324 0.03296900889724856 0.04382524310259504
0 0.08842583003805608 0.020292567842395855 0.08564833992388783 0.035671906377006596
3 0.5260161525873762 0.8864287386915809 0.20560269566510633 0.14798155585660808
0 0.9289952084423255 0.6421386646291486 0.08905718281352507 0.08106629353213642
3 0.9181146941450506 0.31352566372463747 0.14708985870696836 0.12776423111680746
3 0.9541848453239142 0.3890103426028813 0.06820085475263546 0.10491987336031983
1 0.5109508625869388 0.6797316813646347 0.3077673735357157 0.2063473337849125
0 0.7465514870740566 0.892506077564876 0.201777358706968 0.13063028154634893