3 0.50078125 0.09453125 0.0984375 0.1890625
2 0.34568248062541096 0.1831093656694521 0.16059424403245312 0.24181712743398426
0 0.540625 0.28203125 0.01875 0.1296875
1 0.94375 0.171875 0.1125 0.34375
0 0.904576769971365 0.0975633778443167 0.09089881468808994 0.15936709172016936
0 0.83203125 0.065625 0.0890625 0.13125
0 0.57734375 0.053125 0.0546875 0.10625
3 0.98046875 0.3375 0.0390625 0.225
3 0.8271586526098208 0.30668500771393303 0.10527039735836255 0.1861750535707225
0 0.7953125 0.46484375 0.109375 0.1703125
1 0.6859375 0.45 0.19375 0.2
3 0.04296875 0.86640625 0.0859375 0.2484375
1 0.2477700499284124 0.741525432225818 0.16004989871099795 0.32928985389503396