1 0.13110050881796892 0.263475807373569 0.21850649705932393 0.36594158235511304
3 0.29385945838842764 0.19817457511074094 0.1887769742194024 0.184952398209672
2 0.69140625 0.06796875 0.1734375 0.1359375
0 0.7967034181356516 0.3374840923864876 0.127423394391219 0.20282221622369914
0 0.03671875 0.79296875 0.0734375 0.2078125
0 0.01875 0.6484375 0.0375 0.103125
0 0.05859375 0.58828125 0.1171875 0.2109375
0 0.07734375 0.5484375 0.1046875 0.159375
0 0.14921875 0.51171875 0.1453125 0.0859375
0 0.19765625 0.4921875 0.0515625 0.046875
0 0.0953832575747735 0.7154577004983371 0.10573210085908258 0.11578329117755662
0 0.1466724406368888 0.6471094162606109 0.09980300542706697 0.15122014342930995
0 0.09276726989924544 0.8300709130214085 0.09963923111680728 0.14809514342931002
0 0.21602438545764907 0.8935047524732355 0.09084408525525056 0.12884449568106326
0 0.23828125 0.525 0.0765625 0.1125
1 0.605465343734535 0.8276408320505713 0.22632564111185866 0.336854859653009
3 0.66171875 0.64765625 0.2234375 0.3578125
0 0.665625 0.9578125 0.1375 0.084375