0 0.23359375 0.1078125 0.1890625 0.215625
0 0.54609375 0.37265625 0.1703125 0.2140625
0 0.4703125 0.3453125 0.040625 0.140625
0 0.834375 0.3859375 0.11875 0.1875
0 0.57578125 0.109375 0.1859375 0.21875
1 0.50390625 0.09140625 0.1078125 0.1828125
0 0.15234375 0.98125 0.1484375 0.0375
0 0.2749746867191073 0.8524871051725649 0.12525064431968733 0.20920785672980174
3 0.13930462051134834 0.7762177183281574 0.2178858945717888 0.2862107085166876
1 0.14375 0.58046875 0.190625 0.2015625
3 0.3484375 0.64140625 0.203125 0.3234375
3 0.3609375 0.946875 0.178125 0.10625
0 0.697954092767737 0.867471412510389 0.13309599530842303 0.1877148587069683