0 0.856505400221482 0.7166088936023087 0.1980741594684389 0.15053334577069996
0 0.36177029843115394 0.5634528318643485 0.25308063695090494 0.23127873473485216
0 0.6210532657345872 0.4540933627333287 0.16558303207825792 0.10522748982323478
0 0.020635070173495484 0.26887947478522933 0.04127014034699097 0.12474105042954128
3 0.11080948720007353 0.28053626978770374 0.22161897440014705 0.13892746042459247
3 0.5396296923218892 0.29095595488598397 0.29945498920265834 0.22592284938874457
3 0.588372371225543 0.526661081525664 0.31652377081949085 0.15206926956056108
0 0.7528620751107409 0.34129239032294845 0.18799825262089379 0.13910452283992142
2 0.8764032973514198 0.5154591514042248 0.186514898209672 0.18885886137453234
0 0.848301390346991 0.16421423394594187 0.16572273442229637 0.13170810266810493
3 0.7849583860280542 0.0889137169275424 0.21453976866002264 0.1778274338550848
0 0.4691696792174209 0.9409083672558843 0.09775518198597286 0.06741322930778537