2 0.4203125 0.47265625 0.178125 0.2796875
0 0.0796875 0.52890625 0.159375 0.1515625
1 0.2546875 0.5109375 0.509375 0.359375
0 0.1109375 0.3526373186852652 0.196875 0.14773079544054113
3 0.403125 0.328125 0.2125 0.19375
0 0.97734375 0.16953125 0.0453125 0.1140625
0 0.97421875 0.2875 0.0515625 0.146875
0 0.84453125 0.38776229296496323 0.1859375 0.1359645012493999
0 0.88671875 0.4565840705593649 0.165625 0.11880031203728052
0 0.76328125 0.42613678611648603 0.11875 0.10743583693238978
0 0.70546875 0.31316226682045406 0.1421875 0.12171182448483506
0 0.58828125 0.44140625 0.1578125 0.1328125
0 0.71171875 0.4573858635011062 0.1015625 0.07957094606059663
0 0.76328125 0.515980536116486 0.2078125 0.14855958963168217
0 0.821875 0.5540142549975994 0.2 0.12140509378086702
0 0.95546875 0.5953125 0.0890625 0.121875
0 0.95859375 0.68984375 0.0828125 0.1328125
0 0.88984375 0.6396333688996909 0.2109375 0.16129638797200804
0 0.86875 0.68490998010249 0.1015625 0.060820946060596626
0 0.92421875 0.7438006506432775 0.09375 0.08210395020978148
0 0.6328125 0.5342192054078735 0.1140625 0.11489313942190069
0 0.69375 0.5974305230442315 0.1484375 0.11281042116548719
0 0.5515625 0.5078125 0.084375 0.1125
0 0.94375 0.2296875 0.1125 0.09375
0 0.82578125 0.7168102529230069 0.159375 0.0917642153566284
1 0.62265625 0.90390625 0.2265625 0.1921875
3 0.8734375 0.95390625 0.253125 0.0921875