3 0.23203125 0.5296875 0.1984375 0.2
1 0.0484375 0.128125 0.096875 0.25625
0 0.65703125 0.03515625 0.0796875 0.0703125
0 0.6864579241072587 0.5273063545780365 0.10480743217453856 0.17765324855010753
0 0.6328125 0.56328125 0.0875 0.1328125
0 0.624589316787495 0.4525538856969232 0.08470894789030403 0.1138508576783142
0 0.7140284983428609 0.38381738632162304 0.0965197431755744 0.1334296518694554
0 0.5495956631490039 0.26314692096499465 0.09488877667402047 0.19869945435896633
0 0.579619265092084 0.4063291585174399 0.0622517510334573 0.09969326929603177
0 0.5386710874656595 0.46317023175287525 0.11051377667402047 0.19988344606059663
0 0.5205610963569997 0.5256343429556745 0.08693072745980875 0.19498245850815116
0 0.4578125 0.5640625 0.125 0.13125
0 0.4078125 0.58203125 0.04375 0.0953125
0 0.48150494271850847 0.3389505591374955 0.0952825748547749 0.10686715186945542
0 0.4386496627347191 0.4049890336176863 0.08601889081820957 0.1419758576783142
0 0.47157767100688674 0.2260953616270065 0.08438361621110371 0.14029495850815116
0 0.86640625 0.590625 0.0734375 0.078125
0 0.38203125 0.5453125 0.0265625 0.15625
2 0.26484375 0.95234375 0.1578125 0.0953125
0 0.13376095553879003 0.7225433865221158 0.10335194003242129 0.14640324855010753
1 0.31484375 0.746875 0.1078125 0.234375
0 0.70390625 0.64921875 0.0578125 0.0390625