0 0.27890625 0.04140625 0.1765625 0.0828125
0 0.88203125 0.0203125 0.1484375 0.040625
3 0.9484375 0.103125 0.103125 0.20625
0 0.3412947040348932 0.5894264541216793 0.19441359621281223 0.12987817394668238
0 0.46171875 0.9640625 0.0546875 0.071875
1 0.41953125 0.72421875 0.1390625 0.2578125
3 0.31072089402463055 0.43465933472662305 0.21987720452587248 0.21160640606883482
2 0.109375 0.4390625 0.21875 0.2375
0 0.04453125 0.746875 0.0890625 0.13125
3 0.1734375 0.3890625 0.346875 0.140625
3 0.13203125 0.60234375 0.2640625 0.2765625
3 0.58203125 0.74375 0.1859375 0.184375
3 0.6497980713249442 0.7780431886597278 0.27140334308955405 0.20956541607077456
3 0.7374798785065366 0.8164357510872617 0.30248971662612084 0.18399133122346534
3 0.8150827037403057 0.8672805160901713 0.35729539129415605 0.20876793274067412
0 0.825 0.9515625 0.171875 0.096875
3 0.5109375 0.75859375 0.04375 0.2015625