0 0.6860912915286774 0.5645460425710578 0.1455238735787013 0.11984902991878954
0 0.21332092043963774 0.6332666756644514 0.19763240514873237 0.1325283050572171
1 0.18354095713016635 0.7951449144056845 0.20740078925077735 0.2467910641565158
0 0.8770923919945528 0.060634090845328135 0.11318181043863902 0.09909643892580315
3 0.8706391387284323 0.7307253477851584 0.21395462613894986 0.19895434145441176
3 0.16804767584248392 0.48874472008121045 0.23177916297065299 0.21099326650055428
2 0.4205818706655167 0.3815983443890724 0.3815817418957307 0.24394307371723975
0 0.5806295177805669 0.6387426110465102 0.1555359104104042 0.13138730721668548
3 0.6114905078219206 0.06214384485049775 0.32298101564384113 0.1242876897009955
3 0.26182152069375153 0.3619738641288292 0.36900614718563746 0.21511716686969456
3 0.4564269073560453 0.539271142045034 0.38532836817585514 0.2815432032668891
0 0.9001119340173404 0.451670101024361 0.19977613196531935 0.21900602559985285