1 0.15703125 0.23671875 0.3140625 0.1453125
1 0.6265625 0.21015625 0.265625 0.1984375
0 0.6332322626108846 0.10274515336494243 0.1786772717116218 0.12260158404557515
1 0.70234375 0.04921875 0.1140625 0.0984375
3 0.05625 0.121875 0.1125 0.24375
1 0.83203125 0.24765625 0.1453125 0.1234375
3 0.675 0.3515625 0.16875 0.084375
1 0.31171875 0.37265625 0.3640625 0.1265625
1 0.5745356970617346 0.5022215085983796 0.3657877816364191 0.29244218913783787
3 0.7328125 0.44140625 0.053125 0.1046875
3 0.64375 0.709375 0.23125 0.246875
3 0.4936239530575907 0.6824088085136749 0.12955056699689216 0.13843941567207593
1 0.73828125 0.9203125 0.0421875 0.159375
2 0.2613680328747643 0.8761111188111397 0.3380565798171736 0.1988896102127601
1 0.1171875 0.88828125 0.234375 0.2234375
1 0.04140625 0.44765625 0.0828125 0.1703125