1 0.9646174490105089 0.5127300946292815 0.07076510197898216 0.2917157485501075
1 0.19232738619282294 0.5927463748997537 0.3015405420360181 0.23549274979950746
0 0.9183900076110412 0.7525603440045817 0.16321998477791766 0.13504061867597628
0 0.8575012012731005 0.8154379296875718 0.1378895622055553 0.10357713112353091
0 0.6509579668244893 0.8230691404708079 0.17267466531583314 0.11086941286711749
0 0.9243205672479398 0.24486716579012452 0.1513588655041204 0.10812292116548727
0 0.4524482226204162 0.2927160217948316 0.20902226842611088 0.11828009378086701
3 0.10620324995351722 0.6816769751048908 0.0990020109332404 0.1735810551888033
3 0.6225386728087037 0.08132027096963901 0.22007734561740727 0.08497068631233429
1 0.3494291123000918 0.4191699327878493 0.31812244929333283 0.2476142415011376
2 0.3690538559385171 0.7854102394265452 0.33636530989648117 0.19001522905358287
2 0.25898578883198936 0.7514594466852965 0.30347489745537004 0.16889724565032244
1 0.24157978166842553 0.21542778091839393 0.40364984618305516 0.2494386958601039