0 0.275 0.13125 0.06875 0.1125
0 0.084375 0.25625 0.16875 0.065625
0 0.3375 0.04921875 0.05625 0.0734375
0 0.02109375 0.74765625 0.0421875 0.1421875
0 0.04453125 0.7984375 0.0890625 0.109375
0 0.08821978177371612 0.6944342368332583 0.15105945712440044 0.12579670970237727
0 0.21171875 0.8421875 0.1953125 0.1375
0 0.0751516779808032 0.837084122439172 0.10939358883351816 0.08198306576151389
0 0.065625 0.8890625 0.13125 0.153125
0 0.03203125 0.91875 0.0640625 0.125
0 0.1503135618493892 0.9264652289573505 0.12253393892580319 0.11725088606495557
0 0.084375 0.96171875 0.15625 0.0765625
0 0.24765625 0.91640625 0.1234375 0.1140625
0 0.98125 0.725 0.0375 0.1125
0 0.35859375 0.5484375 0.0984375 0.11875
0 0.5119702714377998 0.3421707509180839 0.1648425524363235 0.07407471303635713
0 0.359375 0.6703125 0.1 0.15625
0 0.33359375 0.80078125 0.0484375 0.1109375
0 0.5058893406884446 0.7924576644037847 0.19717299352159506 0.14199553667377884
0 0.4593962700535238 0.8562014289476523 0.17263406847545246 0.12289485030926066
0 0.5858982132982636 0.842967589558415 0.1282832911775566 0.10994856909549373
0 0.6491572817737161 0.7381842368332583 0.15105945712440044 0.12579670970237727
0 0.7833646961794005 0.8865734236568183 0.21552247532299768 0.13727608576539332
0 0.6360891779808032 0.880834122439172 0.10939358883351816 0.08198306576151389
0 0.58125 0.928125 0.221875 0.14375
0 0.5203125 0.95 0.209375 0.1
0 0.37109375 0.95859375 0.1234375 0.0828125
0 0.4484375 0.978125 0.225 0.04375
0 0.71015625 0.95546875 0.1234375 0.0890625
0 0.6453125 0.98359375 0.15625 0.0328125
0 0.82421875 0.9515625 0.1546875 0.096875
0 0.4132278786267987 0.6207583943999053 0.11966975478036197 0.09681084030732104