1 0.896875 0.165625 0.20625 0.284375
1 0.92109375 0.04375 0.1578125 0.0875
2 0.728125 0.02734375 0.334375 0.0546875
3 0.3515625 0.125 0.084375 0.2
2 0.50390625 0.0921875 0.2765625 0.184375
1 0.2015625 0.4328125 0.215625 0.1875
1 0.2265625 0.5203125 0.165625 0.228125
1 0.9421875 0.80234375 0.115625 0.2484375
1 0.55390625 0.44140625 0.3015625 0.2046875
1 0.46015625 0.3875 0.3015625 0.096875
1 0.42421875 0.66875 0.2296875 0.315625
2 0.6851967772517764 0.6635740504799927 0.4460772106938169 0.22584549431480508
3 0.89453125 0.6984375 0.2109375 0.26875
0 0.48251831460854816 0.5028394897590049 0.16233746268299926 0.12968604195220035
3 0.495762107256549 0.6394749397731225 0.24135334802672598 0.21079880503579282