0 0.4164941029765374 0.25324033551244457 0.08398550992479752 0.16249468281352522
0 0.46314647104966794 0.18340267939066512 0.05029540653397522 0.07534750988583169
0 0.2550367578533736 0.9214545180416429 0.09001718610347993 0.1570909639167141
0 0.061783255786459046 0.723802255931499 0.045976087675056454 0.1500291749048598
0 0.3671557681924559 0.9272866946765234 0.1244649607105858 0.14542661064695322
0 0.49104918651325546 0.9566505425090763 0.09230312406898662 0.08669891498184726
0 0.4819523606250232 0.771333760911596 0.10785965756743252 0.17282468775644108
0 0.5426565742310931 0.8190337732688857 0.09285108767505648 0.15193918479069132
0 0.5293495913946009 0.7007466882879136 0.0861258986760923 0.10799818380210838
0 0.43023569519970783 0.6319874180219586 0.09815501778268025 0.1318813527754692
0 0.5685275996667685 0.5206572816718426 0.10092045285270287 0.1912563527754692
0 0.563994265092084 0.6577116126984819 0.06366870181924558 0.09460684585538673
0 0.6125623517336831 0.7127147890862164 0.1151285020669146 0.1949543557412186
0 0.6418902868037056 0.7731721280215211 0.09296240363849115 0.18781301779449713
0 0.6609228848178443 0.9300104353035736 0.10015416542531544 0.13997912939285265
0 0.751494380888903 0.9403072774517736 0.11250861621110389 0.11938544509645296
0 0.7146963941234692 0.8463178093521716 0.1291910020669146 0.19552735870696827
0 0.7593175353559636 0.8333204022418089 0.04655397642635144 0.09546900889724838
0 0.8081039458188803 0.8930110786295433 0.06628427956950453 0.08379667984777583
0 0.647656481593638 0.5956201309872705 0.09684507485477489 0.1037563527754692
0 0.6990049658778722 0.6600938078692968 0.0906336162111037 0.13781301779449712
0 0.6372026710068868 0.48836604650059023 0.08892556699689216 0.13462435079830276
0 0.7498802994190996 0.42979615421897516 0.08187504631872748 0.1171821828135251
0 0.32141942906965737 0.8404299763111848 0.07660534946188076 0.10449118182494184
0 0.7951437193925289 0.7989109101504742 0.06621581306795062 0.1492943458553869