2 0.058640794238526896 0.2240047342842343 0.10003082223840883 0.2747517510334573
1 0.10380942370440141 0.4583283844080688 0.17031604869945846 0.2764641083532208
0 0.04009534578065445 0.516881438998964 0.0801906915613089 0.196262877997928
1 0.1086178802799487 0.5859996201400451 0.17054214529089182 0.19997438296032666
1 0.2625790827983062 0.8954645113725395 0.1444432954530476 0.20907097725492108
1 0.4023955592593559 0.8994285734070327 0.2178262483751469 0.20114285318593444
1 0.557387022327725 0.9310296379227255 0.162184174511885 0.137940724154549
1 0.6697445207028718 0.7356723660017067 0.21560127516050825 0.2770120719592907
2 0.827718076705931 0.24105984098031613 0.14150130194586943 0.3250813908182096
2 0.5327113141240293 0.12020141563020323 0.1502023717519414 0.1974658130679506
0 0.4326119025977878 0.07644495347187544 0.09571369480442442 0.11686647642635144
0 0.3781562276788657 0.06061659222317042 0.07148526217486459 0.07046235731976358
0 0.6111050953736173 0.06364750868194317 0.09653980925276535 0.0747517510334573
0 0.5777514841749827 0.45147284036114355 0.21090586688067745 0.3657834735308674