0 0.55703125 0.346875 0.1515625 0.025
0 0.24375 0.328125 0.19375 0.0625
0 0.38828125 0.340625 0.0953125 0.0375
0 0.446875 0.30234375 0.19375 0.1140625
0 0.509375 0.27616646603198125 0.1890625 0.09355803667377885
0 0.66171875 0.2578125 0.1140625 0.103125
0 0.6734375 0.1640625 0.090625 0.1125
0 0.58828125 0.20097540527143726 0.19375 0.13144067394668238
0 0.575 0.1536220442113308 0.096875 0.04697033697334123
0 0.63828125 0.10314394102713213 0.084375 0.06782497091226491
0 0.32421875 0.2670618883116737 0.1015625 0.1004779742462448
0 0.39296875 0.21379362497575416 0.1375 0.09247402667183913
0 0.21171875 0.2754639328613603 0.1359375 0.08922148091420459
0 0.1515625 0.15615569453028988 0.1171875 0.08300343182259015
0 0.53828125 0.11521311951574238 0.1515625 0.0686219384905499
2 0.80625 0.09765625 0.175 0.1640625
1 0.796875 0.04296875 0.15625 0.0859375
2 0.4296875 0.43125 0.3625 0.14375
1 0.1484375 0.4975611709025666 0.259375 0.18836009576733287
0 0.79921875 0.55703125 0.1609375 0.1140625
3 0.778125 0.86171875 0.11875 0.1203125
2 0.790625 0.6671875 0.14375 0.140625
2 0.909375 0.6703125 0.18125 0.159375