1 0.228125 0.0578125 0.3375 0.115625
1 0.121875 0.0390625 0.24375 0.078125
3 0.3125 0.11796875 0.29375 0.1109375
3 0.17761077530685077 0.253125 0.2994517787937035 0.11875
0 0.209375 0.34921875 0.146875 0.1015625
0 0.8008425152220822 0.15234375 0.2605259798304626 0.1203125
3 0.91484375 0.37890625 0.1703125 0.0421875
1 0.11328125 0.6453125 0.2265625 0.20625
0 0.04453125 0.52734375 0.0890625 0.0796875
1 0.41640625 0.89453125 0.0859375 0.1859375
1 0.81484375 0.5375 0.3703125 0.265625
3 0.59453125 0.42421875 0.2703125 0.0484375
0 0.47265625 0.92109375 0.0265625 0.0640625