0 0.0515625 0.415625 0.103125 0.046875
0 0.55 0.0359375 0.1 0.071875
3 0.21796875 0.328125 0.4203125 0.221875
2 0.4396377891749717 0.16092167441162988 0.2126768800110746 0.1851771787556685
2 0.24001732341269796 0.11806485842897026 0.26433950956072394 0.18974285239083954
0 0.3595359723975623 0.7398628056710774 0.30462454811738676 0.16251249445597954
2 0.10625 0.7515625 0.2125 0.25625
3 0.184375 0.9484375 0.25625 0.103125
0 0.05859375 0.87734375 0.1171875 0.0984375
1 0.03984375 0.58359375 0.0796875 0.1609375
3 0.91484375 0.53984375 0.1703125 0.2015625
0 0.8936117813122909 0.7281223978915092 0.1881589389258032 0.11836911035393456
0 0.7140625 0.46171875 0.15625 0.0453125
1 0.68125 0.584375 0.1625 0.253125
1 0.68125 0.76796875 0.1625 0.2546875
0 0.64296875 0.85703125 0.0859375 0.1203125