0 0.6371017779168747 0.2261321370435881 0.11305657981717357 0.18517393939369334
0 0.598099244004144 0.14322778380965628 0.06642982878371625 0.08765048620519007
0 0.7128741801121331 0.9251284797620704 0.10639985731976367 0.07571705223856355
0 0.5935976412370035 0.9259240971294964 0.13972177956950455 0.08837418249628826
0 0.4574953213446274 0.9533198360482199 0.09564213978475226 0.04553822930778502
0 0.48804761621561293 0.7826012222988386 0.14020127667402046 0.19906602103089915
0 0.41662422643086067 0.8268702007021125 0.12199493217453838 0.17629026232447204
0 0.44908146960643514 0.6989156190649066 0.10731169396136271 0.1287601650834338
0 0.5649098308551401 0.6382913003179997 0.12566358767505648 0.15466092378986113
0 0.43428703122664364 0.4978411199694178 0.13653262117350257 0.2206953595655099
0 0.41799844355158716 0.6467699429001963 0.08151117328319835 0.11026247060135788
0 0.35782076882064684 0.7005810176399971 0.15230317038771418 0.22463923111680745
0 0.31911783375062425 0.7618394222079814 0.12523124813797315 0.2123096494796016
0 0.28035493259333244 0.9080493588881413 0.11454199710451585 0.11666960085908258
0 0.1838438056288617 0.9053138625061858 0.1213356526050339 0.09520403663473118
0 0.2301238002521782 0.8319682157401178 0.1665112196019259 0.228501215512975
0 0.18430403205521315 0.8117685803940103 0.0627611732831983 0.1092798247398008
0 0.1239080335029552 0.8702671551338111 0.0825642510334573 0.09940685775648746
0 0.33982424772819764 0.5682565185445083 0.11810364474715093 0.12620837516934208
0 0.27452242535462207 0.6316882547496985 0.11657968610347993 0.16041960085908258
0 0.36626693135047816 0.45230729195025665 0.1133091368892682 0.15713082654882307
0 0.2561706474377473 0.37312880427472855 0.10455056699689198 0.13640889077317436
0 0.6486511683253088 0.8817336838550848 0.09615587014004526 0.1234994549975255
0 0.1520031083577301 0.7690388478068648 0.09357883374611502 0.16856629353213642