2 0.37421875 0.02734375 0.2203125 0.0546875
0 0.09375 0.07265625 0.13125 0.1453125
0 0.5401802696761621 0.5205684665420511 0.07489153663473154 0.11798747867599957
0 0.078125 0.5921875 0.096875 0.053125
1 0.94296875 0.503125 0.1140625 0.23125
1 0.4003187460432711 0.7824626759230036 0.22920497964646938 0.32122266136218053
1 0.1140625 0.89453125 0.228125 0.2109375
3 0.11796875 0.74375 0.2046875 0.25
1 0.40703125 0.6390625 0.1296875 0.040625
0 0.95546875 0.79140625 0.0890625 0.1734375
0 0.99296875 0.7125 0.0140625 0.078125