1 0.14609155805478397 0.6491584744324548 0.20675915152690708 0.3156637305182393
0 0.2113502830499348 0.5189294577933633 0.11221244182452983 0.17046823295387145
0 0.17794836743820214 0.3685164005691929 0.13185526212797155 0.18173301542127546
2 0.7631664562477112 0.9341206664008007 0.17340529121570664 0.09820349512873605
2 0.6464732927620104 0.9134690215136507 0.1515619842481845 0.15555234496658024
0 0.8673123380606029 0.7914774245184756 0.0988196215210884 0.1593125446422686
0 0.9583698357653934 0.5405989427824202 0.08326032846921336 0.2848580154212755
1 0.052630405609793 0.09844145413991531 0.1006691639447427 0.14374209172016938
0 0.7849322068274394 0.23274335268380858 0.1039536606107628 0.12663641233702042
2 0.762196595308291 0.12673881453436164 0.15548420970237728 0.14625916558343127
0 0.5976241701536605 0.05214928652788915 0.07649834030732112 0.1042985730557783