3 0.2767232433804622 0.3801065520999495 0.26880146567298446 0.24494051088459123
0 0.03984375 0.17734375 0.0796875 0.0890625
0 0.13097828804655992 0.1574825623515685 0.23779971463952734 0.14870042794496657
1 0.17734375 0.228125 0.3546875 0.175
0 0.4593667311793531 0.5717062311412244 0.09382708271265798 0.07191469473518967
3 0.0625 0.49921875 0.125 0.1578125
2 0.478125 0.12734375 0.0625 0.1203125
1 0.92109375 0.23671875 0.1578125 0.1734375
0 0.6121428207164364 0.5342980997298475 0.14186647642635145 0.09855160580511538
1 0.46875 0.86875 0.08125 0.221875
1 0.359375 0.73359375 0.3 0.0671875
3 0.15234375 0.76015625 0.3046875 0.1203125
1 0.6515625 0.90859375 0.284375 0.1828125
1 0.65625 0.97734375 0.29375 0.0453125