0 0.7328143198909298 0.5675753287714497 0.1631662715394251 0.07839881468808993
0 0.8001928440282449 0.5097179227800402 0.07504355866619043 0.046148841343090476
0 0.07747071006168041 0.842978935351681 0.15494142012336082 0.08301358935390794
0 0.2777676428839526 0.9898721166852266 0.14851390965492603 0.020255766629546913
0 0.0701223858081498 0.7347664460136812 0.1402447716162996 0.11764312802354446
0 0.03932567188807162 0.6179056626750451 0.07865134377614325 0.08882723734881744
0 0.2189649873395259 0.5920896920353165 0.17407092055068932 0.10038290268936265
0 0.1693909582585323 0.5406902766947714 0.15277507475773372 0.08608404535327167
0 0.2863981417986718 0.5334510360439071 0.11036905347041018 0.0824681493475449
0 0.3570059367191073 0.6194981713876337 0.13144637797604233 0.09364200668363551
0 0.46329913140711165 0.463575982733906 0.1922746173323807 0.0927885786919079
0 0.3276840594993695 0.4909277287157705 0.09477690445914586 0.06042951734563573
0 0.27176719526908205 0.45196467870781626 0.19492972376899795 0.10843176002545332
0 0.21197693202753026 0.43484935669954394 0.188603314114072 0.08493971602481701
0 0.06313165357679053 0.4431965640117722 0.12626330715358106 0.09531359468490823
0 0.0519017175648117 0.3561960033418178 0.1038034351296234 0.1061420066836356
0 0.1371679561648453 0.37533744935549895 0.19580380891829186 0.12093176002545344
0 0.1489848951528665 0.3293436966899989 0.09502827673520509 0.04169769867918127
0 0.08838053092257903 0.2903261026814084 0.08551116510280768 0.061882929344363194
0 0.38652881779724274 0.3985680533895429 0.10633711733238069 0.09178860534690844
0 0.32056496421061703 0.3579243247135433 0.13860331411407198 0.08435791335136286
0 0.49343438165921316 0.3904293840706331 0.13525979282674855 0.08119655068427196
0 0.5481050921866594 0.26830948341022376 0.11785377153942492 0.07787155601527207
0 0.15382131653673503 0.7633465266947714 0.1064792289647781 0.07149428668045381
0 0.18240368253173336 0.28751073269413513 0.14946440445914594 0.061065864019726315