0 0.03359375 0.1 0.0671875 0.096875
3 0.0703125 0.3359375 0.140625 0.140625
0 0.5203125 0.3328125 0.1375 0.2125
0 0.6546875 0.0703125 0.13125 0.096875
0 0.96015625 0.37890625 0.0796875 0.0859375
0 0.23046875 0.45703125 0.1921875 0.0359375
1 0.21181487179718417 0.7644408740376883 0.3895463052100677 0.19810546585165945
3 0.11796875 0.87890625 0.2359375 0.0890625
3 0.52734375 0.9609375 0.1234375 0.078125
0 0.52734375 0.72734375 0.1234375 0.1078125
0 0.52109375 0.6265625 0.1359375 0.1375
3 0.57421875 0.8109375 0.0296875 0.090625
2 0.4734375 0.846875 0.23125 0.221875
0 0.304381323202145 0.5257302561044355 0.12773120181924558 0.09865658525525038