2 0.8381649790806425 0.5762375240604405 0.1962486374938141 0.23945525595208467
1 0.6612671229060346 0.9327242907330614 0.25728131275401334 0.13455141853387714
1 0.10539782394683132 0.6892370986429472 0.14790631275401317 0.1784741972858944
1 0.9295591044771273 0.5994015084731001 0.14088179104574544 0.25667560694082037
1 0.28432849163225704 0.22693311264080362 0.27857645861557023 0.20629283070981846
3 0.16412769278459535 0.6365216440675857 0.27158947421940244 0.19179328813517138
0 0.04608594244591111 0.40409192029858776 0.05309842378986114 0.12202781930985207
3 0.4201574440277908 0.9027304241569855 0.3058006999091429 0.19107202229572948
0 0.727105811849502 0.19484577640622897 0.15310506784239591 0.09944226114786484
0 0.20159679952503015 0.04445411238870208 0.1438185990500603 0.07077095792955615
0 0.5237936991161736 0.8305819085696452 0.17983134215265545 0.10442469209011448
0 0.10311943520982188 0.21504012797604238 0.12530761646291486 0.10372556956195363