1 0.07109375 0.353125 0.1421875 0.253125
3 0.128125 0.1390625 0.15 0.278125
0 0.31953125 0.06953125 0.0890625 0.1390625
0 0.59921875 0.0859375 0.0984375 0.171875
0 0.8171005548946185 0.14215134429008502 0.1296552208490432 0.2195205955329394
0 0.88203125 0.0140625 0.0859375 0.028125
1 0.14140625 0.9078125 0.2203125 0.184375
1 0.3383979731975305 0.7773803688971909 0.21000912073610395 0.3416910020669146
1 0.36171875 0.646875 0.1953125 0.25625
3 0.2390625 0.60546875 0.15625 0.1734375
2 0.85703125 0.8875 0.2859375 0.225
2 0.57734375 0.66875 0.2359375 0.3
1 0.4828125 0.62734375 0.046875 0.2171875