3 0.3309450537051658 0.8361424569825845 0.16296133538669527 0.19491485389503396
0 0.2471826341977197 0.6984572706995766 0.17684029691210787 0.1451875892845374
1 0.12275804227242049 0.7842738141240293 0.12066470798203355 0.1910534683433749
1 0.09023319663410619 0.4572982568998588 0.15471232576804841 0.18227848620028234
1 0.6772445793962455 0.25396556209872967 0.44118059382421587 0.29190249675029384
1 0.6387748125212045 0.07707714854059798 0.32129962504240905 0.15415429708119596
0 0.3707986280376339 0.11938560511614527 0.1724057680561673 0.10763304220663672
0 0.8134152694069297 0.6612132260606032 0.20792660580511538 0.14104556006354407
0 0.9127703624285374 0.4427750974088028 0.1744592751429252 0.1735853246740408
2 0.9102306941870355 0.6749154415646041 0.17953861162592907 0.2128660129856435
2 0.8447247121583847 0.06594695941821636 0.15194942431676955 0.13189391883643273
1 0.33727188774109873 0.45767653774570516 0.3343651094333124 0.22913766964062104
0 0.906002007256394 0.15616544156460416 0.08350695916316013 0.11076595048646731