2 0.096875 0.14140625 0.19375 0.2828125
2 0.37421875 0.0734375 0.1359375 0.146875
0 0.25336919854640216 0.39109598549794045 0.1445033888718056 0.17647465471124751
1 0.8514892603146856 0.34277419191488734 0.23555399581262612 0.34454694753799586
0 0.9515625 0.3046875 0.096875 0.175
2 0.5254123514160642 0.8559194120775893 0.17965392105489214 0.2566756069408206
3 0.17578125 0.6625 0.1359375 0.125
0 0.09375 0.66796875 0.09375 0.1359375
1 0.72109375 0.8359375 0.2046875 0.328125
2 0.6515625 0.89453125 0.065625 0.2109375
0 0.78671875 0.93125 0.1359375 0.1375
0 0.9421875 0.8703125 0.115625 0.175
3 0.88671875 0.91328125 0.2109375 0.1734375