0 0.47167535167825153 0.7790087008921907 0.09259300954776961 0.17588479282674854
0 0.5313831610162396 0.8593406930985206 0.055919958508151166 0.08162134059717552
0 0.21195647095570586 0.06921916560701076 0.09578794191141168 0.11549359604505716
0 0.03945727676920906 0.2335608990112643 0.03227081618646541 0.15923288836760252
0 0.3295700234452168 0.07278084420347175 0.1278900468904336 0.10841306956195358
0 0.4594700883822823 0.05388836859288837 0.09081517676456467 0.04986859604505716
0 0.475192944610704 0.23061475955838096 0.12142840456874779 0.18722648441265974
0 0.5324008707505687 0.18565717466118864 0.10414581618646537 0.1642588779760424
0 0.5341787035337737 0.31167337144288 0.09758724025173766 0.11872785668871888
0 0.4378849666060283 0.3741026796048672 0.11018232863402008 0.14136768119435103
0 0.6004819002190702 0.5098102226837172 0.11359259378086702 0.20688342055068923
0 0.577633628223746 0.3621157678562542 0.06995914772027056 0.1028079257464694
0 0.6224716089277141 0.30774497813159885 0.12945439212119325 0.21110102698730665
0 0.6451385917062746 0.24793828939567925 0.1022998962703781 0.20143109604505716
0 0.6457278197109504 0.10188274422314222 0.10468934523075965 0.10989915990702755
0 0.7406259226153799 0.10307889348650807 0.11373245850815117 0.08566398441265974
0 0.714396231953368 0.1774015502914425 0.14351689212119306 0.2120843727802623
0 0.7640177236549983 0.19641363024495628 0.051445946060596624 0.10462179802252858
0 0.8085597064335588 0.13813659052030094 0.07393625269929238 0.09376070767745462
0 0.674367840881082 0.4388200155104657 0.10492614357108572 0.11302415990702759
0 0.7223424769789905 0.37456612739496464 0.09827432448483506 0.14830609604505715
0 0.6783234803029827 0.5525547335794805 0.09803752614450918 0.14518109604505725
0 0.8060708946199927 0.6283191941069267 0.09036673610255272 0.12599405347041034
0 0.2932549377622268 0.13707293714643579 0.08316954274124866 0.11305701089576328
0 0.8068214529090738 0.23826227665833052 0.07590241701630233 0.16072968639013113