0 0.771875 0.5904281373853312 0.16875 0.0744192587805987
0 0.846875 0.5338332246211528 0.075 0.047311337235821684
0 0.0671875 0.8339846354404236 0.134375 0.08359427088084707
0 0.059375 0.7136266836450255 0.11875 0.11787836729005097
0 0.02734375 0.5829715812838934 0.0546875 0.08781816256778666
0 0.2125 0.572330038834828 0.1765625 0.10102721057599666
0 0.159375 0.511864716626121 0.15625 0.08528403590796181
0 0.28828125 0.5141771712501895 0.1109375 0.08345791549465283
0 0.3625 0.6146089633064713 0.1328125 0.09452268052176756
0 0.48125 0.4535810805965223 0.1984375 0.0902169756031114
0 0.33359375 0.47147204166349843 0.0984375 0.059947692622015936
0 0.2734375 0.4242470628389331 0.2 0.1074135659621911
0 0.2078125 0.39964651775758914 0.1953125 0.08082379488495217
0 0.05546875 0.3956352077473264 0.109375 0.0928238251355733
0 0.04453125 0.3002590752337691 0.084375 0.10517837939029935
0 0.128125 0.32808915944452866 0.1984375 0.11990447560311139
0 0.14140625 0.2781664274967054 0.1 0.03964428298109555
0 0.0765625 0.2309141775949013 0.0859375 0.06456246974937896
0 0.39921875 0.37576008674484235 0.103125 0.09591246369925469
0 0.32890625 0.32535102058625953 0.1421875 0.08363972267624523
0 0.515625 0.37565606849627386 0.1390625 0.082059041958086
0 0.57734375 0.24867138767991875 0.1203125 0.07726245764913058
0 0.1390625 0.753152791958086 0.10625 0.0724931444174139
0 0.17890625 0.2361970961146162 0.1578125 0.05716812626704133