3 0.02890625 0.075 0.0578125 0.15
3 0.1664086792401424 0.18144190287083228 0.30881000539858466 0.19532499445597953
1 0.4796875 0.22734375 0.140625 0.1921875
1 0.8231206205268542 0.2623693242986905 0.3469253120372805 0.1851001259977757
0 0.88359375 0.39375 0.2328125 0.05
0 0.38125 0.52578125 0.05625 0.0890625
3 0.7515625 0.55390625 0.35 0.2703125
2 0.95703125 0.709375 0.0859375 0.24375
1 0.8875 0.9109375 0.225 0.178125
1 0.7843084194918801 0.7471762347796818 0.31754638797200824 0.22850151550266684
1 0.4796875 0.7078125 0.140625 0.178125