0 0.19296875 0.0765625 0.1421875 0.153125
0 0.2640625 0.04921875 0.11875 0.0984375
0 0.23449235018171413 0.142553576019336 0.11123847241038014 0.1256090540583344
0 0.11822221901947812 0.20024387705260832 0.12496677973732648 0.14911927693097135
0 0.2518901328597166 0.3470774495559029 0.13621854025277608 0.21478972872636942
0 0.2660831869073025 0.19547858811958446 0.082212713703953 0.1082579275949012
0 0.32663890660414924 0.14279849483363857 0.15044481456303557 0.217996541958086
0 0.3609375 0.0921875 0.115625 0.184375
0 0.3468994176854257 0.2777956635497453 0.11716092378986112 0.11939541549465282
0 0.3859375 0.21484375 0.065625 0.1546875
0 0.3212675746282592 0.39431554303824046 0.11427494120271575 0.1537431444174139
3 0.18671875 0.62578125 0.2609375 0.2921875
1 0.22265625 0.94375 0.2609375 0.1125
0 0.46171875 0.815625 0.0859375 0.15625
1 0.88984375 0.8984375 0.2203125 0.203125
2 0.6640625 0.81171875 0.2375 0.3765625
1 0.70859375 0.9625 0.2078125 0.075