0 0.5609317982742704 0.17596035538000718 0.07886308451458142 0.16302206348717307
0 0.5115814427833145 0.10895137675063152 0.0499184592838688 0.0753085759347277
0 0.7483448419250622 0.8303714777809612 0.08627506631598418 0.15736405933798814
0 0.9378240538298247 0.6154298715525395 0.04086243676633501 0.15236798340326044
0 0.6351241486803225 0.8622745184476173 0.12028912091177588 0.17860044191141178
0 0.5090029372369853 0.9013747524755777 0.0899216980251019 0.11721265601864025
0 0.5126447786913971 0.6989601474965559 0.104363732262828 0.17272895020978146
0 0.4531405683277942 0.7540037676224248 0.08899954811738695 0.1513508576783142
0 0.4624130436507919 0.6335728684522618 0.08473355027685514 0.10904495850815117
0 0.5606688733850114 0.5561564182424803 0.09541023442229637 0.13006785352912936
0 0.41616550663528845 0.45748488774829366 0.09629041640826923 0.19233105518880328
0 0.4253228562661482 0.5936232972914188 0.06059514342930998 0.09633147095570589
0 0.37796819247877267 0.6531884740559836 0.11035291640826923 0.19339664772027057
0 0.3514068900424491 0.7158427620233473 0.08671515730897053 0.1884956601678251
0 0.3372874259782184 0.8755137599487549 0.09444851172019231 0.13932445435896632
0 0.24536074183277723 0.9026934118182103 0.10684838217054296 0.13870914772027057
0 0.2801944216592817 0.7958747267552758 0.12441541640826922 0.19446224025173767
0 0.23412045805647633 0.7869267018601666 0.04350777297895929 0.09659158008391255
0 0.18729672039497744 0.8503389290396498 0.06458173658176473 0.08574916846619515
0 0.3386529734772964 0.5387716991608743 0.0952705320782579 0.10362375269929239
0 0.2890849676172003 0.608611525095602 0.08507351172019231 0.13861405933798815
0 0.34561197717792425 0.43017794916087426 0.0833107526208936 0.13537066016782512
0 0.22973545574012447 0.3822042356783456 0.07742169802510182 0.11626546265733602
0 0.6785015137320023 0.7555858879487862 0.07349566162790726 0.10352866431700995
0 0.19731087292358604 0.7547304311142422 0.06253717766703622 0.15090057178554267