1 0.4 0.0953125 0.21875 0.190625
0 0.3514899882710575 0.20476423532220078 0.20274222376899792 0.1153468258882322
2 0.946875 0.52109375 0.10625 0.2109375
1 0.64375 0.59453125 0.26875 0.1296875
1 0.83515625 0.36640625 0.3296875 0.2546875
1 0.1734375 0.70390625 0.346875 0.0890625
0 0.0421875 0.8859375 0.084375 0.115625
0 0.41484375 0.68515625 0.1265625 0.0515625
0 0.4409467001358859 0.760461963610579 0.12541489926336596 0.10084337014004516
0 0.4765625 0.865625 0.065625 0.10625
3 0.4453125 0.95390625 0.128125 0.0921875
3 0.275665907561239 0.761889684660247 0.23956451659574646 0.1964898180303493
1 0.7328125 0.91015625 0.328125 0.1796875