1 0.9315551915410805 0.4974335547548231 0.13688961691783916 0.2826108646384672
1 0.15130436803846622 0.522585971331088 0.27823997492717534 0.2298280573378241
0 0.8013511468057075 0.7127614188989987 0.1536371285298145 0.13111203163466154
0 0.7293912302709448 0.7665350177201351 0.1309437746106063 0.10209569368794007
0 0.5321525174179632 0.7620570592406283 0.16237563103709682 0.10961903361182798
0 0.9228501297834558 0.24143822273960058 0.1542997404330883 0.10812020060802234
0 0.4596551109788372 0.25972523809982084 0.19693248746358769 0.11726970752810457
3 0.05500368104973223 0.6000344920913345 0.07972826708875884 0.16555601581733087
3 0.6692022925572949 0.06893977612309202 0.20723348997087002 0.09584037650146529
1 0.3346216702291796 0.371195931787761 0.2988707236735341 0.2415932282883512
2 0.2733481672596787 0.7115927801146057 0.3160294799417403 0.1876697322426839
2 0.17685360048748897 0.6748514668824637 0.2842339106622681 0.167646392318796
1 0.27811194279472173 0.17639010916407866 0.38021165188677947 0.24802891209045957