0 0.7943890456871876 0.15711902830571342 0.09393706363895848 0.27707156010845857
0 0.6960807918874655 0.26395535646634877 0.1908497376509029 0.3463760720123153
0 0.6105823158231601 0.41759850693388695 0.12329594889756948 0.19600336729005097
0 0.5456781355429514 0.11324735021983283 0.12311411094166687 0.18819086729005097
3 0.47184516451263914 0.3316751633533535 0.1938292672861809 0.3401442527304745
1 0.3267859312301391 0.2762614763886784 0.15974520801562528 0.352444264830723
1 0.17909657969086842 0.4435494912194013 0.1881234747331252 0.2963669816532356
2 0.38502645668444513 0.7978683107958296 0.13085648860083357 0.3194681383672897
2 0.537752719602223 0.8469865459651068 0.16297669794763897 0.22279312626704134
0 0.44745688145888884 0.023822798499189505 0.08553876291777769 0.04764559699837901
1 0.8153133687285423 0.7875514168693949 0.2349608007211806 0.2278987827847038
0 0.6631716001111814 0.8978263624182772 0.14186411094166687 0.18829995159900648