0 0.18386401307720793 0.4582731417986718 0.18408731252120453 0.09392423466476138
1 0.55078125 0.2265625 0.3015625 0.209375
3 0.52578125 0.03046875 0.1484375 0.0609375
3 0.29140625 0.98515625 0.2171875 0.0296875
0 0.34375 0.74453125 0.1125 0.1078125
0 0.2480232607149552 0.8499468255909128 0.17254961179556502 0.07597191015912914
3 0.0546875 0.66015625 0.109375 0.0859375
3 0.86328125 0.753125 0.2734375 0.171875
0 0.7610440719702154 0.6683033416824563 0.12843751324684388 0.10717835149293879
2 0.9015625 0.57265625 0.196875 0.1078125
3 0.44375 0.55703125 0.0875 0.0765625