3 0.16875 0.29296875 0.2 0.1734375
2 0.365625 0.0765625 0.146875 0.153125
0 0.35625 0.3125 0.165625 0.075
3 0.46328125 0.14453125 0.0484375 0.1234375
2 0.11171875 0.553125 0.2234375 0.215625
3 0.07578125 0.921875 0.1515625 0.15625
1 0.08203125 0.8328125 0.1640625 0.16875
1 0.2703125 0.70625 0.3375 0.16875
1 0.059375 0.45703125 0.11875 0.1546875
0 0.34765625 0.5 0.1828125 0.165625
3 0.5749628606992567 0.5440786513766765 0.14818950725639404 0.17435689204448085
3 0.84921875 0.52890625 0.3015625 0.1203125
0 0.89375 0.415625 0.14375 0.071875
0 0.6840451948200077 0.4928900726421507 0.13221727767481414 0.11942393019392786