1 0.3453125 0.134375 0.296875 0.26875
1 0.5390625 0.15078125 0.196875 0.2359375
2 0.5671875 0.0734375 0.165625 0.146875
0 0.1578125 0.07421875 0.221875 0.1484375
1 0.6109375 0.8296875 0.078125 0.340625
0 0.24833491604448793 0.40958331665500214 0.15223039578060843 0.22141869665368966
0 0.575 0.3359375 0.128125 0.134375
3 0.8155631114535928 0.5701268858186433 0.1883091368892682 0.15894787155854945
3 0.79765625 0.85 0.1390625 0.3
0 0.92265625 0.92734375 0.1046875 0.1453125
0 0.8565413300220615 0.6936943784042695 0.13133139081820958 0.14103085969555132