3 0.6546875 0.165625 0.13125 0.096875
0 0.54765625 0.80546875 0.0828125 0.0828125
1 0.1744837839239592 0.873670902190749 0.2627374367663348 0.16178948635114895
1 0.0421875 0.85078125 0.084375 0.1453125
2 0.13079673580657233 0.7267573608344202 0.23315006631598417 0.16196926881613755
1 0.853125 0.82265625 0.29375 0.2953125
3 0.91484375 0.97578125 0.1515625 0.0484375
2 0.7546875 0.98203125 0.33125 0.0359375
0 0.64765625 0.92734375 0.1171875 0.0453125
0 0.62421875 0.84765625 0.0703125 0.0921875
3 0.6903210186600226 0.47797752832665025 0.15614747532299766 0.12722608767505647
1 0.7857858220191968 0.8859034983428609 0.19635097316352948 0.1711601782455972