1 0.0859375 0.12890625 0.171875 0.2578125
0 0.4375 0.0390625 0.09375 0.078125
0 0.4453125 0.41640625 0.0875 0.1671875
0 0.5078125 0.45703125 0.0375 0.0859375
0 0.554916739850435 0.20390153807286032 0.1128660129856435 0.20127269334818115
0 0.51640625 0.06640625 0.0546875 0.1015625
0 0.54765625 0.0515625 0.1171875 0.103125
0 0.6127235113607904 0.11474867874758718 0.10347164772652384 0.11055678668045399
0 0.6453125 0.05625 0.1 0.1125
0 0.6341639090873142 0.2243509454169052 0.0977671185055307 0.141734061346272
0 0.7652735872526473 0.26258783676794983 0.09118983603812651 0.12291133601209037
0 0.184375 0.525 0.146875 0.05
3 0.2447349906612139 0.7413106314051331 0.23720353977100467 0.2542715186982713