0 0.01953125 0.4546875 0.0390625 0.128125
0 0.0984375 0.4703125 0.14375 0.096875
0 0.2488176874517798 0.36158111815986144 0.12885780788560605 0.18390483415618064
0 0.3036644262418921 0.4221198810776393 0.10819462152108805 0.16003092306201405
0 0.30921331138876385 0.29904605698944486 0.10162588606495557 0.11777068787965277
0 0.21710581759768174 0.21190777327010454 0.11578398091420465 0.13837412860909737
0 0.38061059501842676 0.12292127450437551 0.12426590273485516 0.20407186379145834
0 0.35374469032671774 0.26187401852045183 0.07535042848861018 0.10156380642076393
0 0.3956928163897337 0.32679115691319494 0.14001844849248962 0.20599803970326408
0 0.4158934882103841 0.39276164902941024 0.112818219704317 0.1975672906531944
0 0.409375 0.5 0.115625 0.0375
0 0.48046875 0.44765625 0.1515625 0.1421875
0 0.5296875 0.471875 0.05625 0.09375
0 0.57109375 0.509375 0.0765625 0.01875
0 0.45116195320359537 0.21345666194718804 0.11061824879205204 0.11330139342673622
0 0.49556539957005297 0.28934766793111166 0.10548420970237729 0.14593205547083343
0 0.4585124544115434 0.10290102165458385 0.10379416394474283 0.14433318787965277
0 0.5863187189554109 0.06376839931375064 0.09601361485312836 0.12543771751493066
0 0.06826906018081588 0.4041647424005557 0.09017820303441741 0.11126611474138884
0 0.57265625 0.44375 0.0828125 0.15
1 0.221875 0.6484375 0.1875 0.259375
3 0.61171875 0.90234375 0.1140625 0.1953125
0 0.74921875 0.53671875 0.1015625 0.0359375
0 0.7328125 0.9578125 0.128125 0.084375
0 0.79296875 0.94296875 0.1015625 0.1140625
0 0.71328125 0.8578125 0.0890625 0.1375
0 0.8649855950184268 0.7697962745043755 0.12426590273485516 0.20407186379145834
0 0.8381196903267177 0.9087490185204519 0.07535042848861018 0.10156380642076393
0 0.8796875 0.93515625 0.140625 0.1296875
0 0.9 0.9703125 0.1125 0.059375
0 0.9355369532035954 0.8603316619471879 0.11061824879205204 0.11330139342673622
0 0.96328125 0.93125 0.0734375 0.1375
0 0.9428874544115434 0.7497760216545839 0.10379416394474283 0.14433318787965277