2 0.421875 0.12421875 0.25625 0.2484375
2 0.10234375 0.2890625 0.2046875 0.121875
0 0.9546875 0.23125 0.090625 0.18125
0 0.27642306555365914 0.8640815556710774 0.159135367244561 0.23833299985882572
0 0.51171875 0.73125 0.0765625 0.1875
2 0.8625 0.421875 0.2 0.14375
3 0.91875 0.5578125 0.1625 0.365625
1 0.6109375 0.9296875 0.121875 0.140625
0 0.5796875 0.83828125 0.059375 0.1859375
3 0.7913032028572121 0.7687011662367734 0.21354038502724126 0.369279162970653
2 0.90234375 0.86484375 0.1953125 0.2703125