0 0.23488079328454772 0.3482404851128038 0.171457924013363 0.10636993217453856
0 0.15472057861236613 0.3925769900752026 0.08036020934118149 0.06152400496239867
0 0.9329284892982288 0.21500176034359142 0.1293431493475449 0.11065501778268035
0 0.7853011533259094 0.02094377688341744 0.1504727146721816 0.04188755376683488
0 0.9268864799490931 0.33162633416490894 0.1391363200190902 0.14702916542531544
0 0.9441456105983669 0.4588780388796387 0.10116360534690827 0.10465757485477489
0 0.7530575339354121 0.4404491782501062 0.18424882535008996 0.13195212903138528
0 0.7905842585932761 0.5035099503760128 0.16061133068109026 0.11367300992479734
0 0.6721160692632304 0.48482207051605786 0.11833292401336308 0.10389559553293921
0 0.6217989906110934 0.38019238255055116 0.1419158746817267 0.11748721463952716
0 0.4796649399268215 0.5164295971900783 0.2013817813494539 0.1280651497095498
0 0.6209711925923216 0.5184372452469983 0.10083634134309047 0.0765325748547749
0 0.6687632552514583 0.5716499824267167 0.20468859468490824 0.14383569892376152
0 0.7238411065802313 0.6026602338744588 0.19658519334818117 0.1184718258882322
0 0.8812536172422314 0.6296849985567672 0.15132723734881742 0.12104886228216216
0 0.8809439872295048 0.7233986112532141 0.14674882535009032 0.13020553846084476
0 0.7846144272358682 0.6810356368937773 0.2079408640197263 0.15491874813797324
0 0.7630025092298229 0.7265493440897064 0.10065452800763594 0.060907574854774896
0 0.8147099125557323 0.7787988947516602 0.09306020401018138 0.0792937018192454
0 0.5411558759150494 0.6002373629058442 0.11373633068109026 0.1114897717116218
0 0.5975053259070953 0.6561748397464802 0.1464942866804538 0.10833053846084476
0 0.4327984832511402 0.5849826980997012 0.14491360534690845 0.10669526385373888
0 0.3510661305697317 0.6973243403656528 0.12607269867918128 0.0980094685684687
0 0.8564381672899565 0.2794688287882255 0.11191929201145427 0.08954199710451594
0 0.7196610418921413 0.7605818957851176 0.15563292934436318 0.08845468610347992