0 0.8157248434569965 0.5166814925605049 0.17133238433001133 0.09098972135581711
0 0.8708944023717251 0.45036560188577796 0.08162953423772627 0.05559656667727229
0 0.20831616825397054 0.8716648199793191 0.16880816162790724 0.10032835868872639
0 0.4472761435769682 0.9892864826145932 0.15236353639719452 0.014263589353907946
0 0.1646384145533427 0.763498331317637 0.1803860117201923 0.13481244668999892
0 0.1071286983296436 0.6468926339910913 0.11402053207825791 0.09812951201463563
0 0.29724375616463794 0.6001159892982288 0.1855345866740498 0.11769767202418073
0 0.23486486967515835 0.5539318799729558 0.16422079117755653 0.10183631468808993
0 0.35236325030454185 0.533018848623502 0.1200702729789593 0.09507723734881743
0 0.4442386721114818 0.6124785346117297 0.14274630937615385 0.10783177601845359
0 0.5169183011997058 0.4411933332670485 0.20544656847545256 0.11168402936027153
0 0.3860280490402375 0.48493533728518406 0.10284320018457009 0.06989542401336309
0 0.3198127637227771 0.4520870219605473 0.20801036397194564 0.1273272106938169
0 0.2542180421004072 0.4411227973026833 0.19859579117755652 0.10223630402608971
0 0.09946998534514702 0.46637843065722767 0.14587130937615383 0.10786813868554468
0 0.07599411011443435 0.3806500159930003 0.11053458667404978 0.11682496801399936
0 0.1640448226375056 0.38822561131445543 0.21037390036914028 0.13984539202736243
0 0.1664596213732013 0.34050572664704637 0.10164164558877826 0.05114542401336308
0 0.09560690083056558 0.3084932053230459 0.09366845928386877 0.07291133601209036
0 0.4241009430878563 0.38363591927913887 0.11588342072720578 0.10283519334818107
0 0.3485106577703959 0.3508966919557748 0.14673290252860854 0.09694882001909004
0 0.5314430737172398 0.36284106659773047 0.14507027297895939 0.09536813868554458
0 0.5591198858711708 0.2335166459261852 0.12748225478036196 0.0889181440165447
0 0.2690150339239592 0.7818296133036378 0.11301923658176474 0.0825045120146358
0 0.19084954965854636 0.29409380331000107 0.15783108883351807 0.07521927068745357