0 0.33674082281635975 0.3930827701245656 0.11767188936371689 0.12468074879205204
0 0.3765621860128917 0.3490140346684331 0.061164284130279654 0.08896664727484316
0 0.19140739406069135 0.20242543240231825 0.09174642619541977 0.13344997091226496
3 0.0515625 0.38359375 0.103125 0.2671875
0 0.0794303098033545 0.2610187955884567 0.13658848933548207 0.15577125212603188
1 0.1546875 0.96640625 0.2125 0.0671875
0 0.09403478121709523 0.8912472690857953 0.10891851564384121 0.16128792848861034
0 0.1796875 0.9421875 0.11875 0.115625
0 0.17975320236260467 0.7861295922641751 0.07191977360693613 0.08673446757828503
3 0.13234685232025237 0.8347423065084802 0.11553253669052861 0.16804811151914842
0 0.8410554524331918 0.6024420525462805 0.10442843671876342 0.1375953369733412
3 0.69140625 0.9296875 0.2578125 0.140625
1 0.6350076626883043 0.9057735730092018 0.1645160682605596 0.18137703000581898
0 0.45 0.94609375 0.040625 0.1078125
0 0.4453125 0.6296875 0.03125 0.128125
2 0.47734375 0.878125 0.0953125 0.24375