0 0.5202664624336215 0.34140625 0.07116645020978148 0.09375
0 0.3703125 0.021875 0.084375 0.04375
0 0.334375 0.04453125 0.065625 0.0890625
0 0.76640625 0.36875 0.1171875 0.040625
3 0.1703545084988624 0.6046875 0.1453861228251613 0.1453125
1 0.046875 0.91328125 0.09375 0.1734375
0 0.57265625 0.41328125 0.0546875 0.0484375
0 0.71953125 0.44453125 0.1109375 0.1109375
3 0.8745530659627508 0.76328125 0.1531305356922786 0.309375
1 0.6984375 0.69375 0.196875 0.25
0 0.7230534560093516 0.55625 0.08570254689043359 0.1
0 0.965625 0.7453125 0.06875 0.19375