0 0.3640625 0.3160309989370547 0.1703125 0.10850220258518864
0 0.41953125 0.38486457057215384 0.0796875 0.06262201680591399
0 0.03125 0.21328125 0.0625 0.1203125
0 0.08203125 0.3796875 0.1640625 0.11875
0 0.07734375 0.425 0.1453125 0.028125
2 0.85078125 0.2859375 0.2984375 0.30625
0 0.77421875 0.17611028897467335 0.1859375 0.1403888725471326
0 0.20390625 0.459375 0.1828125 0.040625
0 0.14140625 0.47734375 0.1609375 0.0765625
0 0.2609375 0.48671875 0.11875 0.0953125
0 0.35234375 0.4515625 0.1421875 0.025
0 0.42109375 0.5765625 0.1953125 0.13125
0 0.29375 0.5304780898867067 0.1 0.07751218775644109
0 0.2265625 0.5629032707230656 0.2046875 0.1442778765014653
0 0.16171875 0.5733579510651328 0.1953125 0.11889587452429887
0 0.0390625 0.54375 0.078125 0.121875
0 0.01796875 0.628125 0.0359375 0.13125
0 0.0875 0.6234375 0.175 0.15625
0 0.07265625 0.6730807198482132 0.1 0.06188718775644109
0 0.0234375 0.703125 0.046875 0.08125
0 0.33203125 0.6336057484799442 0.1140625 0.11246019072219049
0 0.25546875 0.6664129312934695 0.146875 0.10910969764227296
0 0.4390625 0.6565883092406284 0.1453125 0.1090460306460784
0 0.4609375 0.78671875 0.115625 0.0984375
0 0.096875 0.7197501314072001 0.1546875 0.08911553262324468