0 0.54921875 0.01484375 0.1390625 0.0296875
0 0.7765625 0.3754544617571042 0.15 0.10648743676633483
1 0.51953125 0.61640625 0.0796875 0.1046875
0 0.5578125 0.515625 0.15625 0.128125
0 0.50546875 0.47109375 0.0515625 0.1484375
3 0.5890625 0.59765625 0.203125 0.1421875
2 0.87578125 0.5073774853543723 0.2 0.15031658235511322
3 0.63125 0.11836025987449102 0.146875 0.13753717766703621
0 0.4234375 0.72421875 0.1125 0.1109375
3 0.11328125 0.8322455937707636 0.21875 0.1733931369509049
0 0.296875 0.72890625 0.19375 0.1203125
1 0.8375 0.82109375 0.325 0.2671875
3 0.73359375 0.9140625 0.2515625 0.171875
2 0.6515625 0.7390625 0.33125 0.140625