0 0.9026352378447214 0.909868661519651 0.08154355357097245 0.14823867694751697
2 0.7118804445291665 0.10621400730030536 0.17623911094166686 0.19050008928453738
0 0.199068053952222 0.2785864703719697 0.1674836664125002 0.284059174511885
0 0.1998213220009021 0.7834921586835725 0.08208906743868072 0.17167617694751697
2 0.11422800769635347 0.8343631375802542 0.14913240349472243 0.2337591655834313
2 0.5505512866660411 0.623921884330548 0.19840766451263914 0.3377023717519414
3 0.6173517012755896 0.9055063906231464 0.19829594889756966 0.18898721875370725
0 0.7543419017886798 0.9682424488583189 0.10592399810013901 0.054952327109672794
3 0.5538640035153817 0.3136974504831721 0.16225195896555586 0.32770008035608367
2 0.2714924870822222 0.054759232546834326 0.1314331443766667 0.07726370373287823
2 0.3689415300165274 0.4347388331954575 0.12358558320625015 0.14272506249917621
2 0.8390423565732638 0.11624930072475807 0.11566528685347244 0.20506142126547414