0 0.8501662796585487 0.8676273485660726 0.17714783175849824 0.11837793144645267
0 0.9572197999921507 0.961389512156271 0.08556040001569869 0.07722097568745809
3 0.6525621041606527 0.7883447681083557 0.33403772721932723 0.2368979745253025
3 0.2228448331092606 0.6904932320668712 0.3726984339354164 0.18348875126050784
3 0.38868310951813034 0.5742776422260004 0.26695935462398895 0.23532476684784812
2 0.638881516959859 0.5528061058555397 0.5151290145127883 0.37893192725907865
1 0.30696185044763774 0.3542440116520679 0.3551488353866953 0.21655262353656682
3 0.15503227349846294 0.2438642505042031 0.1620139050794759 0.13134782500983525
3 0.10387651206571755 0.18495379022885844 0.20284229092165812 0.2292825804577169
0 0.21170637023308556 0.170672404963349 0.12416667549789595 0.07414733020561534
0 0.2967634165122213 0.19610372972108273 0.11917164065150558 0.10964778763096836
2 0.6767956568935745 0.21020869645271517 0.47301094718226044 0.28870041116753536
0 0.7856919964566209 0.29341967022171317 0.12260417549789579 0.07403806956195354
0 0.7440154171451935 0.3497353721991846 0.17725695916315978 0.12150293144645259
1 0.5989410193221116 0.39102737169498153 0.34906252649368774 0.22080308096191992
0 0.2494222351935116 0.8489995007563046 0.21535715988879928 0.14131268689433432
1 0.8752926989963589 0.7596945162667703 0.24941460200728222 0.2204645913534801
1 0.9005903101589517 0.6420753275308507 0.19881937968209656 0.2119529688253195