0 0.18251303903121974 0.08810906842154236 0.10506929508134392 0.06867109514371963
0 0.6373243006404888 0.39113740934211993 0.16162836729005098 0.1234328029821361
2 0.8396998668972675 0.40249376114975705 0.3166249394987581 0.18105874953778164
0 0.5604724717924825 0.7419664719576745 0.1724113311856975 0.09718855172849494
1 0.35849233615566717 0.7985788701500373 0.2899624455488821 0.16309835972519604
0 0.11245260742929775 0.6664410054102763 0.1757181383672898 0.12852947994174038
1 0.0459458425985748 0.5129690129321237 0.08683744554888215 0.15718802586424746
3 0.016466379095711765 0.2793381590129155 0.03067834913967833 0.17117631802583094
0 0.040711879292103494 0.15037808471887837 0.08016928903121974 0.08513116943775674
0 0.05335031820168625 0.7115883693586145 0.07756243949875796 0.17410274122451136
0 0.19005387002052548 0.31016592484803307 0.1097295240041051 0.06411998746358769