1 0.3078125 0.08125 0.275 0.1625
3 0.33203125 0.34296875 0.1859375 0.3140625
0 0.4528168135329943 0.37524066331652295 0.11328623986054129 0.15373052000387943
0 0.421875 0.41875 0.128125 0.1625
0 0.669599757968897 0.3119583818128918 0.09424130891829186 0.12576501666989942
0 0.7796875 0.4265625 0.115625 0.146875
0 0.9343667343357851 0.37913080892437634 0.10631497402109957 0.18734024545807207
3 0.93984375 0.0765625 0.1203125 0.153125
0 0.98984375 0.178125 0.0203125 0.109375
0 0.9404150025210154 0.2521378742268482 0.10013067599857095 0.1433351539428031
1 0.628125 0.75546875 0.05625 0.3984375