0 0.45703125 0.3703125 0.1046875 0.196875
0 0.2583642342198503 0.15511947326545766 0.0922060405319101 0.1931692920114539
0 0.22734375 0.5609375 0.1078125 0.0375
1 0.078125 0.36796875 0.15625 0.3046875
1 0.05078125 0.5296875 0.1015625 0.1
0 0.978125 0.35 0.04375 0.16875
1 0.88125 0.0390625 0.153125 0.078125
0 0.559375 0.0234375 0.1 0.046875
1 0.5453125 0.1640625 0.071875 0.31875
3 0.62578125 0.07734375 0.1703125 0.1546875
3 0.6657509002646426 0.3705183012810479 0.17801620653952135 0.19104426535645355
0 0.8223656561961417 0.3968342585932761 0.07894203657757756 0.17427384134309049
2 0.184375 0.8484375 0.121875 0.303125
0 0.6183002387056555 0.8821483339831371 0.07457287155854941 0.1820317973424542