0 0.47578125 0.21484375 0.0671875 0.1890625
0 0.7972038301124182 0.44755959092057757 0.09418503460041112 0.16660848997087002
0 0.8644987594659023 0.5096026013454189 0.05461851581733086 0.07650031551854823
0 0.775 0.0234375 0.09375 0.046875
0 0.6992067515200558 0.07249374326957544 0.10697419467652321 0.1357676669304743
0 0.8683016028126502 0.1624691885715796 0.11258220752810448 0.19679609514371954
0 0.8234375 0.0390625 0.06875 0.078125
0 0.8546875 0.03359375 0.128125 0.0671875
0 0.9241749180219585 0.07825932462324152 0.10270318874502422 0.10755173871722885
0 0.953125 0.0390625 0.09375 0.078125
0 0.9464730237631773 0.18503216184940233 0.09622769566510651 0.14013691818411544
3 0.17734375 0.7296875 0.1421875 0.2
1 0.7203125 0.66953125 0.153125 0.0796875