1 0.2927419658697202 0.084375 0.3469645472138724 0.1625
1 0.33082725284259745 0.221875 0.33683068401734034 0.203125
1 0.8516865134365282 0.29296875 0.27405766823232475 0.1984375
0 0.5883898528849498 0.26640625 0.15482327886860786 0.0828125
2 0.9120794399142967 0.46328125 0.13197658404557516 0.1734375
2 0.8099492505646972 0.59375 0.32185813140062186 0.1875
0 0.38501786902290114 0.6328125 0.33540542093374787 0.125
1 0.12346280289906716 0.65703125 0.24692560579813433 0.1890625
3 0.06817679244631064 0.753125 0.13635358489262128 0.071875
0 0.8491588798285935 0.9265625 0.14270271046687383 0.0625
0 0.8779972403942896 0.96796875 0.07560621572854558 0.0640625