2 0.321875 0.1015625 0.40625 0.203125
0 0.3170287948754947 0.23243166785845074 0.16610449710451575 0.12407471303635731
1 0.53046875 0.2859375 0.2171875 0.215625
1 0.60078125 0.22265625 0.0765625 0.2203125
0 0.13359375 0.07578125 0.1921875 0.1515625
1 0.121875 0.26015625 0.24375 0.1921875
3 0.0609375 0.3859375 0.121875 0.065625
3 0.71640625 0.20234375 0.1546875 0.2578125
3 0.71171875 0.93203125 0.1453125 0.1359375
1 0.95390625 0.8359375 0.0921875 0.234375
1 0.825 0.75703125 0.35 0.2359375
2 0.78125 0.94453125 0.284375 0.1109375