2 0.0640625 0.5046875 0.128125 0.18125
2 0.0609375 0.33984375 0.121875 0.2390625
2 0.03671875 0.1109375 0.0734375 0.221875
0 0.39375 0.50546875 0.05 0.1203125
2 0.15234375 0.659375 0.1734375 0.040625
1 0.20098103652129856 0.4726239566312712 0.15038537824476322 0.29569942431676954
3 0.28671875 0.096875 0.2296875 0.19375
3 0.39375 0.13671875 0.05 0.2734375
0 0.4805554882255819 0.5242658129845406 0.08893758928453757 0.1748760036281972
1 0.5484076412304068 0.2912871326773213 0.25824451704283324 0.3915972560752678
2 0.07421875 0.79453125 0.1484375 0.2296875
2 0.11953125 0.91953125 0.1203125 0.1609375
1 0.34765625 0.85859375 0.1421875 0.2828125
3 0.434375 0.91484375 0.03125 0.1484375