1 0.0953125 0.2015625 0.190625 0.190625
0 0.053125 0.08046875 0.10625 0.1265625
3 0.29296875 0.5484375 0.1890625 0.040625
0 0.3640625 0.0171875 0.103125 0.034375
2 0.6280109604291043 0.22826216459674592 0.23209328130301116 0.2136045434232435
2 0.77734375 0.53046875 0.2328125 0.0765625
3 0.24453125 0.58828125 0.2359375 0.0390625
0 0.3671875 0.6609375 0.203125 0.1125
0 0.59140625 0.95234375 0.1453125 0.0953125
2 0.80859375 0.91171875 0.2328125 0.1765625
0 0.5871255216843644 0.7572453815125847 0.13942957694917482 0.10633139081820957