2 0.21015625 0.6578125 0.2171875 0.184375
0 0.2646398343161147 0.32340246377741827 0.10809599530842284 0.1855858105039836
1 0.196875 0.09296875 0.24375 0.1859375
3 0.14530532627034293 0.3073037538274307 0.21679328813517137 0.2682739415410804
1 0.0328125 0.47265625 0.065625 0.3296875
1 0.49296875 0.075 0.3078125 0.15
3 0.8150490157625672 0.48330030100357907 0.19758410224924355 0.35035901583511764
3 0.6816305923618863 0.3329629833734596 0.23733501709994959 0.33904108260730725
3 0.72734375 0.703125 0.2171875 0.09375
3 0.45703125 0.70859375 0.1546875 0.0828125
2 0.9 0.33984375 0.2 0.3046875
3 0.14836389633649966 0.9107470025737895 0.1929408888718056 0.17246133636823088
3 0.65703125 0.8578125 0.3203125 0.215625
0 0.9296875 0.91171875 0.140625 0.1765625