1 0.14537804986815941 0.35923795120007307 0.19019642743041695 0.3928168544242795
1 0.08250724168970462 0.6980500481807544 0.16501448337940924 0.28613020678164425
1 0.8702234345580896 0.8015236112532144 0.16784603590354194 0.23725605913900916
1 0.8974431640408674 0.6379319921466264 0.13427112290951407 0.27003001778268043
3 0.9133260032310412 0.4584799325933324 0.12936280452090293 0.12620724317557439
2 0.49918292952409643 0.8835785558337494 0.2417913757593057 0.19543674028009014
1 0.7202766795240965 0.8732809489282707 0.21446515634451407 0.16138707195929064
3 0.4079812737482634 0.6443405814743126 0.23637783035645848 0.23108314185166687
3 0.08159538602111034 0.9201968759310134 0.09724128875333346 0.15436647642635143
0 0.3773650937523952 0.7526817744022181 0.08455945079743063 0.14597177956950452
0 0.5738167468658679 0.09111491997793862 0.11926175911805573 0.16163532092583346