0 0.40703125 0.5015625 0.1640625 0.175
3 0.23798593769841067 0.46147641596739514 0.45129928901808825 0.17569446515613585
1 0.05703125 0.27890625 0.1140625 0.2703125
1 0.276184449418603 0.32641433173429774 0.3722101711886312 0.3003141116270065
0 0.36640625 0.146875 0.2453125 0.19375
2 0.12421875 0.06875 0.2484375 0.1375
0 0.94453125 0.50859375 0.1109375 0.1359375
0 0.5515625 0.08046875 0.125 0.1109375
3 0.49921875 0.23828125 0.0203125 0.1859375
0 0.5140625 0.353125 0.05 0.121875
3 0.8109375 0.4390625 0.35625 0.3
0 0.41328125 0.60234375 0.1515625 0.0265625