1 0.06806730296620714 0.2519506300697293 0.13613460593241428 0.26172373986054137
0 0.3811082523457885 0.08364874430001681 0.34403349530842303 0.16729748860003363
3 0.6467607494957969 0.10093089934024042 0.46470662822814396 0.19731058666190315
1 0.879579331290896 0.27356609796351716 0.20930857006615683 0.28051729852673174
1 0.613762943175395 0.23928855899516646 0.390962761652068 0.3212072725478312
0 0.49416671915429555 0.42646041308599536 0.32717377723940827 0.20946138937600872
2 0.8090654634543124 0.514835590169847 0.3143459953084231 0.20389980422671491
3 0.8497240423994199 0.7561054463543628 0.1971913462971589 0.17393951659574647
0 0.504695401686029 0.7094860805345915 0.12533848960843982 0.08028806956195353
1 0.37581701281422325 0.8848681288092216 0.34461264951546744 0.19202251709994939
0 0.3294600909261517 0.6027929561648453 0.41101318169855416 0.27440868220275727
0 0.2787666862149042 0.7385008632218814 0.15630426634364492 0.12287976114786474
1 0.2970632181458893 0.7325568658197714 0.27862701659574646 0.204511809422495
0 0.24674115403181746 0.8184832941641307 0.10960422896477803 0.07763296312533621
1 0.1220396189218645 0.5646038133577673 0.244079237843729 0.2832923732844653
1 0.14348901198104405 0.3716843398408709 0.2733603623887021 0.218137266847848