0 0.353125 0.425 0.03125 0.128125
0 0.2421875 0.03046875 0.096875 0.0609375
0 0.33125 0.06328125 0.075 0.1265625
0 0.21450344050063047 0.19415609355715252 0.11365758045771698 0.2028900468904336
0 0.21013873257107427 0.05311669646158186 0.07072739926336595 0.10016686597668398
0 0.15703125 0.05234375 0.1296875 0.1046875
0 0.1234375 0.021875 0.103125 0.04375
0 0.12989921153585238 0.1298819512354667 0.10430472376899794 0.11359074855010753
0 0.07109375 0.071875 0.0984375 0.14375
0 0.14614120659217383 0.23860575579957005 0.0987866972858944 0.14581125269929238
0 0.03984375 0.315625 0.0796875 0.125
0 0.740625 0.0609375 0.115625 0.121875
0 0.8078125 0.0203125 0.103125 0.040625
2 0.7310464482943007 0.2688502854685641 0.23535761783658363 0.25407588382282337
0 0.53671875 0.07265625 0.1203125 0.1453125
0 0.26212002976042365 0.8863641364988937 0.12713021857321785 0.15106743776222661
2 0.05 0.86640625 0.1 0.2390625