0 0.278125 0.49375 0.15 0.15
1 0.20625 0.39609375 0.240625 0.3453125
0 0.11471161808868527 0.334866710382251 0.12350247402109957 0.18809384108157473
0 0.06388145558376764 0.2525268844475233 0.09533391535490914 0.1408869543589663
0 0.06640625 0.48515625 0.1328125 0.1671875
0 0.07269445482746302 0.034049571585050155 0.07038890965492603 0.028647063487173052
0 0.95859375 0.16328125 0.0828125 0.1890625
1 0.6140625 0.46796875 0.25 0.2015625
1 0.375 0.94140625 0.228125 0.1171875
1 0.0609375 0.77734375 0.121875 0.3078125
1 0.2146084392401227 0.6987059126666249 0.20734187848024543 0.2535071987598889
0 0.2911820108957633 0.660213020344939 0.16986402179152654 0.16207671535662843
3 0.453125 0.68828125 0.071875 0.1265625
0 0.39904914121759416 0.6691638130861877 0.10550659084927716 0.1307782485501075