0 0.25871461056041717 0.6250452745201187 0.16133884992375008 0.09458821406423076
0 0.18422245041618102 0.5750266856866008 0.07456489532659724 0.05314358883351815
0 0.9310480716649134 0.8247514990679242 0.13790385667017305 0.09897532541528298
0 0.7668427671892717 0.9890559133997794 0.14952852773541672 0.02188817320044123
0 0.9303109747331252 0.7123015638427488 0.13937805053374958 0.13481269586563335
0 0.9517489104285766 0.592659692312664 0.09650217914284695 0.09909643892580319
0 0.7649451203440629 0.5896186281561482 0.17278549620027786 0.11716412091177589
0 0.8065319018792018 0.5329971907715045 0.15214568787965285 0.10179993676633466
0 0.6904347764042364 0.53881878932263 0.10981271751493064 0.0928464389258032
0 0.6341321846486115 0.6335014312107805 0.13041615824437508 0.10664812307124442
0 0.5067494542159032 0.48960363201365953 0.19139002583555573 0.11211567550756776
0 0.6435409393982643 0.501489967607975 0.09524107123840278 0.07007027297895937
0 0.693194794071667 0.456306677971578 0.1933162017473613 0.12784080505721712
0 0.7487719936348267 0.4310050917589535 0.18808318787965278 0.10410291640826923
0 0.9037861487450698 0.421436731949061 0.13982752583555538 0.1088114003691402
0 0.911869446047778 0.3330250740217816 0.140045731382639 0.11818640036914027
0 0.8134871506449308 0.3626043476190497 0.19516964247680582 0.14044093460686646
0 0.7960807918874655 0.31858423734773184 0.09480466014423605 0.051320272978959205
0 0.848841462765278 0.2728199568106334 0.08590243882958362 0.07103199568106336
0 0.5728998246568754 0.4158342674234049 0.1053434230620141 0.10192105027685514
0 0.6310565103523267 0.3672954403100791 0.13801045269729179 0.09777377081949093
0 0.466886213999549 0.4191817080472511 0.13481271751493065 0.09444851172019231
0 0.3955541150257294 0.30383850786268096 0.11751611474138901 0.08865958667404979
0 0.8530114308488894 0.7536193738372114 0.1064331443766668 0.0817086798265045
0 0.7569630872903128 0.28019356338132345 0.14843880642076393 0.07659967766703621