2 0.0296875 0.24453125 0.059375 0.1703125
2 0.878125 0.12578125 0.24375 0.2515625
2 0.5109375 0.18828125 0.221875 0.2609375
0 0.278125 0.41171875 0.153125 0.1640625
0 0.12647688317490147 0.8242895320973329 0.0960965178461393 0.15517837939029916
1 0.053125 0.81484375 0.10625 0.3046875
0 0.7390625 0.36484375 0.1375 0.0703125
2 0.571875 0.9359375 0.1625 0.128125
2 0.7172025072494626 0.547508863479422 0.2668844597575511 0.2654987767345796
2 0.42421875 0.61640625 0.0484375 0.2609375
0 0.93515625 0.384375 0.1296875 0.109375