0 0.3765625 0.38046875 0.140625 0.1390625
0 0.33671875 0.41875 0.1203125 0.0625
0 0.3011963103407547 0.3509463014860141 0.10809102570316256 0.12667812406898663
0 0.37231262357289685 0.25912698262709527 0.1246710306460784 0.15084337014004526
0 0.18741635874414922 0.1803362408992628 0.13652904349765968 0.21221751778268044
0 0.2483286369187697 0.31651348945152086 0.08082818874502422 0.10825345574818712
0 0.22109375 0.36171875 0.1515625 0.1765625
0 0.21796875 0.3984375 0.1265625 0.103125
0 0.13973754551200707 0.2732471788647695 0.1173386917107738 0.1239897717116218
0 0.11404647881982388 0.3508070986333112 0.11555069863085596 0.15665672249741008
0 0.10562518927649692 0.1632707113297583 0.11229836463846717 0.15338617328319834
0 0.54921875 0.41640625 0.0609375 0.0671875
1 0.7140625 0.10078125 0.25625 0.2015625
0 0.8015625 0.03203125 0.2375 0.0640625
3 0.67265625 0.26484375 0.1859375 0.3703125
3 0.70625 0.890625 0.23125 0.21875
3 0.93359375 0.56640625 0.1328125 0.2328125