0 0.1793114209417727 0.5050829710303123 0.17308414772027048 0.102292464665139
0 0.1298334844289457 0.43760583672163184 0.08238737012586884 0.05806837955902786
0 0.7401473742518319 0.8741667053596522 0.17043274440092268 0.10846972948277767
0 0.49675072653156127 0.9780957116279161 0.15130239087179334 0.02067878875333342
0 0.7994058203124284 0.7714040748506937 0.19983682448483525 0.14658797853284752
0 0.8648434113940031 0.6591391577726033 0.13113344606059663 0.10443553970326391
0 0.6755925798601979 0.6042737390789924 0.18747853444287887 0.1275834053945836
0 0.7403897082844366 0.5622122192273604 0.1641827444009225 0.10832425911805572
0 0.6268958933473711 0.5367784209747216 0.1212848493799445 0.09796733415618064
0 0.5323278319347905 0.6115076236720134 0.14578794191141178 0.112575348023889
0 0.475039240652723 0.44126916527513843 0.20431083693238977 0.12329594889756965
0 0.5985350176224248 0.48908645659392314 0.10388386182749905 0.07416615824437507
0 0.6663504022704407 0.45865276776433966 0.21006392946385705 0.1374675516711113
0 0.7302236481212558 0.4493673803215271 0.1990313410815748 0.11537434612402783
0 0.8814659167925878 0.48094142259024225 0.15539974025173747 0.11591855357097244
0 0.9119598228112281 0.39756522492694363 0.12185353444287869 0.12605596656500015
0 0.8219384740559835 0.40200011141982567 0.21257362282516112 0.15000391926229178
0 0.8247683987459558 0.3543620452154159 0.10269987012586874 0.05854115824437507
0 0.8955903842238087 0.3254181212034714 0.09450886182749904 0.07394795269729179
0 0.5694530140979397 0.38915984498666617 0.11887024440092268 0.10726959897381957
0 0.6459213483310373 0.3577448844055897 0.15144594606059664 0.10490831838861121
0 0.46761874957579275 0.36423453980017323 0.14664004689043356 0.10323671561506957
0 0.4507649815291607 0.23672778885024268 0.1288605510396184 0.09502417211208343
0 0.6876987257063687 0.7841424238245132 0.11588695435896632 0.088483231382639
0 0.8041016238508465 0.3080507428787146 0.15771925684847724 0.08477765634451409