1 0.1109375 0.22578125 0.221875 0.4390625
0 0.334818960330597 0.3304330930198386 0.11064994182452992 0.17552415990702758
3 0.23671875 0.059375 0.1859375 0.11875
1 0.03359375 0.15625 0.0671875 0.3125
1 0.91875 0.065625 0.1625 0.13125
2 0.73828125 0.38828125 0.2484375 0.2015625
2 0.6328125 0.09765625 0.275 0.1953125
1 0.32890625 0.54921875 0.1421875 0.1203125
3 0.23803981305575378 0.6978498219846168 0.27467997516432874 0.35788818169855413
2 0.90390625 0.5765625 0.1921875 0.175
3 0.7 0.51015625 0.134375 0.0421875