1 0.13203125 0.18046875 0.2640625 0.2828125
1 0.4734375 0.3640625 0.071875 0.24375
0 0.4640625 0.48203125 0.090625 0.0546875
1 0.8171875 0.3734375 0.3625 0.271875
0 0.94765625 0.25390625 0.1046875 0.1703125
3 0.615625 0.04296875 0.2125 0.0859375
0 0.8629924864323326 0.1837995256910796 0.16181832654882305 0.11170637023308565
1 0.475 0.7109375 0.06875 0.1625
0 0.11875 0.98046875 0.15625 0.0390625
0 0.85390625 0.98125 0.1953125 0.0375
0 0.7034039659672604 0.8780579571794254 0.15812011646291496 0.10065974282842376
0 0.9171875 0.70703125 0.165625 0.1359375
1 0.96484375 0.66171875 0.0703125 0.2265625