0 0.0828125 0.38828125 0.165625 0.1078125
0 0.05390625 0.33515625 0.1078125 0.0921875
0 0.1539262242596564 0.3276458676270691 0.107934516805914 0.08762024440092268
0 0.22116812098989574 0.4167899553846516 0.13019151878308027 0.09865283278320494
0 0.3407205701150433 0.2542997655478324 0.19406301779449714 0.09881969875988901
0 0.1985503161607106 0.283764890447586 0.09604201186299806 0.06335395020978148
0 0.14255232555225072 0.24361440974361787 0.1946996877564411 0.11444469875988901
0 0.08828125 0.2234375 0.1765625 0.090625
0 0.053125 0.1609375 0.10625 0.128125
0 0.03515625 0.11328125 0.0703125 0.0453125
0 0.2663691689361797 0.18672302447090203 0.10206651878308026 0.09652164772027057
0 0.2003422623201086 0.1442171383729936 0.13912084980971962 0.08842572780418312
0 0.3773385024342769 0.1775354333893273 0.13593218281352523 0.08662642946385705
0 0.44014886163553657 0.05049841409329545 0.1170548488211363 0.08208063942190072
0 0.0265625 0.56796875 0.053125 0.0765625
0 0.06796875 0.0703125 0.1359375 0.065625
1 0.14296875 0.9453125 0.2859375 0.109375
2 0.04765625 0.928125 0.0953125 0.13125
0 0.0765625 0.72109375 0.153125 0.0234375