3 0.2710075552594125 0.28662658891791076 0.2605397000318167 0.24638281017246655
0 0.4078125 0.06015625 0.203125 0.1203125
1 0.353125 0.125 0.3125 0.16875
0 0.07731954789945919 0.4916352282883783 0.09296929734245411 0.07148120181924558
3 0.4703125 0.403125 0.078125 0.159375
2 0.04609375 0.04453125 0.0921875 0.0890625
1 0.58828125 0.065625 0.1578125 0.13125
0 0.8751030672342773 0.313011344708879 0.180705654678545 0.09586907981717356
2 0.8232662052037332 0.5403037448327135 0.25730451734563575 0.1025600355653605
3 0.7417473165977304 0.09746773552708854 0.1905170066836356 0.13380572745980873
1 0.8859375 0.796875 0.228125 0.2125
3 0.6882581425843675 0.7381334309361934 0.24916584802672598 0.20837338792272533