0 0.5640625 0.07109375 0.115625 0.1421875
1 0.13828125 0.11640625 0.2390625 0.2328125
0 0.0453125 0.05078125 0.090625 0.1015625
0 0.0125 0.15859375 0.025 0.1640625
0 0.6296875 0.2078125 0.01875 0.125
0 0.5 0.41328125 0.115625 0.1328125
3 0.52890625 0.04609375 0.1859375 0.0921875
0 0.84609375 0.4234375 0.1453125 0.1125
0 0.0375 0.546875 0.075 0.134375
3 0.31875 0.9859375 0.140625 0.028125
0 0.9609375 0.821875 0.078125 0.20625
0 0.95 0.88125 0.1 0.196875
0 0.92109375 0.98359375 0.1140625 0.0328125
0 0.87421875 0.92265625 0.1484375 0.1546875
0 0.8304727107150949 0.9332762583527024 0.05622007485477489 0.10180060217691818
0 0.775 0.971875 0.075 0.05625
0 0.95625 0.696875 0.0875 0.1125
0 0.9071915301931863 0.7597817054501448 0.10364303846084474 0.14869544954451291
0 0.96796875 0.5875 0.0640625 0.14375
0 0.8765625 0.52890625 0.09375 0.0984375
0 0.7979898504998472 0.8938516598039813 0.08064218610347992 0.15725199400955034