3 0.2453125 0.03359375 0.234375 0.0671875
3 0.26656016992476284 0.0923868476282749 0.1298386917107738 0.12676036397194573
2 0.0875 0.3171875 0.175 0.321875
1 0.08359375 0.41875 0.1671875 0.1625
0 0.525 0.13984375 0.196875 0.2796875
2 0.7671875 0.42734375 0.234375 0.1453125
3 0.8590633463124974 0.22906841996123878 0.19650090418179414 0.34765265730897055
2 0.6466959974913611 0.31592327961424777 0.13736203163466154 0.15841088217054294
0 0.30546875 0.71953125 0.1484375 0.2078125
1 0.83359375 0.57421875 0.2390625 0.1484375
3 0.44296875 0.9078125 0.1265625 0.184375
3 0.5497480602292116 0.7872835471945362 0.09772652866891204 0.14184514342931004
1 0.5765625 0.9125 0.296875 0.175
2 0.84921875 0.86953125 0.1828125 0.2609375
3 0.93359375 0.75 0.1328125 0.325