1 0.0984375 0.321875 0.196875 0.134375
0 0.8443651690441101 0.11409275361423728 0.19121033175849825 0.10734084308955402
0 0.5671875 0.48828125 0.065625 0.0765625
0 0.08125 0.4796875 0.1625 0.08125
0 0.0484375 0.52265625 0.096875 0.0890625
0 0.14452139255042215 0.5301222745932803 0.11388393992586625 0.08502041549465282
0 0.2203125 0.4625 0.1375 0.046875
0 0.33070691841113786 0.6032729074014253 0.20171132213985138 0.0949044756031114
0 0.18750998991801698 0.5751938800776705 0.09900298439090331 0.06150110226293641
0 0.12723717802978465 0.6169591992613153 0.20225695916315994 0.1105294756031114
0 0.0796875 0.6359375 0.159375 0.084375
0 0.04140625 0.7 0.0828125 0.125
0 0.02109375 0.75 0.0421875 0.04375
0 0.24876000316486097 0.6732950367917245 0.10801588584218216 0.09592155405833439
0 0.1776315368301249 0.7174677384889268 0.1436260036281971 0.08675563231716552
0 0.3623413535276806 0.6812297357584522 0.14044643992586625 0.08517495159900648
0 0.41762410896997626 0.8098405490883647 0.12147818511654282 0.07881586729005097
0 0.053125 0.79375 0.10625 0.0625
1 0.90546875 0.78203125 0.1890625 0.1953125
0 0.965625 0.6640625 0.06875 0.18125
3 0.7640625 0.91171875 0.328125 0.1765625