3 0.8245810133959367 0.9469824683421096 0.08008754350298623 0.02136374491161739
3 0.7842125461653465 0.8375156151081778 0.11152330072118062 0.23213082654882305
1 0.6482204947785757 0.8469835476044661 0.22736650626826407 0.24756547602842494
0 0.6556011561570827 0.6304544668717715 0.12362456363895866 0.28270403663473137
3 0.4841638736720134 0.553606441091174 0.1843425516711113 0.20941702283992142
0 0.2059947736513541 0.04039594866594753 0.10051045269729178 0.08079189733189505
0 0.55206576738309 0.2511940920411137 0.16842661094166686 0.19609815128862396
0 0.5048264382609025 0.3028285131174414 0.07256729065319459 0.10055992198083885
0 0.66416441745934 0.32959132971664185 0.11660953780340293 0.1824583751693421
0 0.7248824054914926 0.40287834351145174 0.086012848023889 0.1418400192218769
3 0.885890681042708 0.4919773858003927 0.18412565254479177 0.26714763568479166
2 0.3664386983288887 0.18055180065668391 0.2876883700597226 0.35840780076822554