0 0.5359375 0.22421875 0.165625 0.1015625
0 0.59296875 0.2921875 0.0515625 0.059375
0 0.04609375 0.15 0.0921875 0.128125
0 0.0625 0.21875 0.125 0.103125
0 0.145677872439172 0.13498613611816887 0.15124324879205203 0.11507473370266404
0 0.24459308880950897 0.31065607436054404 0.2142534318225902 0.12314329796757129
0 0.10248546608047296 0.26780464779665136 0.10742960485118865 0.07483016693047428
0 0.07265625 0.30390625 0.1453125 0.1390625
0 0.0375 0.31640625 0.075 0.1109375
0 0.1546875 0.35859375 0.121875 0.0828125
0 0.08046875 0.378125 0.1578125 0.04375
0 0.26875 0.36953125 0.153125 0.0609375
1 0.73515625 0.29453125 0.2328125 0.1578125
0 0.3101385983524067 0.8397622158224823 0.23099439273291544 0.15636497492717538
3 0.5484375 0.8828125 0.140625 0.234375
1 0.2612079222796924 0.5185464453685112 0.2793040890993731 0.23259250580598767
2 0.715625 0.6546875 0.19375 0.184375
0 0.94296875 0.81640625 0.1140625 0.1359375
1 0.9234375 0.61328125 0.153125 0.1671875