0 0.284375 0.0625 0.10625 0.125
0 0.2203125 0.01328125 0.059375 0.0265625
0 0.6268270985998343 0.6357031178787784 0.10999687697836436 0.1621192866804538
0 0.52109375 0.6859375 0.1484375 0.1875
0 0.40625 0.7296875 0.10625 0.1
0 0.3611821664422303 0.5497859885821402 0.12964763568479185 0.17952496268299925
0 0.31584201096973474 0.6104331345878673 0.11287621551297526 0.15746814934754472
0 0.29690166044933647 0.4950990359245944 0.09972776232447185 0.11515338001272682
0 0.3749657847141674 0.4059632632479584 0.11501856965141818 0.13875451201463562
0 0.2085019810052658 0.33450752860441196 0.125860894391219 0.196657918682363
0 0.25018379070706126 0.4628501572645032 0.07547139077317447 0.09925566000954511
0 0.21709797376917656 0.5280393526018666 0.14016905585660827 0.20150905068427197
0 0.2051877939864216 0.5914205999363666 0.11780273292582973 0.19187951201463563
0 0.22890625 0.72578125 0.1171875 0.1078125
0 0.14375 0.74609375 0.128125 0.0671875
0 0.15234375 0.678125 0.1546875 0.203125
0 0.10537150045428523 0.6784671612826386 0.05976450361804462 0.09751134667409075
0 0.07265625 0.740625 0.0765625 0.078125
0 0.15223096958530508 0.42495126261141164 0.10885710085908258 0.11057496801399935
0 0.11709132971664182 0.49953363928232053 0.10745173111680746 0.14335110534690845
0 0.13193615897899838 0.3205637546149115 0.10572545680654795 0.14020792401336307
0 0.0265625 0.29296875 0.053125 0.1234375
0 0.5393547540723298 0.5766013852244141 0.09002521370395282 0.10879429201145392
0 0.06062888851392616 0.6532222606222294 0.086068054047586 0.1524715666772721
0 0.7640625 0.246875 0.06875 0.19375
3 0.9609375 0.11953125 0.078125 0.2390625
2 0.81953125 0.1546875 0.1796875 0.303125
2 0.8777609933297377 0.368529087285184 0.18711265490666856 0.2629556280235444