1 0.0953125 0.1078125 0.190625 0.215625
0 0.20015521441100576 0.1234375 0.14657520555093823 0.184375
1 0.58046875 0.0578125 0.1609375 0.115625
0 0.525 0.165625 0.05 0.1375
0 0.74921875 0.5546875 0.1140625 0.05
1 0.06328125 0.82578125 0.1265625 0.3484375
1 0.1109375 0.59609375 0.2125 0.0328125
0 0.521875 0.63828125 0.04375 0.1171875
0 0.53125 0.7375 0.0625 0.125
0 0.60703125 0.90234375 0.1359375 0.1953125
0 0.559621761825817 0.771875 0.08251802273741297 0.1078125
0 0.5929555266545646 0.7015625 0.15416221247102052 0.2171875
0 0.60390625 0.6578125 0.1265625 0.15625
0 0.65625 0.61328125 0.165625 0.0671875
0 0.6673414199247629 0.8125 0.118964858706968 0.1203125
0 0.701870270228774 0.73203125 0.11567803262324468 0.1546875
0 0.69140625 0.92421875 0.1140625 0.1515625
0 0.82890625 0.94296875 0.1046875 0.1140625
0 0.7578125 0.61328125 0.09375 0.0671875