1 0.14296875 0.40703125 0.1484375 0.1046875
1 0.20546875 0.07265625 0.1171875 0.1453125
0 0.712743258633047 0.26142615035497047 0.15367262937617987 0.3208631154237621
1 0.06015625 0.871875 0.1203125 0.25625
1 0.1375 0.82421875 0.153125 0.3515625
0 0.12255351595322943 0.5641443786706061 0.09086245202099903 0.15779763103285874
3 0.25880809460536647 0.6759772344757213 0.15666926535645356 0.1757143065307547
2 0.8 0.50546875 0.2625 0.0921875
0 0.946875 0.7453125 0.10625 0.190625
0 0.525 0.515625 0.071875 0.1125
3 0.9609375 0.86953125 0.078125 0.2609375
0 0.49921875 0.734375 0.0609375 0.13125