3 0.3015625 0.5109375 0.196875 0.15625
0 0.2573655940042216 0.4078125 0.1655927208490434 0.2140625
0 0.7953125 0.02578125 0.2125 0.0515625
3 0.44375 0.5109375 0.0875 0.15625
0 0.93515625 0.5484375 0.1296875 0.08125
3 0.759375 0.0875 0.146875 0.175
0 0.7826268443571575 0.24765625 0.15961573663405879 0.21875
3 0.55625 0.01875 0.1375 0.0375
0 0.3984375 0.88046875 0.003125 0.1390625
2 0.1140625 0.7375 0.228125 0.259375
3 0.8734375 0.859375 0.253125 0.28125
1 0.73984375 0.86953125 0.2796875 0.2609375
1 0.49609375 0.9296875 0.1921875 0.140625