3 0.4234375 0.43671875 0.271875 0.1859375
0 0.03515625 0.54453125 0.0703125 0.1109375
0 0.0328125 0.109375 0.065625 0.065625
1 0.3206658343652876 0.3553993835647475 0.23940075599585597 0.18307542794496676
3 0.8765625 0.371875 0.246875 0.271875
3 0.5875 0.2125 0.05625 0.15625
0 0.62109375 0.2578125 0.1234375 0.196875
1 0.7044779081866052 0.14567961006628458 0.24437935442427944 0.18948911905195925
3 0.1203125 0.85 0.240625 0.23125
0 0.47421875 0.8453125 0.1703125 0.171875
0 0.22890625 0.95078125 0.1546875 0.0984375
0 0.50234375 0.62890625 0.1140625 0.0578125