1 0.24936109008370594 0.6597800223606505 0.3589632892507774 0.2565036304725
3 0.14997355304024151 0.44090200956072395 0.21703339448421435 0.2785417119047624
3 0.15716994496420708 0.25002668568660064 0.2635906050922626 0.19590848704319
2 0.07583039775033479 0.886866549197121 0.15166079550066958 0.16107480721668566
0 0.19783784548655214 0.803901459745294 0.12119173151356133 0.07625971622369923
3 0.6459707795744798 0.7032317427464027 0.3770314788121382 0.16581807371723975
0 0.6598274241998684 0.5864948257198246 0.1447048262236546 0.10578652991878953
0 0.7233593031814158 0.6266377668050961 0.20913134727034208 0.11614184145441175
0 0.8765019008046938 0.9054205081672227 0.15453485253201374 0.11419980721668566
3 0.8544518665332396 0.8397058705980089 0.13607327886860787 0.09122338217054278
2 0.8879516951759687 0.5203446013196775 0.18132413666229388 0.19997662091177587
0 0.8178960713855059 0.4037195033868608 0.1719799577654509 0.14645110271317865
2 0.9116075450065594 0.3430707024916967 0.10315436305535748 0.11402053207825791
2 0.8425838001976441 0.26258336365817864 0.23655766823232477 0.21285615514950224
0 0.6801964632388843 0.12906305752122732 0.16723227360693613 0.09166347316352938
0 0.43842619219219686 0.1198430421004072 0.1501357788686079 0.09212454811738686
0 0.5569508661097166 0.3736665538205995 0.14846686305535747 0.11692428901808824