1 0.8982987591712 0.2992610332867458 0.20340248165760003 0.24006947241000381
1 0.5804820880175836 0.34259928320192784 0.36338786473976087 0.2577530241314351
0 0.5849448968057075 0.7642014646902735 0.13737563103709682 0.10781747840045348
0 0.5218214565182683 0.5528348895551973 0.3394502595669115 0.23974706859647235
0 0.3441487490755632 0.6426265319359834 0.11540970282385157 0.10392858656782167
1 0.17065141310304358 0.607690992828424 0.31429714687221455 0.2872569856568479
0 0.09966869404836297 0.17986360399101678 0.081262023356965 0.11054068511654283
0 0.11762542069139796 0.07278771397248332 0.06146634890464333 0.07394842068857252
0 0.8055419239901033 0.3793354244864056 0.17712009263643722 0.132619070958725
2 0.3299736226573197 0.34321680897782547 0.3484902904457239 0.28220738710812654
2 0.3505265003957114 0.16442961006628456 0.2999498388755134 0.16968753974053175
0 0.2076630504748537 0.18987849945184582 0.1819894490629279 0.13903276206571755