1 0.3578125 0.34453125 0.34375 0.2109375
3 0.090625 0.3609375 0.18125 0.1375
3 0.0984375 0.42890625 0.196875 0.0421875
0 0.56015625 0.3171875 0.0609375 0.0875
0 0.26593490052387364 0.7678740949597763 0.16699039406758587 0.14228532500983526
3 0.2792822164795309 0.6140988849365333 0.3436621547112475 0.1561942777436114
0 0.50078125 0.55546875 0.0578125 0.1390625
0 0.4875 0.509375 0.084375 0.090625
0 0.4765625 0.94453125 0.10625 0.1109375
2 0.1 0.93515625 0.2 0.1296875
1 0.45859375 0.6375 0.1421875 0.146875
0 0.57734375 0.5515625 0.0953125 0.134375
0 0.659375 0.6484375 0.259375 0.240625
0 0.7706281183407868 0.7342642834435945 0.2159741972858944 0.15348490496334896
0 0.55546875 0.8015625 0.0515625 0.15
3 0.7109375 0.87421875 0.3625 0.2453125
1 0.69765625 0.9578125 0.3359375 0.084375