0 0.28359375 0.31405193524780206 0.075 0.14211851581733068
3 0.3421875 0.2890625 0.190625 0.240625
0 0.284375 0.46875 0.115625 0.11875
0 0.075 0.6278053705327852 0.1375 0.2024776956651065
0 0.1421875 0.6836614396964263 0.1515625 0.22336319863085602
3 0.41875 0.778125 0.1 0.284375
3 0.325 0.7457436511416826 0.1921875 0.3578310405319101
0 0.1953125 0.9703125 0.08125 0.059375
3 0.66015625 0.53359375 0.2578125 0.2484375
3 0.9796875 0.8296875 0.040625 0.340625
3 0.9453125 0.92421875 0.109375 0.1515625
0 0.89609375 0.7678110162372602 0.09375 0.1631950197716634
0 0.90625 0.6322409307619967 0.15625 0.2532416996194392
1 0.82578125 0.60078125 0.1890625 0.3828125
3 0.59140625 0.96328125 0.1859375 0.0734375
3 0.55703125 0.7761580044114432 0.165625 0.1817487015966055