3 0.46484375 0.0453125 0.3046875 0.090625
1 0.08671875 0.12265625 0.1734375 0.2453125
1 0.1109375 0.4 0.221875 0.2
3 0.0609375 0.296875 0.121875 0.175
3 0.51875 0.19296875 0.240625 0.2390625
3 0.5515625 0.3734375 0.175 0.184375
1 0.55078125 0.45 0.1765625 0.1
3 0.8921875 0.071875 0.215625 0.14375
0 0.7826572159682426 0.14411362662421387 0.1553188527754692 0.10190006631598418
0 0.66875 0.10234375 0.059375 0.0984375
3 0.80703125 0.43203125 0.3015625 0.1359375
0 0.9359375 0.17421875 0.128125 0.1140625
0 0.38203125 0.9453125 0.3890625 0.109375
1 0.3703125 0.60078125 0.346875 0.2015625
1 0.559375 0.64765625 0.159375 0.2296875
3 0.729371684370762 0.8744471784422286 0.1786237015966055 0.17663925046142523