0 0.08434741474121729 0.4388235128768776 0.09285311867597637 0.15975737939699589
0 0.515441281543094 0.27707435922393864 0.10476112282516112 0.1529652454580721
1 0.48620071558034306 0.7833400768022236 0.1940874224148871 0.34814994182452974
1 0.7170102398507524 0.6237905072476879 0.184757198759889 0.20452748758216438
1 0.9106964271887719 0.34778676133057385 0.15438445975755108 0.27503143515657
0 0.9655165802960163 0.444550319965086 0.06896683940796748 0.1441643303053814
0 0.5997141508437702 0.5178111874032881 0.12720480788809568 0.18274834030732096
0 0.5332622018833886 0.6159933380121114 0.14654680373891082 0.1920913893989354
3 0.729472505822792 0.49778611664080447 0.22597419461070417 0.21565617728066222
2 0.6662332643216544 0.20266480633930234 0.14929329544054096 0.20784393515657004
0 0.9802929964755152 0.15698667602422262 0.03941400704896978 0.07232128121376702
0 0.9685052367272527 0.1355421107217507 0.04654495850815117 0.08144118969849794
3 0.23440569171091902 0.37547900574987586 0.13745522365499818 0.15408120636839745