1 0.2453125 0.51328125 0.24375 0.2328125
1 0.41796875 0.61796875 0.1953125 0.0234375
3 0.4625 0.05703125 0.234375 0.1140625
0 0.6109375 0.30625 0.0625 0.1375
1 0.19453125 0.8953125 0.2609375 0.209375
0 0.3265625 0.9421875 0.10625 0.115625
1 0.04609375 0.9078125 0.0921875 0.184375
2 0.11796875 0.6984375 0.1453125 0.1375
3 0.6625 0.859375 0.165625 0.203125
0 0.66875 0.67109375 0.128125 0.0828125
2 0.7984375 0.74453125 0.25 0.2296875
1 0.6984375 0.92265625 0.2375 0.1546875
1 0.8921875 0.8671875 0.215625 0.265625