0 0.7315415727111914 0.5906924743975124 0.1699608105039836 0.10505006299888783
0 0.8116526215366925 0.5446904586830841 0.07976170783841648 0.06080026308359247
0 0.05084446832976479 0.7417632947947979 0.10168893665952958 0.1102234104104042
0 0.1849260193333439 0.9352795344126286 0.15113660266556703 0.04779900512049764
0 0.05663747875460605 0.6282545316406183 0.1132749575092121 0.14349093671876342
0 0.0379162224863999 0.5013126000423523 0.0758324449727998 0.10362479991529536
0 0.2166643819615338 0.5146107186417305 0.18318823620994645 0.13077810509226265
0 0.17870739238637504 0.45208760281436255 0.16242109514371963 0.1139700366905286
0 0.29757941284034617 0.46778195029646613 0.11844377461060622 0.10360938936371689
0 0.3468543356433152 0.5702020240304592 0.1406824874635877 0.11738346302712266
0 0.48819605265293176 0.43016231100333646 0.20336434389007838 0.12727367349399668
0 0.34773017702611114 0.4328840345538028 0.10204588479802065 0.07613683674699838
0 0.30086118870459366 0.38179894766563016 0.2069439849563052 0.14308068401734034
0 0.2455886669969813 0.3514813870858168 0.19679609514371962 0.11597215244730927
0 0.0886854491294349 0.3294229185146735 0.15005748746358769 0.11792949459715381
0 0.09293033142017308 0.23714441325300167 0.13783027210332377 0.126576452503779
0 0.18538460438142668 0.2762153475526907 0.20887019780928667 0.15567168927901226
0 0.20699283142017308 0.2305010291509567 0.09998327962517113 0.05885833148532651
0 0.15543634309865556 0.17968895804779955 0.092761813011266 0.07871580517696723
0 0.42736986441055647 0.3494730241010463 0.11554609514371958 0.11123987884037315
0 0.3712622684089071 0.2942464687829047 0.14661423871722895 0.10680998407381015
0 0.5346595271843957 0.36116241104568875 0.14505173871722885 0.10671897881213832
0 0.6167482646479834 0.24719164533126037 0.12607441818411544 0.09781441567207612
0 0.11365773924595432 0.6773753001270568 0.1118300617576248 0.09074536831702958
0 0.24937655971256073 0.19449563971665268 0.15696070533113407 0.08713452090551303