0 0.95859375 0.02265625 0.0828125 0.0453125
0 0.403125 0.02890625 0.1625 0.0578125
0 0.5265625 0.0328125 0.11875 0.065625
0 0.7023640142415477 0.09524861791345832 0.20378859621281223 0.12826638367602552
0 0.5646094841873184 0.06111355455569108 0.10197156615858276 0.07741444183801285
0 0.4991890172666098 0.10085875158948383 0.20543290944452863 0.14243814431968715
0 0.4328554901392468 0.11800232894510758 0.19747496369925477 0.11689184110137862
0 0.271875 0.103125 0.14375 0.11875
0 0.253125 0.19296875 0.10625 0.1296875
0 0.3441111527070334 0.17891768563382654 0.2086306323171656 0.15515666560701077
0 0.34908499901804135 0.22780865370284129 0.10186248184962743 0.05866444183801285
0 0.2789679417382532 0.2663191326676193 0.09105224687674203 0.07977461733238052
0 0.6120844478865732 0.160960735245839 0.11310905405833438 0.11255426634364482
0 0.5357310261454045 0.20225200678526392 0.14744769262201593 0.10870800050420293
0 0.722363417734148 0.17435160986768664 0.1458761022629364 0.1070362398605413
0 0.7606315530763756 0.303760604419805 0.1255181504675381 0.0978033514929388
0 0.3782639597904299 0.2726623317950992 0.15669542759490124 0.08748856436617344
0 0.04765625 0.61171875 0.0953125 0.1296875
0 0.04296875 0.690625 0.0859375 0.10625
0 0.05703125 0.8203125 0.1140625 0.096875
2 0.24296875 0.64375 0.0859375 0.234375
0 0.7307804266129427 0.7821262690184095 0.17255677693097127 0.12920617080279087
0 0.265625 0.51953125 0.121875 0.0796875