0 0.17000369141068425 0.8042258134069774 0.12295617080279087 0.1751029515702104
0 0.0700915366994368 0.9316508167721897 0.1175366972858944 0.1366983664556205
3 0.23740363090290856 0.6128255750854599 0.24449195323797915 0.3298934031404208
3 0.31228756050777573 0.202448016230829 0.19133410224924335 0.35017715940862687
3 0.4328846477507565 0.35861075118713426 0.2399030062041863 0.2642684031404207
2 0.4675117479831877 0.6022985667056828 0.3912134059717552 0.5103658163099712
1 0.6426363421866593 0.28095006710139414 0.2222563203182581 0.3463989415410804
3 0.7428598533345243 0.1351267532321983 0.13436356436617344 0.15984166442319178
3 0.7967168268514206 0.10381456875074675 0.2284413462971587 0.16725701082055267
0 0.8172153611281944 0.19130620856333233 0.07716306956195354 0.12231292069139799
0 0.7966354273359533 0.27290554955041685 0.10964778763096845 0.11858016693047428
2 0.8029357957536145 0.6418063137361818 0.300544847305565 0.46250732633910124
0 0.7267014416627858 0.7468371430447839 0.07694454827463008 0.11918792069139812
0 0.6692767077543291 0.7060242749398107 0.12430014951546742 0.17202341567683313
1 0.6219696550402236 0.5653023350480828 0.23141279903093484 0.34354672618081655
0 0.1584141614965114 0.21989026583511762 0.14578166560701078 0.21163148495630518
1 0.28118720984801615 0.8533870759433897 0.23660304358305312 0.2932258481132205
1 0.39679043051492097 0.8777936940483629 0.22718448491686286 0.24441261190327418