0 0.346875 0.05 0.109375 0.1
0 0.23046875 0.03828125 0.1453125 0.0765625
0 0.05859375 0.1515625 0.1171875 0.2
0 0.02890625 0.09296875 0.0578125 0.1765625
0 0.015625 0.225 0.03125 0.128125
0 0.06783158540325403 0.30929733806755094 0.11614303846084476 0.15232156847545256
0 0.2516565835412273 0.09188289328165164 0.08968754631872748 0.11946949568106335
0 0.712024579407398 0.1108049830380204 0.15826207195929065 0.22044980721668547
0 0.43671875 0.0640625 0.0359375 0.128125
0 0.6989318438803094 0.594920364747138 0.12468328453190339 0.16844721622369913
1 0.83046875 0.53828125 0.2234375 0.2390625
2 0.6070203639393014 0.8290333513289028 0.25277835938667825 0.2763574506459953
0 0.48345454714729713 0.5721196221483937 0.12766273531769157 0.16552247532299774