2 0.38902877843803696 0.27262168828791367 0.3549388672470434 0.23763524015134935
0 0.59765625 0.1203125 0.0828125 0.1
0 0.51015625 0.04296875 0.1890625 0.0859375
0 0.24782241989997514 0.09870007414373809 0.19118259263643714 0.13420253954332698
0 0.11328125 0.40390625 0.1796875 0.0921875
0 0.1015625 0.3765625 0.203125 0.11875
2 0.09609375 0.2671875 0.1921875 0.225
3 0.0390625 0.13359375 0.078125 0.1578125
3 0.76640625 0.096875 0.2546875 0.19375
0 0.68828125 0.3078125 0.0984375 0.10625
1 0.43203125 0.92265625 0.3265625 0.1546875
1 0.4953125 0.69140625 0.2875 0.3671875