0 0.13806238534435114 0.15788504342774798 0.14937386635259245 0.10245461850553061
1 0.17362661286573972 0.34974526096034386 0.2725570881245368 0.13736718100470674
0 0.96015625 0.28828125 0.0796875 0.0765625
1 0.88984375 0.34609375 0.2203125 0.1921875
0 0.6350014846849523 0.33736403774570506 0.16505765494824062 0.08556712743398442
0 0.56171875 0.1640625 0.0859375 0.05
0 0.43359375 0.65546875 0.1703125 0.0796875
0 0.48671875 0.59375 0.0640625 0.05
0 0.01328125 0.63359375 0.0265625 0.0859375
0 0.0625 0.71953125 0.125 0.0984375
0 0.14101031102777686 0.5571156558474939 0.20038956220555537 0.09710464529089187
0 0.02734375 0.5890625 0.0546875 0.0625
0 0.02109375 0.5515625 0.0421875 0.1125
0 0.053125 0.51015625 0.10625 0.0609375
0 0.15859375 0.5015625 0.1421875 0.04375
2 0.88671875 0.89296875 0.2265625 0.2140625
0 0.6466561353443512 0.82796571834667 0.2035924746466665 0.11588191882984215
1 0.88515625 0.65703125 0.2296875 0.1296875