1 0.39609375 0.4890625 0.1265625 0.140625
3 0.3765625 0.30546875 0.165625 0.2578125
0 0.28075136802414624 0.44760420535965206 0.17266286167271777 0.13826633225631965
0 0.0981457509514021 0.21692116907486061 0.1728538626613009 0.14295383225631958
3 0.6532696496588078 0.4556920751350342 0.3203310405319101 0.19946101823611145
3 0.5796875 0.51484375 0.240625 0.0890625
0 0.8328125 0.02421875 0.14375 0.0484375
1 0.12578125 0.8671875 0.2515625 0.2625
0 0.39296875 0.74453125 0.1328125 0.1421875
3 0.2078125 0.934375 0.415625 0.13125
1 0.340625 0.6109375 0.2375 0.103125