3 0.3922467559277761 0.5529124745580868 0.17096812269254427 0.19946881275401332
0 0.2347604252466858 0.6509737590451115 0.0929522106938169 0.2047494549975255
0 0.284618258633047 0.26272348654387434 0.07690904002227175 0.16799308344622813
0 0.25693070532304596 0.08929263059640906 0.10161813868554459 0.14430327792830414
2 0.6554365519175948 0.6417514037750147 0.3013476080521794 0.3999335594746528
1 0.6581508298854597 0.8596206193457905 0.21764422270845252 0.28075876130841915
2 0.8445241345480964 0.8980031069077473 0.19491470003181668 0.20399378618450542
1 0.6922842132797752 0.4310529211878693 0.14878513470717997 0.306053005427067
0 0.7124807239815463 0.1733599298942966 0.05419769867918127 0.09497166327441157
1 0.4633983339831372 0.14858017865110118 0.13882833203372566 0.2555616824962884
0 0.9301869393300457 0.07298255087976724 0.06150112133990859 0.05163109905006032
3 0.33713527864418286 0.18339451266315615 0.11577264003818008 0.28714587516934215