0 0.62421875 0.18203125 0.1703125 0.1328125
0 0.4541868454584378 0.10643707260504831 0.22856402393569458 0.15574311203054397
0 0.2181227120996879 0.1373165446371832 0.16700827488562506 0.1284715400222716
0 0.1734375 0.0234375 0.1625 0.046875
1 0.16138828172257008 0.45290572931254636 0.24647887575930572 0.18719310669954403
1 0.16285790311347276 0.34817277597868285 0.2950254785328474 0.19244422803945263
0 0.5390242788727785 0.528220618594867 0.17867182028847228 0.09267949069063519
0 0.6125 0.54453125 0.153125 0.0890625
0 0.4515625 0.96796875 0.1375 0.0640625
3 0.81953125 0.946875 0.2203125 0.10625
0 0.95390625 0.66015625 0.0921875 0.0890625