3 0.03671875 0.05859375 0.0734375 0.1171875
0 0.38203125 0.490625 0.0921875 0.096875
0 0.02890625 0.33125 0.0578125 0.19375
0 0.0234375 0.27109375 0.046875 0.0984375
2 0.18359375 0.365625 0.2671875 0.346875
0 0.92578125 0.1015625 0.1203125 0.203125
3 0.0265625 0.8390625 0.053125 0.15625
0 0.2015625 0.5765625 0.08125 0.075
0 0.284375 0.61640625 0.15625 0.1546875
0 0.41328125 0.88515625 0.0921875 0.1234375
3 0.365625 0.71171875 0.1875 0.2546875
0 0.9298467816533298 0.7267396464902488 0.11116714529089186 0.19972648441265967
1 0.7210893904196278 0.7319509424190904 0.1376399163942102 0.2858496547112475