0 0.4390625 0.33828125 0.021875 0.0765625
1 0.1328125 0.51796875 0.265625 0.1234375
2 0.12890625 0.315625 0.2578125 0.203125
0 0.0296875 0.41796875 0.059375 0.1234375
0 0.02744379143666764 0.5500083035384182 0.04934678213245362 0.03492037427505394
0 0.09348398007475431 0.4868939195151022 0.16785274122451135 0.08911281203728053
2 0.1472514892459543 0.41501984213048193 0.22739287727617316 0.15286858133331246
1 0.55390625 0.51796875 0.2078125 0.1234375
0 0.8530063619032742 0.076347505822792 0.21126777210332381 0.13449708963168217
0 0.1953125 0.9703125 0.1625 0.059375
3 0.309375 0.95390625 0.19375 0.0921875
0 0.3671875 0.65859375 0.165625 0.1578125
1 0.6733476056350679 0.802075675939372 0.2881772645814763 0.20580524979950726
1 0.85546875 0.92734375 0.2890625 0.1453125
2 0.91796875 0.7265625 0.1640625 0.171875
1 0.8421875 0.6453125 0.284375 0.13125
0 0.453125 0.684375 0.00625 0.0875