1 0.04296875 0.18203125 0.0859375 0.2234375
0 0.4875 0.33359375 0.125 0.0515625
3 0.18167950486680393 0.22181213920181192 0.28603532500983525 0.1626126428552599
0 0.8284241928464191 0.23235376744657507 0.17538204827463008 0.12010576866768634
1 0.51015625 0.925 0.0796875 0.15
3 0.0796875 0.38828125 0.159375 0.0578125
0 0.3962122624083726 0.5495333591667444 0.2672417663436448 0.11702740746575628
0 0.6495986144055145 0.8505934784863494 0.18577324505632156 0.11248418344033873
0 0.861733719581624 0.5031629196373257 0.13722648441265975 0.11007620373287814
0 0.9671875 0.9609375 0.065625 0.078125
2 0.93359375 0.38671875 0.1328125 0.0546875
2 0.5828125 0.60234375 0.065625 0.1734375