3 0.05937322565027077 0.43899941267504505 0.11874645130054154 0.34049882535009013
1 0.14940692695410757 0.8862931306890444 0.14104556006354416 0.20472495735199914
0 0.45327008685549597 0.7132305373965426 0.12832737175194145 0.19207950668363552
0 0.6240027414785834 0.19870605541849612 0.10467168344033873 0.1793067866804539
1 0.6896105560096497 0.4690554654280411 0.16883536931630944 0.27534654002227177
0 0.8988509626646273 0.3449019921228126 0.07594666558343129 0.14460452267663584
2 0.8030070340955525 0.6876065654439495 0.1399467102257 0.2312692760184536
0 0.8432972487887745 0.9258027153882702 0.10275462743398442 0.14839456922345953
3 0.509283902194046 0.36928109006999676 0.12216710064862309 0.10764996268299924
0 0.4917453948871501 0.12058905140036055 0.09176258035608349 0.15572383601209036
0 0.5141913648553779 0.22243336207031494 0.12736488960884884 0.22643632535009015