0 0.5101363032810757 0.7397180093737198 0.09479168874473984 0.17133260818516866
0 0.4432464144436687 0.8036049083155531 0.05579862141421188 0.08089905575957416
0 0.8739583112552601 0.0922542384517566 0.10087799763774719 0.16715529121570666
0 0.7691815312181933 0.07697026089577774 0.13752482576804842 0.15394052179155548
0 0.6568377878416152 0.04068980438244834 0.10096727767481414 0.08137960876489668
0 0.6039235750502583 0.21790704012844486 0.12173613466105593 0.1844383860649556
0 0.5598759638876654 0.16307588997866368 0.10222224282842393 0.1610328369733412
0 0.5362251543616857 0.2826389619490953 0.09455358656782167 0.11989765394280312
0 0.6129662144358194 0.3605091283097341 0.10937997840045348 0.14292056576151388
0 0.44210558821228413 0.4570327972554466 0.11463296279135697 0.20411315727678297
0 0.48890372105924146 0.3215578117993142 0.07062501324684405 0.10392196757828502
0 0.4575198010036411 0.2610187955884567 0.13031252649368774 0.20695111485312837
0 0.44801088094804076 0.19869413877071568 0.1066567716843645 0.19878792848861027
0 0.47771328303229177 0.05749434476466002 0.10809029691210785 0.11498868952932004
0 0.39332092486492376 0.04325630817547018 0.11960815027015244 0.08651261635094036
0 0.3986408527250724 0.1178106716514726 0.14286709019601868 0.20953398091420455
0 0.3508209116180798 0.12638831725932592 0.05343751324684387 0.10251896424430514
0 0.3211359008183067 0.061815505290833905 0.07018850362819702 0.09142196757828502
0 0.388129905542812 0.3741882174091072 0.10371033175849824 0.11441292848861018
0 0.35629211770119684 0.304337974077067 0.100223233209777 0.14840529121570664
0 0.36566957378431386 0.48196876650072157 0.09698910580511537 0.14502519970043756
0 0.23628960863070417 0.5283650186267534 0.08852184137714507 0.12563747091226496
0 0.7841666357573642 0.16502180087929058 0.08339783175849824 0.1127548336393613
0 0.30533479682728987 0.1573671213519102 0.07711311542376223 0.15586710485118865