2 0.5015625 0.39375 0.134375 0.165625
0 0.2765625 0.50859375 0.1875 0.0421875
1 0.2584663463868595 0.35703125 0.26529603064607843 0.1453125
0 0.89375 0.0546875 0.1875 0.109375
0 0.94296875 0.1609375 0.1140625 0.09375
0 0.7511048325466951 0.20234375 0.1779578567298019 0.1109375
0 0.8108273424325269 0.24921875 0.1569450197716634 0.09375
0 0.6935589293906651 0.26640625 0.11294035178688588 0.0875
0 0.621875 0.1859375 0.10625 0.1
0 0.59765625 0.35078125 0.0578125 0.1046875
0 0.6594996057783996 0.3125 0.09798651384016459 0.065625
0 0.723368446196579 0.34609375 0.2001511917107738 0.11875
0 0.7864096156642314 0.359375 0.19144735376405234 0.096875
0 0.93359375 0.33828125 0.1328125 0.1015625
0 0.953125 0.42265625 0.09375 0.1140625
0 0.8729811270329378 0.41328125 0.20072419467652333 0.1328125
0 0.8694223869187695 0.46015625 0.0988486768820259 0.0484375
0 0.9371974773369491 0.49375 0.08873884783255334 0.06875
0 0.6203125 0.40859375 0.103125 0.0984375
0 0.6906925504549231 0.4453125 0.14281885277546919 0.0921875
0 0.78515625 0.03203125 0.1078125 0.0640625
0 0.84140625 0.5 0.1515625 0.059375
1 0.52890625 0.86875 0.0796875 0.225