0 0.3286126119510023 0.17486725724064067 0.13577496268299924 0.12187609468490823
0 0.1922462085853219 0.4147030112587761 0.09783861067790856 0.08393974267981755
1 0.109375 0.28046875 0.21875 0.2765625
1 0.27578125 0.42578125 0.3390625 0.1078125
2 0.05546875 0.10234375 0.1109375 0.2046875
2 0.42734375 0.22265625 0.1640625 0.2578125
1 0.9390625 0.1125 0.121875 0.225
1 0.52734375 0.42421875 0.0359375 0.1109375
1 0.64375 0.4421875 0.26875 0.075
1 0.67265625 0.08671875 0.2859375 0.1734375
0 0.67578125 0.9453125 0.1984375 0.109375
3 0.85390625 0.93671875 0.2921875 0.1265625