0 0.498195944785423 0.7825571058899333 0.1161088052100677 0.181889895460829
0 0.5758522179447868 0.8422074136018145 0.06642982878371625 0.08655754809323427
0 0.05586050992479745 0.16106647477225652 0.10313361621110376 0.13775794954451306
0 0.16427016935425687 0.12741321578658188 0.14183224317557444 0.13130954210278448
0 0.27929154776646964 0.06825152531256148 0.09473461124870504 0.05790675843752049
0 0.34407329342324344 0.23664935044763774 0.14332627667402048 0.19687997840045357
0 0.38473037262124454 0.1717708841129017 0.12348465756743261 0.17278771397248333
0 0.42176595388616017 0.2970809081595188 0.11058224317557439 0.1302182680561673
0 0.3497154795267233 0.39128228674530685 0.12566358767505648 0.1525843413771451
0 0.5390369987571457 0.4704316173226787 0.13951207195929066 0.215466287293461
0 0.47563797063538316 0.3317212921876025 0.08314644789030404 0.11054068511654283
0 0.5028318633156197 0.26247278438305416 0.1569178957806084 0.2207539880191005
0 0.5058797806029618 0.1939410391923776 0.12991874813797324 0.2104514050794759
0 0.4662093509096228 0.062299169592264184 0.11366870181924557 0.0960069591631599
0 0.5541802318030349 0.041971800625122964 0.11773546360606986 0.04935021397248333
0 0.5497517510334573 0.1143552321134687 0.1682535020669146 0.19619049763774726
0 0.6006592795695045 0.10209333429038692 0.06588617328319835 0.1083779843909034
0 0.6254923056243525 0.0491419490811769 0.08223461124870504 0.05747024881887365
0 0.5867959485094767 0.3738220013507624 0.11966614474715094 0.12429565027015244
0 0.6126991689399721 0.29360871169504865 0.11814218610347993 0.15856152286549072
0 0.6232129456139927 0.4858507753973795 0.11643413688926821 0.15538195916315994
0 0.7626949766312392 0.5164609130536603 0.10767556699689199 0.1347966406515056
0 0.14997653701310268 0.205691983209777 0.0976455955329393 0.12040675843752047
0 0.6518600605867512 0.1296206227649743 0.09663105913900907 0.16561013103285877