2 0.04296875 0.0625 0.0859375 0.125
1 0.10703125 0.346875 0.1921875 0.125
0 0.64921875 0.046875 0.1109375 0.09375
0 0.71171875 0.015625 0.0953125 0.03125
0 0.6973784450347942 0.07597608604821993 0.08909186305535748 0.1121525192218769
0 0.5959454766754125 0.1459377832438294 0.10277493145709168 0.13312011646291486
0 0.734296074157516 0.25785352781676246 0.1048526419239657 0.1955382293077852
0 0.7322847950771465 0.11854204432510587 0.06483531570031094 0.09686171189493056
0 0.78203125 0.0796875 0.1203125 0.159375
0 0.81015625 0.04765625 0.0953125 0.0953125
0 0.8151358214560929 0.18040355721540463 0.09975634727034191 0.1080382293077851
0 0.8696482871846388 0.11367972467368767 0.09229245776545092 0.14035940637700667
0 0.8040779531390635 0.29002421868079387 0.09211044724210708 0.13723440637700648
0 0.9175342374105178 0.3479451820460625 0.08485938936371688 0.11971935775648763
0 0.965625 0.02421875 0.06875 0.0484375