1 0.41171875 0.42421875 0.1765625 0.2515625
0 0.15143270810785867 0.4699726717848808 0.1712579293443631 0.08719744355406327
0 0.128125 0.51953125 0.234375 0.0609375
1 0.06171875 0.2078125 0.1234375 0.221875
2 0.03125 0.42890625 0.0625 0.1765625
0 0.75703125 0.50625 0.1953125 0.0875
1 0.6359375 0.24375 0.271875 0.209375
0 0.5671875 0.31171875 0.134375 0.1671875
1 0.865625 0.13984375 0.26875 0.1984375
3 0.8515759694064057 0.27621271498397365 0.20832267202418073 0.18532740870767306
1 0.34375 0.925 0.3125 0.15
2 0.12919408143694974 0.8482067991895426 0.23495789735836253 0.19250499164729754
0 0.425 0.63515625 0.15 0.1390625
1 0.30703125 0.60625 0.2390625 0.1125