0 0.296875 0.5265625 0.090625 0.165625
0 0.23203125 0.57890625 0.0546875 0.0609375
0 0.3609375 0.04765625 0.096875 0.0953125
0 0.30506124648395855 0.06699521067798564 0.09285109621281204 0.11620818787965286
0 0.3703125 0.15 0.078125 0.1375
0 0.21776175526455735 0.2377999795796871 0.11052038524403188 0.199420731382639
0 0.2583953247427898 0.10402373841340236 0.06776019262201594 0.10000130642076392
0 0.22421875 0.0703125 0.1265625 0.140625
0 0.21171875 0.03671875 0.1015625 0.0734375
0 0.15943564997655885 0.15086433045336767 0.10219882513557328 0.11173889342673622
0 0.12385215309981686 0.07824510125493025 0.09613063231716552 0.142843423062014
0 0.13975038475305251 0.259149609138715 0.0945499515990063 0.13968205547083343
0 0.02734375 0.296875 0.0546875 0.121875
3 0.5064248003459012 0.4318240429343053 0.1821408551898025 0.15734364057694455
2 0.65703125 0.01953125 0.1796875 0.0390625
1 0.9453125 0.125 0.109375 0.2125
0 0.4265625 0.4796875 0.034375 0.1875
0 0.35546875 0.70234375 0.1078125 0.1859375
0 0.1026220477136226 0.7824753935236454 0.12450107201231528 0.185685539703264
0 0.16631236387220535 0.8513150060808329 0.10707722267624523 0.14466049620027785
1 0.97578125 0.76796875 0.0484375 0.3171875
0 0.95078125 0.91953125 0.0984375 0.1609375