3 0.546875 0.015625 0.10625 0.03125
3 0.41875 0.309375 0.240625 0.159375
3 0.51171875 0.978125 0.1765625 0.04375
1 0.15 0.775 0.3 0.228125
0 0.91015625 0.5984375 0.1796875 0.10625
0 0.94140625 0.66015625 0.1171875 0.0890625
0 0.834375 0.6546875 0.1140625 0.0875
0 0.76171875 0.55234375 0.1359375 0.1
0 0.66953125 0.71015625 0.1390625 0.0984375
0 0.78671875 0.69609375 0.1 0.0625
0 0.84609375 0.7453125 0.2046875 0.1140625
0 0.90546875 0.77109375 0.1890625 0.0859375
0 0.9421875 0.846875 0.115625 0.128125
0 0.9609375 0.8953125 0.078125 0.04375
0 0.71640625 0.790625 0.1078125 0.0984375
0 0.7859375 0.84296875 0.1453125 0.0890625
0 0.63515625 0.7875 0.0703125 0.0875
0 0.96875 0.42265625 0.0625 0.0671875
0 0.9265625 0.9375 0.146875 0.0625