0 0.46171875 0.06953125 0.0640625 0.1390625
1 0.6890625 0.35390625 0.175 0.1703125
1 0.85 0.096875 0.140625 0.19375
0 0.9195058886254515 0.14352702068267362 0.06507473370266367 0.1450257096771285
0 0.5595278318823915 0.2882446311028091 0.11915447994174037 0.18031254631872767
0 0.503125 0.37109375 0.1375 0.1359375
3 0.68724966660127 0.24250613792723463 0.2151034774344577 0.20662679735218498
2 0.58671875 0.03125 0.1390625 0.0625
1 0.25234375 0.92109375 0.2203125 0.1578125
1 0.14789634692608633 0.8349056153870433 0.13804087226160816 0.18587334160399785
3 0.2988343727903338 0.7420545277119869 0.12863243151195078 0.2915411447471509
2 0.46640625 0.9109375 0.0734375 0.178125
0 0.53359375 0.940625 0.1265625 0.11875