0 0.39453125 0.01953125 0.1703125 0.0390625
3 0.11328125 0.03359375 0.2265625 0.0671875
3 0.27530418270696033 0.16350098126045226 0.3123464527337759 0.17830784894328672
0 0.4828125 0.16015625 0.071875 0.1078125
3 0.78671875 0.03125 0.2359375 0.0625
0 0.92734375 0.21015625 0.1453125 0.1015625
3 0.8390625 0.5015625 0.321875 0.05625
0 0.24765625 0.5578125 0.1671875 0.05625
1 0.14140625 0.57265625 0.2828125 0.0859375
1 0.3126949220632985 0.8868486194313503 0.40406405917039334 0.19446008976990434
2 0.49375 0.909375 0.05 0.178125