0 0.2608793387571322 0.6781957363511489 0.17776246801399936 0.11134853060296201
0 0.1767946927514052 0.6321147948709855 0.0835033906747269 0.0632320541766104
0 0.9612220473822252 0.8180119468523376 0.07755590523554971 0.1102526033908223
0 0.9557527500397709 0.6990436230310201 0.08849449992045813 0.1419392510334573
0 0.9746203813653622 0.5655783056198433 0.05075923726927556 0.0994948858558109
0 0.8024299447405875 0.5816099123204344 0.19213405068427178 0.1385660020669146
0 0.8422731473981333 0.5163145521051866 0.1684783746817266 0.11872438296032684
0 0.7175731394016331 0.5362738335367181 0.12461928668045381 0.10731169396136267
0 0.6649577640833598 0.6447006095915659 0.14665791868236297 0.12239303846084475
0 0.517282238064906 0.5019586838271684 0.21081132535009015 0.13318929735218496
0 0.6640572407304062 0.5002057468951189 0.10712270401018138 0.07994867328319835
0 0.7141748720559974 0.44553967162605923 0.21569882001909021 0.15059512117350254
0 0.7723504513844522 0.41233121939252887 0.20601473734881742 0.12359597353086724
0 0.9235311433799979 0.3865778562817971 0.13099655601527188 0.11854029238978611
0 0.9145914007001803 0.28933898324626783 0.1076317813494537 0.12369867328319835
0 0.8362124093729981 0.330976365587422 0.21898745202099903 0.1648031703877141
0 0.8130107193666347 0.2830461337843871 0.10692270934118149 0.06276117328319834
0 0.8670255100254532 0.22778074503309206 0.09620338534372692 0.0810017510334573
0 0.5810714707192703 0.4143538300220614 0.12004087468172671 0.11646837014004521
0 0.640518648710998 0.35621815239563687 0.15436133068109026 0.11338191149637407
0 0.4680447593889065 0.43095267100688667 0.15121814934754485 0.11167386228216233
0 0.38235161270686174 0.31374159222317044 0.13083292401336308 0.10447779238978612
0 0.9113702347628593 0.7506574729071855 0.11667951734563572 0.09601032092583353
0 0.768079480028635 0.2465970574818701 0.1634817920114541 0.09194355913900916