0 0.3191821721911726 0.1369621061717612 0.12746491701630233 0.15692268657189173
1 0.41953125 0.56953125 0.2359375 0.2203125
1 0.16452318006533506 0.5290955848981306 0.20973388797200823 0.21206470452587264
0 0.26899996035902907 0.39729561817381376 0.15170790041956292 0.1882999515990063
0 0.35016560475530734 0.48038030806535514 0.17128669461070417 0.1993465359079618
3 0.1331333153380509 0.40745693423420065 0.2529869805034755 0.22637264422102224
2 0.15546875 0.1015625 0.1765625 0.203125
3 0.5703125 0.16953125 0.059375 0.1609375
3 0.953125 0.27578125 0.09375 0.2515625
3 0.88125 0.42890625 0.2375 0.2671875
2 0.73359375 0.5859375 0.2015625 0.1875
0 0.940625 0.47578125 0.11875 0.2140625
2 0.4828125 0.78671875 0.234375 0.2140625
1 0.13984375 0.72578125 0.2796875 0.0921875
2 0.28671875 0.83984375 0.3703125 0.3203125
3 0.3682644093194106 0.7970501784786641 0.1714284045687478 0.18060562626704132
3 0.48951060205601493 0.8767780642136753 0.144912526144509 0.13984427088084708
3 0.7578125 0.83984375 0.225 0.3203125