0 0.25876992022523637 0.5908779646899268 0.16350199400955026 0.07624667451188501
0 0.18503975434598727 0.5364983818982112 0.0750744110699257 0.04815685633066593
0 0.9373686022617364 0.8106635482891262 0.12526279547652736 0.08545803327818291
0 0.7615006276591157 0.9873203394864083 0.1541617103442862 0.025359321027183412
0 0.9397917086150057 0.6982453689059771 0.12041658276998853 0.11966939204448082
0 0.9660069790334258 0.5745175426070832 0.0679860419331483 0.0890000446422686
0 0.785721800625123 0.5665026708551417 0.17375001324684386 0.10141031574558709
0 0.8321404436388813 0.5095356505626023 0.15300100362819719 0.0885557597392328
0 0.7112376665970392 0.5128907012939509 0.11070437622353531 0.08469437418757338
0 0.6474331161415524 0.6085929391190863 0.13139882213985138 0.09598643019392802
0 0.5250347825689556 0.45732867369781083 0.19535219473518967 0.09397964529089187
0 0.6653423240387679 0.4730509054338663 0.09582342068857255 0.06101141233702041
0 0.7192014448200077 0.42792536606660325 0.19589783175849823 0.10960464529089183
0 0.778484675582714 0.4039753973161915 0.18877481252120454 0.0844955511350904
0 0.9343539411494015 0.3966283218280764 0.1312921177011969 0.09458757142762994
0 0.941646841377145 0.3061396895228281 0.11670631724570982 0.10673301542127547
0 0.8502480589778255 0.3349583904163326 0.1963343413771451 0.12210464529089186
0 0.8330134297590652 0.2885919050268292 0.09673115626060244 0.0422886858759707
0 0.8915600505403048 0.24354818627641722 0.08661211179556502 0.06553527110331832
0 0.5973884430059091 0.38285655356742715 0.10478175843752062 0.09396028003177204
0 0.6597594682336526 0.33553726866439104 0.13721231252120453 0.0835955243497292
0 0.48736860226173623 0.3848400190714282 0.13564981252120453 0.0835682508107789
0 0.42147572903342584 0.26423146428288974 0.11829862141421192 0.07858074188232518
0 0.8673959304768555 0.7365754374942333 0.10407243030721958 0.07364778003177222
0 0.7957118372007939 0.24890211363097134 0.15207342068857238 0.06199325973923262