0 0.50859375 0.11953125 0.0609375 0.1921875
0 0.21796875 0.30234375 0.0890625 0.0328125
1 0.646875 0.20390625 0.215625 0.2296875
0 0.578125 0.03671875 0.078125 0.0734375
0 0.4859375 0.4125 0.10625 0.171875
0 0.44921875 0.346875 0.0609375 0.05625
0 0.36796875 0.91171875 0.1359375 0.1765625
0 0.3046875 0.93671875 0.115625 0.1265625
0 0.3299115593521716 0.8397494136059376 0.10314885771838504 0.12135833148532651
0 0.43434704996063134 0.7890298058122518 0.11810269566510652 0.14405237884037306
0 0.3105846033069417 0.6537132030684764 0.12983337452429886 0.2024109104104042
0 0.30053046547395096 0.791342005685195 0.07907468775644091 0.10436825256024881
0 0.2468125578692968 0.8375414424745454 0.1457130425090764 0.20957096302712266
0 0.2130397357399061 0.8927595634929979 0.12182987353571573 0.19726838410204497
0 0.1765625 0.984375 0.121875 0.03125
0 0.13203125 0.9234375 0.1578125 0.153125
0 0.0916886591618911 0.9319347265342381 0.061823520760246706 0.10180469468185827
0 0.0375 0.96796875 0.075 0.0640625
0 0.22537661516993984 0.7150594977220999 0.11083402372599611 0.11868835779368574
0 0.16732137604435476 0.7701257002964661 0.11048119665368965 0.148284852532014
0 0.24692400992301272 0.6096516609045144 0.10729252965749511 0.14654034200867017
0 0.14276840912471003 0.5327090002823487 0.10034219269935693 0.12898882096198286
0 0.50546875 0.97890625 0.0671875 0.0421875
0 0.060282150264642544 0.8914763265060033 0.09211319863085593 0.1565677893919517
0 0.9796875 0.59140625 0.040625 0.1359375