0 0.58046875 0.03984375 0.1484375 0.0796875
0 0.5798121624875938 0.2864075832779638 0.15888556738935158 0.11117493676633483
0 0.98125 0.17265625 0.0375 0.0859375
1 0.80546875 0.3921875 0.3046875 0.234375
3 0.91015625 0.484375 0.1328125 0.05
0 0.37265625 0.54453125 0.2140625 0.0703125
3 0.31161569443884335 0.6354494532668891 0.13339755183796279 0.08623549352159507
1 0.446875 0.715625 0.065625 0.275
3 0.11953125 0.82109375 0.2390625 0.2515625
1 0.37515193119652873 0.735367912550758 0.16786958812453676 0.14282545496493207
0 0.871875 0.95078125 0.184375 0.0984375