0 0.6405627743766293 0.45226555124127693 0.17627519970043756 0.09415108402290802
0 0.49370374983082216 0.46334050592777604 0.2042407030344174 0.11164766669318063
0 0.2044500601323242 0.5072926899665925 0.1066643303053814 0.06368178668045381
1 0.13270170332428155 0.6099460699793191 0.2654034066485631 0.2644828600413618
0 0.07722554581797764 0.8577659519812281 0.15445109163595527 0.0878647213558171
0 0.03388227521012431 0.9374085459898186 0.06776455042024862 0.054688594684908054
1 0.16957228460808998 0.7662137039704104 0.33914456921617997 0.14633284404836147
3 0.29662132680222364 0.4203643072883657 0.1386793469752808 0.14991018801718106
1 0.6489797628768776 0.04803586863463784 0.3707904742462448 0.09607173726927568
2 0.6448685396694029 0.7246127185710044 0.2553247130363571 0.16375560669954403
3 0.496000476033921 0.7029297172581398 0.2705351248550679 0.17798173870145284