0 0.19640885179840012 0.8904501725695566 0.14995041469812276 0.14467425546001172
2 0.08162948983319898 0.1837215536335423 0.15987603012188492 0.2950568927329154
1 0.44285471042910435 0.31954864377168557 0.19513891832631985 0.23405549091614422
0 0.6832862151536097 0.010045711200189327 0.0978224303072194 0.020091422400378655
3 0.6846627537130151 0.3562203699747843 0.11231154935917864 0.3161029742462448
3 0.7678621780297847 0.4951555820930576 0.1289534123358699 0.30188097758022464
0 0.47144602421625315 0.6447081404377057 0.1415972560752678 0.26240388939893544
0 0.4016146738534334 0.6417901766524425 0.1307837524470708 0.1758286606107628
0 0.4125844009879426 0.5296409919549143 0.10131450725639408 0.17965529121570684
0 0.3484202080668516 0.4870865722602957 0.0786557680561673 0.11080969636645754
0 0.5410367832019278 0.5285572398288825 0.07887402286549072 0.11705969636645755
0 0.5556771473597456 0.4317779636160853 0.11699407095872498 0.18249324879205203
0 0.6750397609694092 0.5293708275511297 0.09537204210278442 0.1433351539428031
1 0.8209574069783925 0.42265895769703155 0.20633436787083284 0.331568219704317
1 0.35276054471949114 0.9254793925637376 0.1111954495445131 0.10567565727678314
1 0.7612699599657681 0.8224036083058547 0.21803078130301118 0.22034367728066248
2 0.10906753138782928 0.5207273460571968 0.1757887176006804 0.2153374418245299
0 0.5500893793883963 0.6531746025559789 0.10781747840045366 0.14279302000387945