2 0.44375 0.04375 0.171875 0.071875
0 0.56328125 0.04765625 0.0671875 0.0953125
2 0.6938257054096354 0.199821473042976 0.25202715007475474 0.3571676923729369
2 0.89609375 0.13671875 0.2078125 0.2734375
3 0.8512296601318997 0.14124262512722702 0.15102721057599666 0.18180061542376214
3 0.7296875 0.05390625 0.128125 0.1078125
0 0.50859375 0.70390625 0.0421875 0.1765625
0 0.5734375 0.9640625 0.0875 0.071875
1 0.75234375 0.9734375 0.2234375 0.053125
0 0.8359375 0.6 0.13125 0.08125
3 0.67578125 0.628125 0.1296875 0.1375