3 0.6844745928152752 0.7369945399029589 0.15757637254713258 0.18768290802036275
0 0.748771856161148 0.672995127227914 0.13344385277546902 0.09369655068427196
1 0.7636102889746732 0.5962962672263231 0.30636669961943924 0.15974081604072535
1 0.24091954688333866 0.5648961046308199 0.46725907315515497 0.35214758672817903
2 0.09892441197891642 0.8109636773154099 0.18350220258518865 0.17236699069063519
3 0.22437266992476287 0.3768966653007742 0.16966519566510643 0.13940904002227175
0 0.1662219303048862 0.32837789664227385 0.17853085969555132 0.12701812802354437
0 0.06337013882157391 0.35935627132400044 0.12674027764314783 0.19378745735199915
3 0.011854059772101008 0.25762159599777285 0.023708119544202017 0.06913180800445433
2 0.3909646037268712 0.29374671594527524 0.3772813774900484 0.213665794716725
0 0.4981775844494993 0.3838620912635487 0.12910917984777565 0.06397268801718106
0 0.6807446867306768 0.29193657857259525 0.19597302768032882 0.13346812269254427
0 0.5975435730807928 0.4365865545830948 0.22365235870696817 0.12285788669636229
3 0.5091788210664454 0.8421103959261853 0.17467103064607842 0.14727608402290793
1 0.8914633749442284 0.5823144885423693 0.1782363824329643 0.234776084022908
1 0.937573076503653 0.8113565512015061 0.06462486859280006 0.16786020934118148
0 0.9526807647543855 0.708885531866688 0.03950285178688588 0.08791817067154532
2 0.8785972549057348 0.36147527721200556 0.21302787650146512 0.20706925469445325
3 0.8805483685556188 0.2177707305458692 0.1509788626613009 0.1407533640197264
1 0.3660243176435854 0.46504955128104786 0.22039470752810447 0.19622266136218053
3 0.7750146570731816 0.43139797322568685 0.29555121642535304 0.2392646840388164