1 0.31953125 0.07734375 0.2390625 0.1546875
3 0.40859375 0.1859375 0.0609375 0.15625
0 0.3497780198347014 0.17607263032484166 0.1716832945496865 0.12291347316352948
2 0.225 0.31484375 0.428125 0.2078125
2 0.07734375 0.346875 0.1546875 0.14375
0 0.22860516619146082 0.6384934847360635 0.18565019970043756 0.10360226866002265
0 0.1853974290683384 0.6917779734772964 0.1800698793969957 0.09236438001107458
1 0.24134479800435268 0.7775664767164989 0.3402735400077585 0.2269768167774094
1 0.92109375 0.7453125 0.1578125 0.215625
0 0.6976570236277233 0.5366351002491686 0.10491038273097572 0.10464553207825791
0 0.5924277765026613 0.6451868823274265 0.09741687606301594 0.06997014342930993
3 0.605486659523501 0.8945965970099661 0.16409393515657006 0.14418769586563335