0 0.628125 0.103125 0.096875 0.128125
0 0.7113506358741939 0.3698820829220547 0.14652164772027057 0.1049144400324213
0 0.9484375 0.2703125 0.103125 0.084375
3 0.95390625 0.36328125 0.0921875 0.1796875
2 0.3171875 0.909375 0.45625 0.18125
0 0.4803868236364206 0.8904064445850445 0.17810353444287905 0.13129715756743252
3 0.428125 0.653125 0.303125 0.165625
1 0.4828125 0.53359375 0.19375 0.0890625
0 0.053125 0.515625 0.10625 0.053125
0 0.3501962964662263 0.5640537679920773 0.1938469336130419 0.13358740363849114
2 0.21677829999071122 0.6706933738640988 0.327418295440541 0.2114299214211715