1 0.2390625 0.05234375 0.3625 0.1046875
2 0.6625 0.06484375 0.10625 0.1296875
0 0.842521154460569 0.11308766003893114 0.13132420783841656 0.06153436068413445
0 0.830569072248973 0.17522024551419468 0.16049488229073816 0.09861786661563361
1 0.74453125 0.35546875 0.2703125 0.0484375
3 0.578125 0.73671875 0.0625 0.2265625
2 0.2703125 0.9796875 0.21875 0.040625
1 0.4283557028903585 0.6705632845260491 0.3037568004748536 0.1949728962731288
3 0.0609375 0.52890625 0.121875 0.1453125
3 0.4572666499082224 0.8301319441078696 0.1476766335443795 0.08717103064607841
0 0.84296875 0.43125 0.1890625 0.103125
0 0.8246360063347131 0.6618806457044751 0.3057739415410804 0.2106615632693231
0 0.678125 0.73359375 0.1375 0.2203125