0 0.21140139082114168 0.22812609193455788 0.16760914065150567 0.11303486758448215
1 0.115625 0.35859375 0.23125 0.1953125
2 0.71328125 0.384375 0.1984375 0.209375
3 0.50625 0.42265625 0.175 0.1234375
1 0.2063914207733905 0.7969318141909466 0.23505459019601888 0.2143895539746133
1 0.3453125 0.9328125 0.146875 0.134375
3 0.34453125 0.73671875 0.1484375 0.2015625
1 0.79296875 0.51796875 0.2171875 0.0578125
1 0.52890625 0.54296875 0.2203125 0.1078125
0 0.93515625 0.66171875 0.1296875 0.1015625
0 0.928125 0.80078125 0.14375 0.0734375
0 0.5012848355563313 0.8602826640944015 0.07809028366526398 0.04910377153942491
2 0.7290204220393349 0.6313389372233104 0.18821430653075472 0.16747099530842302