0 0.6125 0.0796875 0.1375 0.159375
2 0.53515625 0.37109375 0.3078125 0.1359375
1 0.409375 0.3625 0.2 0.153125
0 0.13828125 0.38984375 0.1453125 0.0984375
0 0.075 0.3359375 0.15 0.20625
1 0.08671875 0.14921875 0.1734375 0.2984375
3 0.16889752926866236 0.2609871515360968 0.20915787314378348 0.23850697241000382
3 0.265625 0.0359375 0.215625 0.071875
0 0.43046875 0.03203125 0.1140625 0.0640625
0 0.17265625 0.928125 0.1484375 0.14375
2 0.16953125 0.58828125 0.2734375 0.2984375
3 0.54453125 0.51953125 0.2453125 0.1609375
2 0.6265625 0.52265625 0.125 0.1671875
2 0.5827600413689108 0.6580556468115915 0.19320562021691715 0.18171133538669526
0 0.740625 0.93984375 0.103125 0.1203125