1 0.33984375 0.359375 0.1984375 0.1
2 0.3484375 0.140625 0.18125 0.2625
0 0.509375 0.08359375 0.140625 0.1671875
1 0.87578125 0.121875 0.1734375 0.24375
0 0.17734375 0.6619375617864484 0.1015625 0.14320085475263547
0 0.4140625 0.76796875 0.05 0.1890625
3 0.21875 0.42734375 0.1 0.0359375
0 0.959375 0.9625 0.08125 0.075
0 0.52109375 0.7283331774134988 0.128125 0.21303319368794008
1 0.50390625 0.80859375 0.1296875 0.3265625
2 0.4984375 0.83984375 0.11875 0.3203125
1 0.89921875 0.54296875 0.1609375 0.2671875