0 0.4526461334215475 0.21686839888548945 0.08825336958138301 0.17565927956950456
0 0.5130305350947026 0.14282727729770223 0.05480951680591399 0.08208906203449332
0 0.18137719475088537 0.9167422361462612 0.09090352570316255 0.1258776033908223
0 0.30232636471282925 0.92676359139911 0.12457818874502422 0.11029114474715129
0 0.4336373731157862 0.9605670490093239 0.09059050790866544 0.04164815260503403
0 0.4522560860439172 0.7835850179920774 0.11526153855474383 0.18783394789030422
0 0.5108935984012068 0.8395588821362665 0.09718270060802237 0.16515842721213972
0 0.5126086542189752 0.70876264640429 0.09371019072219049 0.11821065260503402
0 0.4139536369187697 0.6311706474377473 0.1055390286689121 0.1405950748547749
0 0.5806225306832594 0.514608077959656 0.10677787650146531 0.20927230024766902
0 0.5569515618236295 0.6636470454946674 0.06813718775644091 0.10298375889134022
0 0.6033437421656968 0.7264531064957034 0.12240287650146531 0.21000004631872748
0 0.6263939230020555 0.7926945366033271 0.09721187551288217 0.20414815260503402
0 0.6250290356633563 0.9320845223353034 0.10018568380210838 0.08576202564056316
0 0.7209145386291059 0.9417077713018461 0.11153967787060921 0.05821922249741007
0 0.6945483568041638 0.8709243904084341 0.13614704152049342 0.20284251778268042
0 0.7466692723174836 0.8630176910703877 0.04788835475263546 0.10360018899896417
0 0.7914671191614536 0.9251152766785296 0.07043451680591381 0.08281680810555159
0 0.6568759659682426 0.5995053087292337 0.10283052273741297 0.11239730024766903
0 0.7052444817855734 0.6723948451231637 0.09504719764227279 0.15102315260503402
0 0.6606946912536632 0.4819175483901514 0.09335736364988403 0.147825377997928
0 0.792123763383054 0.4225703194826006 0.08621602570316256 0.12565927956950454
0 0.2649590158916929 0.854927132755439 0.08101918973360744 0.11294095574818712
0 0.7905810984012069 0.8265322274643179 0.06905770060802219 0.16384848428423443