0 0.4388286174037493 0.7836116314071117 0.0993129350298613 0.17853989926336594
0 0.5069415313477077 0.8396870327641646 0.05814111474138883 0.08518338317182242
0 0.08349956497013875 0.16575640395494284 0.1070163322563196 0.1743987024816745
0 0.1954008061364235 0.11659264825495966 0.14335387575930572 0.1940991972858944
0 0.3169679880321527 0.057818399806006227 0.10425370174736122 0.11563679961201245
0 0.3630941863610414 0.25072235777399965 0.1262027433504862 0.19445983020561536
0 0.41142389000826374 0.18494453846414763 0.10846972948277785 0.16982046312533622
0 0.4312071003049997 0.30679775913105245 0.09963893692972228 0.1255241599070276
0 0.34706653001652743 0.4031589429232936 0.11424695079743064 0.1499450056999832
0 0.5224646138883676 0.47435160986768665 0.12195165444465292 0.2128820482746301
0 0.48037064570784693 0.33923891853387694 0.07423889342673622 0.10658848960843983
0 0.5147469521286109 0.2697569450169805 0.13764938962701406 0.2170996547112475
0 0.5280113247537844 0.2025312401895175 0.11086868407993081 0.20586722376899802
0 0.5036867380321527 0.060438342312710155 0.11446515634451408 0.12087668462542031
0 0.5924407667175 0.037621060255674174 0.12449346656499997 0.07524212051134835
0 0.5832274612466666 0.10973368395672915 0.14865962480937506 0.2194673679134583
0 0.6339177922687151 0.1093279073860121 0.05548889342673604 0.10527736188449896
0 0.6683850176674305 0.04230052949758323 0.07558318787965276 0.08460105899516646
0 0.5832222355636107 0.3772855857303716 0.10890483415618064 0.12149222376899793
0 0.6193792475314581 0.2983193515698134 0.10501742116215276 0.15553944183801277
0 0.6032963865897912 0.48663880639727636 0.10338218597979179 0.15230518119435105
0 0.7360718657882287 0.512453271364198 0.09357077488562507 0.1328996173323807
0 0.17566757475378453 0.22716951533523874 0.08859233415618065 0.12007183540139543
0 0.6801381756274651 0.13417508807616005 0.08179812670923621 0.16327553218308677