0 0.41884844023780465 0.39313166017851964 0.15047544191141177 0.12181479434509228
3 0.41484375 0.5390625 0.2484375 0.10625
1 0.43359375 0.02109375 0.2109375 0.0421875
0 0.03359375 0.28359375 0.0671875 0.1140625
2 0.16753808443359014 0.21722043694597284 0.2577211020792369 0.20570036173444395
0 0.2410249738554909 0.0974848439204637 0.12826855518880328 0.09503768086722197
2 0.38984375 0.9109375 0.2234375 0.178125
2 0.0421875 0.9046875 0.084375 0.178125
2 0.76953125 0.921875 0.4015625 0.15625
1 0.67890625 0.68671875 0.1859375 0.0953125
0 0.95625 0.82578125 0.0875 0.1296875
3 0.9828125 0.95859375 0.034375 0.0828125