2 0.89765625 0.12578125 0.2046875 0.2515625
0 0.8329810184089069 0.11633129625781775 0.1739496285298145 0.13690941015912914
2 0.60234375 0.153125 0.1859375 0.30625
3 0.596875 0.30546875 0.175 0.2140625
3 0.7953125 0.365625 0.30625 0.16875
0 0.84140625 0.43359375 0.1890625 0.0328125
2 0.91875 0.38359375 0.1625 0.1328125
1 0.16953125 0.503125 0.3390625 0.10625
1 0.19453125 0.56875 0.3890625 0.228125
1 0.278125 0.96484375 0.328125 0.0703125
1 0.42265625 0.87109375 0.1734375 0.2078125
0 0.49140625 0.80390625 0.0359375 0.1734375
1 0.62109375 0.65859375 0.2234375 0.2359375