3 0.396875 0.2484375 0.315625 0.225
0 0.95859375 0.2640625 0.0828125 0.0875
2 0.3609375 0.0796875 0.24375 0.159375
1 0.37606384801413867 0.12452886397040126 0.26480317038771417 0.2186692285299777
3 0.20390625 0.496875 0.0703125 0.11875
0 0.09411422042598624 0.8995253605525557 0.17773120181924557 0.09319652985783762
0 0.2171875 0.4359375 0.04375 0.09375
3 0.36953125 0.7875 0.2609375 0.234375
1 0.6 0.96015625 0.328125 0.0796875
1 0.9125 0.93046875 0.175 0.1390625
1 0.91015625 0.83515625 0.1796875 0.1609375