1 0.11241038744281255 0.06650920157021037 0.22438436379145837 0.11426840314042072
3 0.04596711664125002 0.029443459092057755 0.09127961664125003 0.03076191818411551
3 0.14288109707395846 0.16810880548941862 0.2808162017473612 0.12371761097883724
2 0.14804725465274346 0.4906968593294846 0.2781289192622919 0.20951871865896923
3 0.35249836531006984 0.4864964072970558 0.1409198599917362 0.21801787727617333
1 0.43620905660819514 0.8873528989837857 0.4272574034947224 0.22529420203242873
0 0.08299183120947985 0.81514527837153 0.10908536569131948 0.057824523356964974
0 0.5492382402163543 0.08390391937124973 0.12714568787965277 0.09582462852981448
0 0.2924070119678473 0.08501882383181869 0.1279808360560417 0.06462009263643717
1 0.7215132837193404 0.10609247109974466 0.3705333183886113 0.15443406505633006
1 0.813080027922848 0.8871355341110106 0.19858558320625014 0.146308013327835