0 0.6171875 0.471875 0.14375 0.075
0 0.25810147649296294 0.4357439999967047 0.19875597758022465 0.1220500982129911
0 0.95546875 0.315625 0.0890625 0.10625
0 0.91875 0.11015625 0.1625 0.1390625
0 0.98203125 0.1734375 0.0359375 0.109375
2 0.84375 0.2328125 0.309375 0.221875
0 0.8411198522661149 0.16751001744657507 0.14649210485118863 0.07432961850553062
3 0.6390625 0.84375 0.1 0.215625
0 0.5739171504396452 0.712983978890091 0.1489474251546305 0.085294392044481
1 0.453125 0.925 0.38125 0.15
2 0.12734375 0.74140625 0.2546875 0.2140625
1 0.190625 0.578125 0.359375 0.1375
3 0.273072127560828 0.7085150726421506 0.35675940940281486 0.24182858441327343
1 0.84296875 0.68671875 0.3078125 0.1984375