0 0.54453125 0.49140625 0.0296875 0.2015625
1 0.69140625 0.5109375 0.1703125 0.215625
3 0.24296875 0.88515625 0.2296875 0.2296875
0 0.03125 0.71484375 0.0625 0.1921875
0 0.7890625 0.92578125 0.128125 0.1484375
0 0.7296875 0.95234375 0.10625 0.0953125
0 0.73527498777616 0.8641568363940625 0.10094903859206372 0.12099431043863902
0 0.8352857205547206 0.8085354389260765 0.11498822780418312 0.1420348525320138
0 0.68046875 0.6953125 0.1234375 0.153125
0 0.6956671135011062 0.81362621537561 0.07476504689043359 0.10391322625188941
0 0.6482485844568121 0.865310541740439 0.13882939212119308 0.21031441567207612
0 0.62109375 0.9109375 0.1109375 0.178125
0 0.57734375 0.940625 0.0953125 0.11875
0 0.6034428020885256 0.7359191733528224 0.10996884108157463 0.11685284200867016
0 0.5671875 0.7953125 0.075 0.15
0 0.6046875 0.6578125 0.103125 0.078125