3 0.5319644922013599 0.8046952324294787 0.13053290339440443 0.1483310100679862
3 0.36903478366846654 0.34526894709461775 0.13044304156530248 0.4014196424768057
3 0.9385791483262388 0.4640260263137145 0.11851469242562444 0.23085256933854179
2 0.21281503728270387 0.7465074048259026 0.16276466217500313 0.31780836189159734
1 0.3896825851927182 0.55569730081809 0.1983112767345796 0.25145731648875014
0 0.6748403978352596 0.14598976681440914 0.07883404800821019 0.12369337955902786
0 0.4627580334720749 0.21341757541937462 0.08229539129415606 0.181578614741389
2 0.8746449551150478 0.17492846514329788 0.1674158007386847 0.31166746466513906
0 0.8563211602300956 0.370641008646284 0.08208631303532457 0.1456411147413889
0 0.2710042663036609 0.8146748701566316 0.09621244554888211 0.1569059230620141
0 0.5410335452777357 0.058334604389062295 0.09918290944452864 0.11666920877812459