0 0.7889084268918438 0.752349165633077 0.18018575262089379 0.14070175046142525
1 0.5438102706626073 0.5335736775101527 0.2602737708194908 0.1520583574935408
1 0.29070505705980204 0.529802625692138 0.32707934145441175 0.22325103947951347
0 0.9861551503691401 0.40403728330565036 0.027689699261719623 0.13571625693983033
1 0.3499040885197511 0.8222497439830203 0.1785836798265045 0.11570175046142524
1 0.15014631554079177 0.7160836798265044 0.22559598704319006 0.266542359653009
1 0.23617373920265833 0.22520596082502825 0.319988732262828 0.1854506508305656
1 0.08592341532853505 0.21168727405869342 0.1138598457733484 0.12555880937615385
0 0.10145518506829183 0.36906897748246603 0.14909643892580315 0.11692428901808824
3 0.4525659045311934 0.44525405227944 0.3699095866740498 0.13885505551864252
0 0.47207947716869897 0.8347473488556674 0.11297966378737563 0.06325906847545255
1 0.38406292180694007 0.10475016578996037 0.20899307063492073 0.08030447100406106