2 0.1109375 0.4984375 0.221875 0.1625
0 0.3131244741357525 0.0834808903170194 0.0926996285298145 0.1322701081851685
0 0.61953125 0.046875 0.1234375 0.09375
0 0.4669274917532368 0.3661818200135777 0.08158027210332382 0.1251272878817268
2 0.628125 0.5421875 0.165625 0.075
0 0.94140625 0.4609375 0.1171875 0.20625
0 0.7765023832151751 0.22308449275231207 0.15076819279472176 0.19936175546001172
3 0.43828125 0.44921875 0.0578125 0.2609375
0 0.9765625 0.2421875 0.046875 0.171875
2 0.2109375 0.72578125 0.203125 0.2921875
1 0.06015625 0.778125 0.1203125 0.33125
3 0.1703125 0.8578125 0.228125 0.284375
1 0.7361321328194637 0.7930303309336012 0.2540870725781774 0.32158718394862207
1 0.85859375 0.92734375 0.1984375 0.1453125