1 0.3390625 0.0765625 0.321875 0.153125
1 0.1875 0.26171875 0.375 0.3453125
3 0.48359375 0.51015625 0.1703125 0.1703125
3 0.43359375 0.0390625 0.2703125 0.078125
0 0.19372075278481268 0.5872068889486803 0.2061783693507266 0.14243814431968715
2 0.6703125 0.17734375 0.203125 0.1890625
1 0.6515625 0.071875 0.165625 0.14375
0 0.7445863413430904 0.04358720096906523 0.08686474801081764 0.08569683540139543
0 0.6203125 0.46171875 0.103125 0.1765625
1 0.6375 0.5515625 0.1375 0.215625
2 0.87578125 0.3578125 0.2484375 0.2875
1 0.86015625 0.61328125 0.2796875 0.0921875
0 0.6371214760502705 0.34978220666904847 0.13542951734563582 0.10002141535490913
1 0.4734375 0.91484375 0.190625 0.1703125
0 0.36015625 0.6921875 0.1578125 0.065625
3 0.7525550247055891 0.8266999857500419 0.27520218403881636 0.3049488519971419
1 0.6453125 0.88515625 0.153125 0.2296875