0 0.13515625 0.021875 0.1171875 0.04375
2 0.2809882415475344 0.33077422235338594 0.197933579406528 0.2524670851145897
1 0.68203125 0.396875 0.1984375 0.225
0 0.57265625 0.35 0.1078125 0.175
0 0.4921875 0.67578125 0.053125 0.1734375
0 0.44689057095406237 0.607517264119258 0.05338087955902786 0.0796253155185485
0 0.3984375 0.93515625 0.10625 0.1296875
0 0.31953125 0.93671875 0.0921875 0.1265625
0 0.18923584622093714 0.8955327750063177 0.08564917211208342 0.12428459765100204
0 0.9257955145332983 0.6515915245440993 0.0883754350298613 0.17433006175762475
0 0.8625155709540625 0.582517264119258 0.05338087955902786 0.0796253155185485
0 0.8140625 0.92265625 0.10625 0.1546875
0 0.7358010684855204 0.9212494920159342 0.09233558320625006 0.14321645407749273
0 0.604860846220937 0.8705327750063176 0.08564917211208342 0.12428459765100204