0 0.79921875 0.04375 0.1078125 0.0875
3 0.73046875 0.03671875 0.1171875 0.0734375
1 0.72734375 0.25234375 0.1953125 0.4140625
0 0.8741553311734531 0.6109375 0.0788807508107789 0.1328125
3 0.70703125 0.6515625 0.1546875 0.15625
2 0.825098042616969 0.42265625 0.26666494317957135 0.328125
0 0.896875 0.1015625 0.1375 0.203125
0 0.22022753612414733 0.82890625 0.11878873051823949 0.18125
0 0.98359375 0.7921875 0.0328125 0.125
3 0.80252361323382 0.85078125 0.1451603157455871 0.1703125
3 0.93125 0.91796875 0.1375 0.1640625
3 0.6953125 0.90390625 0.13125 0.1921875