0 0.2453125 0.6134165636245 0.1609375 0.08531130698520055
0 0.17109375 0.5669733556807819 0.075 0.05043633723582168
0 0.9265625 0.7664844170657867 0.146875 0.09147949375348396
0 0.75 0.9581366276417835 0.15 0.038372674471643366
0 0.9265625 0.6539844170657867 0.146875 0.12585449375348415
0 0.95078125 0.5296247665000526 0.0984375 0.09276019262201593
0 0.759375 0.5408945854873057 0.171875 0.10881243949875792
0 0.80234375 0.48126960061261637 0.1515625 0.09306926483072289
0 0.684375 0.49523717272312745 0.1078125 0.0865647347764936
0 0.62578125 0.594796811188613 0.13125 0.09920109016268785
0 0.50078125 0.4580240399149826 0.190625 0.10267152380771342
0 0.63828125 0.4603490883159761 0.0953125 0.06461701190385653
0 0.68984375 0.41161160646634876 0.19375 0.11675220452587265
0 0.746875 0.3823735583599427 0.1875 0.09484084308955412
0 0.903125 0.36115202245198097 0.140625 0.1008181323171657
0 0.9125 0.27125373029750327 0.1375 0.1117374515990063
0 0.81328125 0.30854971809905896 0.19375 0.12925220452587266
0 0.79609375 0.2648997120489348 0.0953125 0.04742951190385671
0 0.8515625 0.21535825430160832 0.084375 0.06611587939029935
0 0.56796875 0.378726904474559 0.103125 0.09747496369925468
0 0.62890625 0.3260286304704539 0.1375 0.09142495159900639
0 0.46171875 0.38950129889197294 0.134375 0.08984427088084708
0 0.3921875 0.27896831987101595 0.1171875 0.08193177693097135
0 0.84453125 0.7005554109174665 0.1046875 0.07717155405833438
0 0.7578125 0.2291849258463854 0.1484375 0.06805108411256369