0 0.58828125 0.22012652207985997 0.075 0.17274770401018139
0 0.5265625 0.1451896094048149 0.0484375 0.08025112133990878
0 0.86484375 0.9309581110558384 0.084375 0.13808377788832332
0 0.74375 0.9407050073798388 0.1171875 0.11858998524032245
0 0.6109375 0.9751703667051117 0.0890625 0.049659266589776506
0 0.59140625 0.7896941347469509 0.1015625 0.18086928668045382
0 0.53359375 0.8452714254057694 0.0859375 0.16037497334499945
0 0.53046875 0.7139850627386786 0.0859375 0.11349997334499946
0 0.62890625 0.6362242367520415 0.0953125 0.13548406134627217
0 0.46015625 0.5194169027291334 0.090625 0.20417951734563572
0 0.48515625 0.6689265540658607 0.0609375 0.10070907200827221
0 0.4390625 0.73167145472627 0.10625 0.20436133068109008
0 0.4171875 0.7986044160566337 0.08125 0.1993829293443632
0 0.41796875 0.9490294880251351 0.0953125 0.10194102394972973
0 0.32109375 0.9617107540181354 0.1078125 0.07657849196372908
0 0.346875 0.8813800060470888 0.121875 0.20298064401654478
0 0.29609375 0.8690703627068619 0.040625 0.1020352146721816
0 0.2515625 0.9365209447008166 0.0640625 0.0898079346753633
0 0.384375 0.6044726080521794 0.0953125 0.10579656134627217
0 0.33671875 0.6773555773790434 0.084375 0.14473179201145409
0 0.3796875 0.48644931405154307 0.084375 0.1431692920114541
0 0.246875 0.4270914007001803 0.0765625 0.12276588534372675
0 0.7796875 0.8606349854391769 0.0734375 0.10866702267663583
0 0.2515625 0.8326146947008166 0.059375 0.16162839067472703