0 0.5681794354722289 0.21171875 0.07309440097293454 0.159375
0 0.5155141314944693 0.140625 0.04656708279171564 0.071875
0 0.789909196028831 0.89140625 0.08082508035608367 0.1546875
0 0.9708121428618505 0.6875 0.0338682597392328 0.15
0 0.6762188429445759 0.91484375 0.1154728157455871 0.1703125
0 0.5514818957045196 0.94453125 0.08474892126547413 0.1109375
0 0.5448984793070141 0.73984375 0.09666826866768652 0.1671875
0 0.48776208929112796 0.790625 0.08384098620028232 0.1484375
0 0.49067067532925446 0.66875 0.0815148271096728 0.1046875
0 0.5864292345820198 0.5984375 0.09124438311602709 0.125
0 0.4352542926169691 0.48671875 0.0876750982129911 0.1890625
0 0.45157694765038886 0.62578125 0.05785913879807012 0.0921875
0 0.4060502134787014 0.6828125 0.1033000982129911 0.1890625
0 0.382316658690163 0.74453125 0.07821827759614006 0.184375
0 0.375601234178278 0.90546875 0.08984552434972919 0.134375
0 0.28384042817192356 0.92578125 0.1023182508107789 0.1328125
0 0.3138063920510715 0.8203125 0.11580009821299111 0.1890625
0 0.2663819671321494 0.80703125 0.03913641233702041 0.09375
0 0.22155466234361096 0.86875 0.06238299756436803 0.0828125
0 0.3620428892084024 0.56328125 0.09078073295387146 0.0984375
0 0.3132138770335378 0.63046875 0.0804432508107789 0.1328125
0 0.36238953693492626 0.45390625 0.0788534772718286 0.13125
0 0.24230490787608883 0.39609375 0.0738659683433748 0.1140625
0 0.7155598068237239 0.809375 0.06893300649282175 0.1
0 0.22715187175853205 0.771875 0.05727848620028233 0.1484375