2 0.4279696724865854 0.3312972055851442 0.3066160129856435 0.22296943901162666
0 0.3609375 0.40625 0.2 0.0875
0 0.04921875 0.24375 0.0984375 0.1375
0 0.10234375 0.953125 0.2046875 0.065625
0 0.15465926299223415 0.7392094070443255 0.22723643019392786 0.1451744805034753
3 0.21756045779665856 0.6220918394079675 0.2483398628234877 0.19202616971559472
3 0.59453125 0.7203125 0.0703125 0.109375
1 0.53984375 0.5546875 0.1796875 0.209375
1 0.078125 0.52265625 0.15625 0.1453125
1 0.10390625 0.6390625 0.2078125 0.271875
0 0.8358758555231823 0.6878030402424489 0.18305005357072252 0.11685930373891082
3 0.8796875 0.56875 0.240625 0.2375
0 0.91328125 0.9765625 0.1734375 0.046875