0 0.8286698875093398 0.752206928120384 0.09958974729857673 0.07898882096198286
1 0.43991195342141226 0.8589078942724528 0.3190215577372161 0.18364404181102606
1 0.0420616134788806 0.756719707836038 0.0841232269577612 0.16343941567207612
1 0.03802583183826234 0.6257959315276788 0.07605166367652468 0.16096686305535748
0 0.1964669343702762 0.17998144454068407 0.15224431043863912 0.1007419945971538
1 0.22581207110315712 0.06645727083492589 0.19212585779368574 0.11707962613895004
3 0.11907622369164075 0.014774402517896454 0.0805975526167185 0.0202662683452643
0 0.20509223449733316 0.3145307497882385 0.12504477360693617 0.08825740514873237
1 0.39137063971665265 0.27913011803468074 0.3149556840173403 0.22078002076433875
1 0.5571923317676751 0.23156341524855306 0.24373313140062186 0.2010597839891055
1 0.4100589975103384 0.17360816012805555 0.2998921261389501 0.20277347340929203
0 0.7364325107351052 0.26316827297165163 0.152244310438639 0.1007419945971538
0 0.6276798660391293 0.29994866517796587 0.15435284200867017 0.11020799985882572
2 0.45366915848544 0.6496238995341248 0.3852681840173403 0.224875257539572
0 0.3403431348785039 0.7245490338479312 0.1899109104104042 0.1325226156156063
2 0.25834343500556073 0.8538200339185182 0.33039867349399665 0.2185650733810572
0 0.36569320342141226 0.8545851443430401 0.050530621018452494 0.03875866311182748
0 0.44038936653323957 0.8103338863799451 0.1660337946536236 0.09687354195220052
2 0.5070378112150979 0.756207099477655 0.22904900512049747 0.16283174189573088
0 0.8728686665897094 0.8950993543863909 0.07759292093374767 0.12909523677523324
0 0.7825046029555368 0.3873562018684945 0.08185621572854593 0.06861276308359247
3 0.7650510634224108 0.32362763083592455 0.16042083148532668 0.10744702090551303
2 0.33719980823132617 0.37474645492285347 0.21764106826055976 0.1808536998023559
0 0.03176703302662339 0.3293381604809914 0.06353406605324678 0.10216871572854576
3 0.09263700810426928 0.2264553551628498 0.15203147881213824 0.15055998407381013