1 0.8912350837461152 0.3741525636520716 0.21752983250776986 0.1735488824329643
1 0.3488593008668415 0.3309701798105946 0.3401285020669146 0.204122403193211
1 0.4872477903183624 0.8654168225865012 0.25149834160399787 0.1428082184025193
1 0.1201714904849781 0.6306823142207254 0.1892552067816443 0.1792603715585493
3 0.3229540421803892 0.6654698552097459 0.2680351782455971 0.1965062213682689
1 0.05178524772368842 0.35559874258562624 0.07806514970954974 0.20280134783255316
0 0.12340122849326604 0.27988647676829537 0.1367080955329393 0.12253552768032883
1 0.85762212096636 0.6171823220550287 0.2847557580672799 0.1579822322426839
3 0.5770228422231705 0.35611346536240784 0.23998295285270288 0.19692271543676992
1 0.3700194791124386 0.5163983438410394 0.36657968610347985 0.16933090912471016
2 0.3468536910658786 0.22068659581820588 0.3322774607105858 0.16949273520843347