0 0.5858809413142574 0.7627033387832677 0.10432008706427265 0.1790973493799445
0 0.5210648467867528 0.8280099526853592 0.06042624491161739 0.08394987012586874
0 0.9189181755988833 0.09821998338003854 0.11032442559888338 0.17488344606059655
0 0.8066328595655099 0.08010709418185238 0.14683513568479184 0.16021418836370477
0 0.6850986962910983 0.040145867627069155 0.10573210085908258 0.08029173525413831
0 0.6461977278374471 0.22242003566905683 0.13145579715018094 0.19204763527271587
0 0.596828491632257 0.16341281118886603 0.11155937697836435 0.16875184523075956
0 0.5806003833099426 0.28778584915622984 0.10153592378986112 0.1259723493799445
0 0.6665179511523384 0.3706915923077526 0.11666295680654795 0.1473504419114117
0 0.4950767203742152 0.46682399895109283 0.12462594301173802 0.21020563942190068
0 0.5332650378779269 0.3274529230163651 0.07719766508343398 0.10700886182749905
0 0.4961910837849123 0.2635922551748701 0.14041471732199753 0.214514631123531
0 0.48181432326946283 0.1987960493660113 0.1166496687014785 0.20648864357108562
0 0.5006827527135334 0.055902767421932106 0.1169905054270668 0.11180553484386421
0 0.4114188568519765 0.040704742526822824 0.12596271370395296 0.08140948505364565
0 0.4240217554270669 0.11375912115155411 0.15464099163225703 0.21870522365499817
0 0.37574802973732646 0.12055449542660786 0.05844766508343389 0.10558807178554282
0 0.3392506077564876 0.05272837800003136 0.0766244549975256 0.09607136182749909
0 0.43243287822155985 0.3790172682471247 0.1105833751693421 0.12043274440092269
0 0.3940863511977669 0.30584079999071123 0.10761550542706688 0.1528900468904336
0 0.41559061623577226 0.49167155621448855 0.10597111827193721 0.15120914772027055
0 0.2853608836486268 0.536051286093264 0.09717597241038015 0.1318671518694554
0 0.8302518232694627 0.17239303441965698 0.08854460085908258 0.11565015601864026
0 0.32878449852966196 0.1523498697016616 0.08631371551297518 0.16216995850815116