0 0.13793218742040514 0.23116694934331602 0.2599760786919079 0.19944888059640906
0 0.02578125 0.3078125 0.0515625 0.15625
0 0.2571901700747693 0.146847260288307 0.23777381468808995 0.17017746042459264
0 0.91015625 0.03359375 0.1796875 0.0671875
0 0.4765625 0.05 0.034375 0.1
0 0.53125 0.1234375 0.14375 0.128125
0 0.4875 0.01796875 0.05625 0.0359375
0 0.334669732733906 0.8549010204650722 0.2331408586887263 0.1746192989592032
0 0.25063908338636115 0.7458735012431954 0.18448518268618094 0.15333079715018094
1 0.36640625 0.52421875 0.1859375 0.1890625
0 0.521875 0.571875 0.125 0.15625
1 0.56171875 0.77578125 0.2046875 0.1953125