1 0.8259929615358523 0.42567873010817686 0.19656790546755198 0.35512494668999894
1 0.7421542850330785 0.14212079543281358 0.19491828813517137 0.2645544906906353
3 0.44518073206687114 0.20423679805854275 0.1591114641337424 0.39996473201781735
3 0.21781910065975957 0.6590311966899989 0.15948353268728982 0.22667268268618096
3 0.24160652590202586 0.5750016420273625 0.1546867720436281 0.22505563868554468
0 0.47883228235831365 0.9087424847230883 0.07669317599857095 0.13671929734245403
0 0.39252307778295226 0.9685286470202037 0.05916718639013112 0.06294270595959262
3 0.20752001107099022 0.9024630233529536 0.12248627723940819 0.1887726933481808
0 0.17729228964778074 0.7046158693507264 0.07192926634364491 0.1132454346753633
2 0.1421653566887189 0.09064427601845369 0.12183071337743781 0.17939769334818115
1 0.27383061993027064 0.0757834393698165 0.17578623986054132 0.14723972135581714
0 0.35852233020561536 0.12594761871417964 0.14640437848024543 0.2405715506842719
3 0.3487213592866089 0.07509364337999785 0.14119271857321786 0.14371473201781734