2 0.27928422927693436 0.3186853245555056 0.24911125102576426 0.4190043178875458
3 0.4770863538012334 0.5294946341081015 0.269208892318796 0.3007325500096983
3 0.4933348004177419 0.2785379119878887 0.26722989825029514 0.32860245849442926
3 0.335158769351734 0.8902579513674276 0.20492621642535305 0.21948409726514484
0 0.5244759373365115 0.92024003023534 0.1254987015966055 0.15951993952932
1 0.9345712485543063 0.9224635130460556 0.1308575028913875 0.15507297390788893
1 0.7977715158916929 0.9098203141791128 0.20971187551288217 0.1803593716417744
0 0.9259124674511174 0.7094038563974923 0.12301037155854928 0.19068838606495575
1 0.5973656561961416 0.7869241100213363 0.2924500741437381 0.37426564485894714
0 0.2998819362735663 0.11713867107174444 0.1304116946765233 0.1430161606107628
0 0.7353300049429159 0.08338400608823161 0.1237850098858317 0.056823569095493756
0 0.054997859201259734 0.12673771424430513 0.10286501482874762 0.07847542848861026
3 0.8865355855496257 0.8692907800904079 0.16025038638729683 0.2614184398191842