1 0.37421875 0.42109375 0.1703125 0.1359375
0 0.36640625 0.4765625 0.1859375 0.025
1 0.290625 0.421875 0.18125 0.134375
1 0.03046875 0.303125 0.0609375 0.11875
1 0.84453125 0.45 0.3109375 0.078125
1 0.534375 0.3796875 0.15 0.21875
1 0.67377943022718 0.2753942707046534 0.2650715298578376 0.17958362290951407
1 0.7839624304235716 0.14828886967847285 0.2758272226762454 0.148588196047778
2 0.8258282644379396 0.3625156770491674 0.3085669998036082 0.13685191546256964
0 0.37890625 0.79140625 0.1609375 0.1359375
3 0.31328125 0.5265625 0.1984375 0.075
1 0.340625 0.6609375 0.2375 0.1875
0 0.11824198165323559 0.5877987792540281 0.12706246974937901 0.08888327488562511
1 0.55703125 0.70859375 0.1953125 0.1015625
3 0.53671875 0.79453125 0.1546875 0.1484375
0 0.91875 0.5015625 0.153125 0.025
0 0.61953125 0.91015625 0.3203125 0.1796875