0 0.10189535281265014 0.4575067625819017 0.10773819863085596 0.15333528003177221
0 0.08414282562661284 0.3288187008935044 0.10923703163466159 0.1518000535707224
0 0.1823773957788372 0.26455955763120753 0.1393993755128821 0.20229097727182851
3 0.26484375 0.04609375 0.1609375 0.0921875
2 0.93984375 0.09765625 0.1203125 0.1953125
0 0.7265625 0.0328125 0.1 0.065625
3 0.5796875 0.046875 0.2 0.09375
0 0.975 0.73984375 0.05 0.1765625
0 0.8725527041052444 0.812867229307014 0.24675557216657182 0.3462512573036006
0 0.96875 0.8984375 0.0625 0.109375
0 0.6561318666528146 0.797099727682161 0.1026050296574951 0.14231595941492117
0 0.5659697816718426 0.7908554561718055 0.14251905832640724 0.27885347727182863
1 0.86953125 0.65625 0.1171875 0.053125