3 0.0359375 0.290625 0.071875 0.15625
1 0.61875 0.05234375 0.25 0.1046875
3 0.39609375 0.34140625 0.0546875 0.0546875
3 0.78359375 0.3421875 0.1390625 0.053125
2 0.16953125 0.40546875 0.2296875 0.0734375
1 0.2609375 0.50078125 0.215625 0.2640625
1 0.0296875 0.58828125 0.059375 0.4203125
0 0.27587237122554303 0.7997064704961074 0.16870563695090493 0.2277595209055132
0 0.9515625 0.53984375 0.096875 0.1859375
1 0.5308566671834616 0.6692637524190744 0.2662395758767081 0.34085032608248034
0 0.41640625 0.62265625 0.0953125 0.2015625
0 0.40625 0.790625 0.075 0.175
0 0.97890625 0.921875 0.0421875 0.15625
0 0.5532485086378733 0.4666847839891055 0.10815006631598419 0.1572958314853265
3 0.90390625 0.48671875 0.1921875 0.2109375