1 0.15272380851382591 0.7750210114199607 0.20570683455744518 0.32816702283992144
2 0.34913693865972784 0.6367341966297826 0.23488415152690703 0.3234728787873866
3 0.3501739248647663 0.4493127617586451 0.18134507909743344 0.1821994255988834
0 0.5468722923029684 0.8291274937799635 0.1784112687959313 0.22249687697836446
3 0.5968891703228384 0.555591496493497 0.3287294885002483 0.42485167231952303
3 0.909613213495399 0.750257701829707 0.180773573009202 0.29757212008095946
2 0.9514656157712121 0.8846095318850331 0.09706876845757577 0.23078093622993387
0 0.9902896443999054 0.44106416553365974 0.019420711200189088 0.14768722749876279
3 0.8860640142540035 0.35293232247649325 0.1746485400077585 0.21452060266810502
3 0.7506370840984032 0.23770571291098336 0.24850011243723227 0.3568585888732951
2 0.6430475957673328 0.29196608774164123 0.2522311481929272 0.30726802464894376
1 0.8731500707624837 0.17567045963162303 0.1946423045516262 0.17356140999505124
0 0.25003130621861613 0.18502121042459252 0.11572007909743343 0.1787601650834339
1 0.14244207576345352 0.1630466338757694 0.20988415152690706 0.3221626843053107
0 0.10548369395056172 0.3011331320667471 0.053347882730975724 0.10081222749876284