0 0.10592002923445869 0.8211023662111037 0.06141370435383649 0.10581766046291677
1 0.24907732922660947 0.39660113399378405 0.16501988710812654 0.34775691149637405
3 0.4867236952833438 0.1345699766312392 0.1421776094333124 0.22969611621110375
0 0.6815798382971021 0.20155207712657724 0.09312006134007814 0.165012877997928
0 0.966408706083117 0.22420844292339623 0.0518948606144388 0.14593323821317572
0 0.9582738022695855 0.09862624606654938 0.03657739546082901 0.109340766749223
0 0.754402202370102 0.6259399551245053 0.08265378729346118 0.1333262303552928
0 0.5910812576349123 0.7091055578961548 0.10950895317271012 0.18761562406898663
3 0.5001735154394605 0.735389767987568 0.10853178493120837 0.29364730024766883
3 0.7255926668907394 0.7114579241072587 0.1061656983633867 0.1812200748547749
1 0.2059522894860777 0.690385367244561 0.1300248390148923 0.2837286447471509
2 0.5680628759690813 0.9040861482618077 0.18409229092165802 0.19182770347638467