1 0.07734375 0.0515625 0.1546875 0.103125
0 0.528125 0.02734375 0.21875 0.0546875
1 0.05546875 0.3703125 0.1109375 0.25
2 0.159375 0.721875 0.31875 0.29375
1 0.8625 0.5984375 0.275 0.2625
3 0.91875 0.8484375 0.1625 0.284375
3 0.87734375 0.96875 0.2453125 0.0625
0 0.97265625 0.47109375 0.0546875 0.0796875
3 0.57265625 0.43125 0.3078125 0.16875
0 0.48828125 0.54296875 0.1390625 0.1078125
0 0.478125 0.4828125 0.11875 0.11875
0 0.5246867345077094 0.7892617284929399 0.15770403663473137 0.11983303327818291