2 0.05 0.3859375 0.1 0.1875
1 0.07265625 0.16875 0.1453125 0.29375
0 0.4171875 0.07578125 0.1 0.1515625
0 0.46953125 0.0171875 0.0578125 0.034375
0 0.4 0.43125 0.1125 0.096875
0 0.550786918237038 0.3364055736724529 0.12007592855814764 0.20096120248167448
0 0.53359375 0.45234375 0.0734375 0.0546875
0 0.58046875 0.45390625 0.1359375 0.0515625
0 0.6252408226196307 0.41078249682103235 0.10773317049962934 0.11313342055068923
0 0.671875 0.44140625 0.103125 0.0765625
0 0.6237356941560194 0.3022051723154002 0.10251799019805538 0.1422746173323805
0 0.7431684908101859 0.23981406898087593 0.09320177879370348 0.12454081411407199
1 0.1640625 0.93359375 0.16875 0.1328125
0 0.36875 0.50859375 0.1 0.0578125
0 0.3921875 0.94375 0.125 0.1125
0 0.45 0.9734375 0.10625 0.053125
0 0.4469511443443069 0.9063303075809095 0.09876827360990728 0.11716535668871889
0 0.35221413425953824 0.8391813763865585 0.11304538708777753 0.13835194183801286
0 0.5023494182370379 0.7223430736724529 0.12007592855814764 0.20096120248167448
0 0.48620842544708454 0.8619136720632985 0.07253796427907382 0.10135468639013112
0 0.53203125 0.90703125 0.1359375 0.1859375
0 0.5546875 0.93984375 0.109375 0.1203125
0 0.62421875 0.9734375 0.1484375 0.053125
0 0.5768033226196307 0.7967199968210323 0.10773317049962934 0.11313342055068923
0 0.62452863166764 0.8621536087055313 0.10279139227157383 0.14539961733238052
0 0.5752981941560193 0.6881426723154002 0.10251799019805538 0.1422746173323805
0 0.694730990810186 0.6257515689808759 0.09320177879370348 0.12454081411407199
0 0.709375 0.9609375 0.08125 0.078125