0 0.39140625 0.3046875 0.0765625 0.10625
0 0.5995604289490284 0.3704741688904022 0.1429888934267362 0.11221842531467204
0 0.6640625 0.40234375 0.134375 0.0953125
1 0.8984375 0.125 0.203125 0.196875
1 0.07734375 0.49609375 0.1546875 0.0921875
3 0.05 0.8625 0.1 0.134375
1 0.10546875 0.571875 0.2109375 0.178125
3 0.35625 0.92109375 0.146875 0.1578125
0 0.6219426155944102 0.7586747537481996 0.14582295269729179 0.0999552236549981
1 0.521875 0.915625 0.184375 0.16875
1 0.69765625 0.9375 0.2640625 0.125
3 0.92109375 0.9 0.1578125 0.16875
0 0.9578125 0.75859375 0.084375 0.1390625
3 0.9375 0.55078125 0.125 0.1265625