2 0.2517096292638962 0.26243617072198644 0.2686267155873715 0.2274248629141832
2 0.84375 0.0328125 0.26875 0.065625
3 0.8453125 0.434375 0.309375 0.090625
0 0.51796875 0.38515625 0.0984375 0.1265625
0 0.53671875 0.859375 0.1359375 0.109375
0 0.4828125 0.9265625 0.028125 0.0625
0 0.97734375 0.78359375 0.0453125 0.1359375
0 0.96328125 0.8515625 0.0734375 0.10625
0 0.9021044714137407 0.769108917879389 0.1470863735787013 0.11912797355046649
0 0.8140625 0.9375 0.209375 0.125
0 0.94921875 0.8984375 0.1015625 0.08125
0 0.9546875 0.93046875 0.090625 0.1390625
0 0.9046875 0.971875 0.11875 0.05625
0 0.7953125 0.98359375 0.15 0.0328125