2 0.96328125 0.22578125 0.0734375 0.2765625
3 0.36184650132014823 0.23833660827820272 0.14158707257817743 0.3108496547112475
0 0.4112985835317441 0.1732854086465198 0.09410901583511766 0.17966535668871889
3 0.79609375 0.43125 0.2359375 0.096875
2 0.12421875 0.77890625 0.1296875 0.2234375
2 0.5863416991294349 0.7281646607402068 0.22119566772189714 0.4208909262506726
1 0.296875 0.90078125 0.2125 0.1984375
0 0.46640625 0.553125 0.1515625 0.146875
3 0.75859375 0.68359375 0.2453125 0.4078125
3 0.6328125 0.5015625 0.171875 0.04375
3 0.975 0.50546875 0.05 0.0515625