0 0.0859375 0.25078125 0.171875 0.1203125
0 0.0972234693295225 0.3545410124930319 0.1848663089182919 0.11977721057599684
2 0.22578125 0.4625 0.2296875 0.053125
3 0.37890625 0.0140625 0.2609375 0.028125
1 0.74921875 0.2671875 0.4796875 0.3125
3 0.88671875 0.05859375 0.2265625 0.1171875
2 0.44296875 0.7171875 0.1328125 0.265625
0 0.1171875 0.71015625 0.234375 0.1140625
0 0.35987519670481677 0.789687130372258 0.20172602698730663 0.11518970452587247
2 0.6375 0.5640625 0.25625 0.15
0 0.7047017416252521 0.7494399011549093 0.12032320767745457 0.06786018657189175
3 0.90625 0.70625 0.1875 0.190625