0 0.44375 0.51640625 0.15 0.1046875
3 0.53828125 0.2125 0.2234375 0.159375
1 0.25234375 0.50546875 0.3328125 0.1265625
1 0.03515625 0.50078125 0.0703125 0.1359375
0 0.61171875 0.0796875 0.0765625 0.115625
0 0.93203125 0.01171875 0.1140625 0.0234375
1 0.32316751670908894 0.8640625 0.28828289202736246 0.2015625
1 0.27848063068904444 0.71640625 0.31026698002863495 0.2109375
0 0.078125 0.67578125 0.15625 0.1484375
1 0.1171875 0.91875 0.234375 0.1625
0 0.23287887137967966 0.89296875 0.1544704186823629 0.115625
3 0.1890625 0.96171875 0.23125 0.0765625
0 0.690625 0.77421875 0.08125 0.1140625