0 0.05546875 0.3734375 0.1109375 0.096875
3 0.4453125 0.43046875 0.2875 0.0765625
0 0.9092788893989354 0.13086320815166957 0.1560902454580721 0.09893355172143128
0 0.921875 0.41796875 0.15625 0.1015625
0 0.08984375 0.525 0.1796875 0.1125
0 0.05546875 0.5734375 0.1109375 0.109375
0 0.1753168013868242 0.7598239556197809 0.3042087521260319 0.13838297603820102
0 0.95078125 0.5375 0.0984375 0.1375
0 0.7515625 0.959375 0.184375 0.08125
2 0.8640625 0.8953125 0.271875 0.209375
0 0.9170586648628266 0.6570586312024947 0.12525483363936124 0.0838343413771451