2 0.1265625 0.44375 0.253125 0.13125
0 0.6905131752864567 0.12533655965650708 0.19029883068109027 0.10955009821299111
0 0.18125 0.98046875 0.178125 0.0390625
0 0.1321450499284124 0.9536040612813602 0.1572681546785449 0.09022735389503396
0 0.25625 0.959375 0.1125 0.08125
0 0.44375 0.909375 0.190625 0.096875
0 0.3036387892664122 0.9222155137964224 0.09758407200827239 0.06262845941492116
0 0.24638081993954825 0.8735501428552599 0.19971019334818116 0.1128387394466932
0 0.1849620619430481 0.8466915880667214 0.193169292011454 0.08772964529089186
0 0.0453125 0.834375 0.090625 0.096875
0 0.0359375 0.73984375 0.071875 0.1078125
0 0.11002624395291125 0.77271257142763 0.2014181440165447 0.12536601298564348
0 0.12543361529282004 0.7245341700476582 0.098928396005727 0.04390573295387146
0 0.06348814596595612 0.6757869784896446 0.08668293467536325 0.0655625446422687
0 0.37188989727882066 0.831982025971287 0.10579656134627217 0.0971398271096728
0 0.30607454061904765 0.7800416505658976 0.14162497334499946 0.08839211850553061
0 0.47734375 0.8359375 0.1234375 0.0875
0 0.51484375 0.71484375 0.0484375 0.0796875
0 0.16338814863145618 0.6861262349824664 0.1553965720082723 0.06363758035608366
1 0.6821632312619579 0.9201520020252996 0.26862382535009016 0.1281012751605081