0 0.16328125 0.0859375 0.1359375 0.171875
3 0.803125 0.1546875 0.2625 0.309375
2 0.69375 0.4875 0.228125 0.203125
3 0.87947406770026 0.40859403609265266 0.16910615514950217 0.23491282541528272
0 0.747884106256923 0.38721728871354644 0.19316302128091625 0.3189268800110746
0 0.33671875 0.65 0.1140625 0.121875
0 0.23039262491694573 0.8547018707641177 0.12012843460686647 0.1990964389258032
2 0.0671875 0.83125 0.134375 0.31875
0 0.94296875 0.71328125 0.1140625 0.2484375
0 0.68984375 0.6390625 0.1140625 0.1
0 0.5265625 0.984375 0.05625 0.03125
3 0.93125 0.9546875 0.1375 0.090625