1 0.06875 0.30859375 0.1375 0.2453125
0 0.10366014139543123 0.394585780585221 0.17596676959604132 0.14662700725639405
0 0.6724783375553652 0.3862102853945445 0.16126777210332383 0.12426093393541641
1 0.5859375 0.29609375 0.234375 0.2234375
2 0.884375 0.38359375 0.23125 0.2484375
2 0.925 0.0546875 0.15 0.109375
0 0.7078125 0.54765625 0.15625 0.0421875
0 0.5375 0.60390625 0.1375 0.0703125
0 0.6713691639609733 0.8671304139803325 0.23584187476889085 0.1658879279449666
0 0.60703125 0.9203125 0.2765625 0.159375
0 0.98359375 0.86484375 0.0328125 0.1265625