0 0.8106973498469007 0.5241531168973811 0.17763952174882966 0.11423938001107459
0 0.8698760316718428 0.5996327806847568 0.08366934585538673 0.06458173658176455
0 0.1779923488211364 0.08465200956072397 0.17314302273741303 0.11862649136212669
0 0.1433865385547438 0.19152377081949096 0.17610619665368965 0.153101620911776
0 0.08872289627312877 0.3033438479328167 0.10570085475263546 0.10807092072720588
0 0.27782915863041846 0.3739030791159106 0.19122186068413444 0.14160291640826922
0 0.2162987510257642 0.41281658235511304 0.16851918973360744 0.11988860271317878
0 0.33857034045536044 0.4494828724529355 0.12594968775644108 0.10781010487264701
0 0.4276699911399325 0.3796092658822454 0.14689885771838504 0.12473678901808824
0 0.5083973622041903 0.5632216047157635 0.20971719269935693 0.13655447100406093
0 0.3726707678316782 0.5023167782207466 0.10780718281352523 0.08327117982650449
0 0.30591169075937164 0.5276486428110012 0.2134788626613009 0.15237973010335965
0 0.24063685923844078 0.5320369517257296 0.20471135771838495 0.12844158235511322
0 0.08761001832596978 0.4863868854097454 0.14071252471457937 0.12589877081949083
0 0.0700179531166613 0.5709726364894797 0.09877969269935694 0.12944527297895939
0 0.1503912026223697 0.5737855582964196 0.21717686562705038 0.16664248920265834
0 0.15399104650059023 0.6238856878460689 0.10548067885919248 0.06442105027685514
0 0.0824808024320893 0.6473546637873756 0.09530718281352517 0.08247014342931003
0 0.41606262357289686 0.6110700169619796 0.12008168973360736 0.11678458667404978
0 0.3399285465005903 0.6358011042543381 0.1527668557412186 0.11576230721668565
0 0.5257705460062987 0.6453727706626073 0.15114068874502423 0.1140996776670363
0 0.5593709076790164 0.7815501025562952 0.13044618676785796 0.10342299352159508
0 0.2436266190870915 0.18470087677187214 0.11606535178688589 0.09470932757475112
0 0.18018347338261637 0.6738751958656335 0.1613141847906915 0.09605058451458141