0 0.3849857167011348 0.25390625 0.09255222135581712 0.165625
0 0.4278357406906353 0.1765625 0.05559656667727229 0.078125
0 0.2554491407940396 0.93828125 0.09987382535009015 0.1234375
0 0.055956576105949674 0.78046875 0.04238858935390814 0.1515625
0 0.3702747094604941 0.93671875 0.13272268801718107 0.1265625
0 0.4963195887969031 0.959375 0.0962579293443632 0.08125
0 0.4785401007717679 0.77421875 0.11769767202418073 0.178125
0 0.5423122467774949 0.81640625 0.10183631468808993 0.1578125
0 0.5229526247612684 0.696875 0.09507723734881743 0.1140625
0 0.41916400608685966 0.63984375 0.10783177601845365 0.1359375
0 0.5527930240690423 0.50859375 0.11168402936027153 0.1984375
0 0.5559827534213596 0.6484375 0.06989542401336309 0.0984375
0 0.6081361467615866 0.69921875 0.1273272106938169 0.2
0 0.640058856102768 0.75703125 0.10379880402608972 0.1921875
0 0.6668860801240852 0.9140625 0.10794086401972632 0.1453125
0 0.7582650581237671 0.91171875 0.11549882535008997 0.1234375
0 0.718938381444904 0.821875 0.13984539202736243 0.2015625
0 0.7632514554423586 0.803125 0.05114542401336308 0.0984375
0 0.8154412114496765 0.85703125 0.07291133601209018 0.0890625
0 0.6371503900779509 0.57421875 0.10283519334818117 0.109375
0 0.6933100307526778 0.63359375 0.09694882001909004 0.140625
0 0.6210430373965427 0.465625 0.09536813868554468 0.1390625
0 0.7318981740531338 0.39140625 0.08891814401654478 0.121875
0 0.3202559807844946 0.86796875 0.08094201201463562 0.1078125
0 0.7971446501034044 0.76171875 0.07521927068745367 0.153125