3 0.8644773315738996 0.08130974872708999 0.12317622158978558 0.16261949745417997
1 0.9081978782447632 0.25382547619964174 0.15198306006354442 0.20917336463846717
0 0.8703275056787476 0.4132933181006958 0.12158644805083547 0.16733869171077376
0 0.7125871436660387 0.37906685121823225 0.20868880194586925 0.3270267095052709
0 0.7936405004037418 0.2749112504199295 0.06583528003177222 0.10417284684397003
0 0.5119792175293006 0.4419673937273087 0.0882557508107789 0.13631418479069163
0 0.42878093384408056 0.46802982802370874 0.11392968100470675 0.2653941897336075
0 0.16286423863591426 0.05903546589388048 0.08771028003177213 0.10506418479069153
3 0.25938072848964455 0.0793386956279254 0.1274818920444809 0.14728085969555132
3 0.17337641355154113 0.5269087153995888 0.06900691882984215 0.19642401384016442
3 0.15700493992986525 0.7535176363501159 0.0805444366867496 0.23124468281352506
0 0.33811857223511355 0.7383197647915666 0.08866485389503395 0.15975168479069152
0 0.8907214208551417 0.7306572316368491 0.09499667451188501 0.1646938527754692
0 0.7405441428519646 0.7266130132715107 0.14622398376465034 0.23704369665368966
1 0.2982005044576363 0.9596336906850095 0.10725912094116259 0.06214185574121842
1 0.45023060875970733 0.9354574085560564 0.1375739123370204 0.09928902866891179
1 0.5106032727215808 0.8110357287082806 0.11991485389503395 0.16102502471457933
1 0.7574980434211576 0.5781609258190809 0.09803985389503396 0.16013368676785794