0 0.25 0.01796875 0.096875 0.0359375
0 0.472185289580508 0.19587803470410226 0.12757053756616052 0.18653806956195354
1 0.55703125 0.34375 0.1234375 0.071875
0 0.23203125 0.25390625 0.1484375 0.2515625
0 0.03984375 0.32109375 0.0796875 0.1171875
0 0.84765625 0.33828125 0.1171875 0.0828125
3 0.125 0.96796875 0.140625 0.0640625
0 0.028125 0.83828125 0.05625 0.1703125
0 0.22734375 0.97421875 0.1046875 0.0515625
1 0.409375 0.98046875 0.221875 0.0390625
0 0.4585591882879137 0.5828271056034382 0.14093270060802238 0.17033391535490913
3 0.29765625 0.55078125 0.1515625 0.3421875
3 0.64140625 0.53671875 0.0453125 0.3140625
0 0.8046875 0.43125 0.09375 0.103125
3 0.884375 0.4171875 0.134375 0.075
0 0.965625 0.48671875 0.06875 0.1828125
3 0.8624760726608633 0.5187856569801614 0.14009971247102052 0.22636539406758568