1 0.4536146560601736 0.07257628114650808 0.2052706878796528 0.10401818401734038
0 0.5935811201566317 0.31072727048199 0.14033667211208362 0.12988346302712267
1 0.8352458625571874 0.11201456762527517 0.17950827488562515 0.13684609456891894
0 0.5659593875397217 0.5899674494494201 0.1019274823325695 0.08863683674699843
1 0.35395100323104123 0.5228577312312127 0.3970620636389586 0.2993138154179622
2 0.9705338655038883 0.8200608280074444 0.02576502583555538 0.1013650789250776
1 0.6747161384896522 0.6229003177664495 0.348841462765278 0.2387711575678068
2 0.18308264409232627 0.37801712613895005 0.36616528818465255 0.2654092522779001
3 0.1470165511024304 0.2041400103821694 0.23346972948277794 0.17587777346576183
0 0.082283210296736 0.3198035367611157 0.164566420593472 0.14585707352223148
2 0.15230215672576367 0.6556037998447082 0.30460431345152733 0.22886553654935432
2 0.7896573395714235 0.28929042819097117 0.34193815254479176 0.2773786312594475
2 0.16168619557600633 0.7502638524614268 0.2877571859797918 0.16187545762427646