1 0.12291803505596785 0.6981929177969673 0.2458360701119357 0.3724835888732951
3 0.4068622001865595 0.8572370471501809 0.2340253381817897 0.2855259056996381
3 0.03853674605130778 0.7070179618949306 0.07707349210261556 0.3140359237898611
3 0.009249219906798648 0.8880665660333736 0.018498439813597296 0.11988313206674732
1 0.23282381678794342 0.7055694058111797 0.14597996390673593 0.26288285956551005
0 0.3654096672167951 0.14621541723114045 0.1438236228251613 0.15227290818602887
3 0.6474176064289143 0.14060166157693094 0.13139540041956294 0.1936415366347314
0 0.8367626037296221 0.23994099954571477 0.15417097220510562 0.24774918249628844
0 0.13890544418649678 0.18532774762515083 0.10502123195336796 0.13312011646291486
3 0.9156749734312836 0.5648768017842783 0.1175016116270065 0.3594369549975257
0 0.884787213258814 0.8275848416983701 0.07076463112353082 0.13288109905006032
0 0.2512498949977562 0.9461047953411587 0.11441954274124866 0.10779040931768265
0 0.692608600806615 0.9615571342144538 0.11801813942190087 0.07688573157109246