1 0.36953125 0.05703125 0.3390625 0.1140625
1 0.24765625 0.17734375 0.4953125 0.3546875
1 0.365625 0.39453125 0.278125 0.1484375
2 0.10859375 0.36015625 0.2171875 0.2171875
2 0.6109375 0.43203125 0.14375 0.0734375
0 0.92890625 0.43984375 0.1421875 0.0578125
0 0.05859375 0.5484375 0.1171875 0.128125
0 0.03203125 0.62890625 0.0640625 0.1046875
0 0.14847022453610884 0.5947836829088236 0.2241705657615139 0.11850537785160631
3 0.38828125 0.59609375 0.3015625 0.1609375
3 0.08984375 0.85859375 0.1796875 0.2546875
3 0.6171875 0.5125 0.15625 0.0875