0 0.11581978984146361 0.3031852755675452 0.11685930373891078 0.1830500535707224
0 0.06715806951045772 0.34056649878218404 0.07954763527271587 0.12310230925276536
3 0.29545974565032246 0.2953978693163095 0.2531538464801595 0.2930989837646504
1 0.5634950761584423 0.712811060467286 0.22301606058738804 0.2660455600635441
0 0.4689405153705616 0.7314462378218402 0.10019202199532433 0.14842959172016917
3 0.6466664641304505 0.9190438749983525 0.2050930095477696 0.1619122500032951
3 0.7986853697248835 0.6349935722351135 0.18056845145918138 0.28246940097293455
3 0.8566708554032292 0.3808748624131554 0.2362049900512452 0.39891260714144494
0 0.6905704134918175 0.268745234979171 0.17945439212119307 0.20598872158978568
1 0.05367221950581332 0.15229888555165919 0.09668851369695448 0.16397277110331837
0 0.21903099067594498 0.4914586172877146 0.08771533278320494 0.12792617694751698