3 0.03623144297824091 0.25149679802252856 0.07246288595648182 0.15924359604505717
0 0.0028243292175466456 0.44584237772394086 0.005648658435093291 0.16355975544788168
0 0.19743243209148326 0.9388436147344905 0.13546719123481452 0.12231277053101905
0 0.0855978729969911 0.19856282215984367 0.12740041300675892 0.17817926634364492
1 0.25415167483495393 0.13174629877883323 0.24058391819055522 0.19385853268728984
0 0.4748983614981028 0.5464854140175269 0.15654110885972194 0.17400521857321785
3 0.3350068018844456 0.6270966396281102 0.19046492393999942 0.3487538462971587
0 0.3599515559369462 0.9175802559520847 0.15409961404351816 0.16483948809583068
0 0.301611375635372 0.8920114454443091 0.10244007775694416 0.12363387797604233
0 0.7143532578221772 0.720435638290728 0.1340017275213885 0.20038204827463027
0 0.770086556502594 0.8021498140371974 0.1257600005656478 0.1594292663436449
1 0.8686278205933805 0.48441029300197547 0.16271177935935127 0.2800366972858944
0 0.5418464559377316 0.10470210560343811 0.14755708812453677 0.14231817599857094
2 0.6251292647029171 0.24886700486680396 0.2638053876534254 0.2995293784802454
0 0.7481081434493524 0.2896937366815736 0.12466639227157365 0.14692926634364492
0 0.6537985922235201 0.8914858296245377 0.14411902130083298 0.19177187278026225
0 0.9213271362857884 0.8433807374378782 0.03240097983046297 0.1218421490112643
1 0.4325681411867609 0.8587733385034886 0.18019180527833267 0.28245332299302284