1 0.2125 0.096875 0.15 0.19375
3 0.46328125 0.10625 0.1328125 0.2125
3 0.62734375 0.19921875 0.0640625 0.1921875
0 0.4890010685545564 0.4657314546522361 0.13151808762187223 0.17916261213660042
3 0.08515625 0.43046875 0.1703125 0.1609375
0 0.0390625 0.215625 0.078125 0.178125
0 0.11003394873372345 0.22636721395851547 0.07425115690134447 0.1938699683211164
0 0.8112267242022595 0.11628810156981331 0.1287568004748536 0.19144409084927716
1 0.1875 0.68359375 0.184375 0.1890625
0 0.63359375 0.940625 0.0515625 0.11875
0 0.76640625 0.64453125 0.0890625 0.1109375
3 0.7078125 0.63671875 0.096875 0.0953125