2 0.51328125 0.04453125 0.2109375 0.0890625
2 0.5109375 0.35703125 0.215625 0.3140625
1 0.0375 0.05703125 0.075 0.1140625
2 0.10625 0.07265625 0.18125 0.1453125
2 0.9609375 0.03359375 0.078125 0.0671875
0 0.657714395707847 0.28364434293798535 0.07118793502986125 0.1730477621748646
0 0.628125 0.11875 0.01875 0.2375
3 0.8496142210303124 0.13146205438150133 0.16101415444465292 0.20741485389503395
3 0.06484375 0.684375 0.1296875 0.16875
3 0.19355901709874956 0.8187808222384089 0.11090766451263914 0.3361750535707223
1 0.09583133833715243 0.7529864525150622 0.1407380220358335 0.2086227978886795
0 0.0671875 0.9734375 0.134375 0.053125
1 0.8265625 0.85078125 0.18125 0.2984375
1 0.7140625 0.76328125 0.1625 0.3265625
3 0.634375 0.76796875 0.03125 0.2828125