3 0.4234375 0.42734375 0.3125 0.2828125
3 0.503125 0.0640625 0.153125 0.128125
1 0.3609375 0.61796875 0.2375 0.0828125
1 0.67734375 0.33515625 0.1953125 0.2765625
1 0.77578125 0.09921875 0.2671875 0.1984375
3 0.66953125 0.08203125 0.1796875 0.1640625
0 0.38828125 0.703125 0.2265625 0.0875
0 0.44375 0.7140625 0.2125 0.109375
0 0.55234375 0.7359375 0.0546875 0.1125
0 0.5484375 0.83203125 0.0625 0.1171875
0 0.48203125 0.7890625 0.1953125 0.171875
0 0.4734393066623189 0.8370063381274662 0.10923375889134021 0.06777283175849824
0 0.5221272096816376 0.896924485950548 0.10229455417661057 0.08625001324684405
0 0.2515625 0.7046875 0.128125 0.090625
0 0.3065664838744587 0.7523560635326948 0.16163532092583352 0.12108137023308566
0 0.13984375 0.6921875 0.1578125 0.065625
0 0.05625 0.77734375 0.1125 0.1078125
0 0.425036039913096 0.8714557491973919 0.16999147642635143 0.0995337524470706
1 0.8284180208875614 0.8820063579977321 0.30233740363849115 0.194632976038201