1 0.20517976480251127 0.4436691921072269 0.3711087461424887 0.2748383842144537
1 0.2180335248246606 0.7900528691764483 0.30824780073828056 0.29023101085413394
0 0.6052520111018834 0.35640704601852724 0.20302247532299766 0.13054839439121899
0 0.6640739034514592 0.472390572137809 0.1326098457733483 0.12530097241038013
3 0.9428521406515328 0.7819071715265535 0.1142957186969344 0.1660012155129751
0 0.5966765638427487 0.9514103106620775 0.19779475478036196 0.09717937867584503
0 0.6680101457364366 0.9682791067384052 0.15238212523071262 0.06344178652318959
0 0.4596810903746776 0.24755658921197926 0.13020673658176474 0.08780097241038014
0 0.42720376156330875 0.5183737002478273 0.15508562307124443 0.13582239258219672
0 0.9772457294850507 0.9131505274740188 0.04550854102989845 0.12851450361804453
0 0.4443945681616855 0.859534288782438 0.1835715684754525 0.11862824852966192
0 0.5658450454964932 0.0452272065794053 0.18794009099298634 0.04099457146044048