0 0.15855271585669944 0.550293944540684 0.1653013478325532 0.07821454721387226
0 0.08978281121779472 0.489121955134615 0.07522017589344294 0.0480272472985769
0 0.6359375 0.56171875 0.046875 0.0765625
0 0.6171875 0.5140625 0.084375 0.084375
0 0.5515625 0.578125 0.128125 0.04375
0 0.4473034925484451 0.44024889953412466 0.19399935079830274 0.09391514192396552
0 0.5886314880998208 0.469624128346263 0.09604201186299796 0.061710315700311116
0 0.60546875 0.428125 0.1078125 0.109375
0 0.63828125 0.41015625 0.0421875 0.0859375
0 0.5307327578714844 0.37227942051022495 0.10206651878308044 0.09479583148532651
0 0.5953125 0.32890625 0.128125 0.0859375
0 0.41836009186387313 0.36260204166985177 0.13593218281352507 0.08429794724210708
0 0.3663903680613273 0.2350615996188293 0.11699118182494192 0.07851838410204497
2 0.07265625 0.93828125 0.1453125 0.1234375
1 0.2829120231945236 0.7340913628435961 0.37017453163466163 0.17120422596954085
1 0.79609375 0.70234375 0.2734375 0.2046875