0 0.30859375 0.40234375 0.1421875 0.0890625
0 0.3125 0.29140625 0.134375 0.1234375
0 0.340625 0.16875 0.078125 0.090625
0 0.15970968830888221 0.1701634590045887 0.17331313103709683 0.1060978157455871
0 0.20672709230723277 0.11236064163414854 0.15254598997087018 0.09011825973923263
0 0.08848555766749673 0.11967648944339793 0.10865959765100222 0.08466710064862326
0 0.04375 0.2140625 0.0875 0.096875
0 0.04609375 0.0828125 0.0921875 0.0625
0 0.0984375 0.04609375 0.19375 0.0921875
0 0.15625 0.02734375 0.184375 0.0546875
0 0.31171875 0.0234375 0.1359375 0.046875
0 0.23391040327343476 0.3332595227215808 0.1036538489046432 0.07364778003177222
2 0.95234375 0.38515625 0.0953125 0.1578125
0 0.7107423055559255 0.29541110064532783 0.18594952335696496 0.11100350405718977
1 0.73671875 0.44765625 0.2609375 0.0640625
3 0.05078125 0.8671875 0.1015625 0.140625
3 0.05546875 0.9234375 0.1109375 0.1375
0 0.29921875 0.7546875 0.1609375 0.1
1 0.667117708367142 0.8625268680984934 0.31335912100796715 0.19599788717321703
1 0.79140625 0.615625 0.4171875 0.271875
3 0.56796875 0.92734375 0.3078125 0.1453125