3 0.07109375 0.059375 0.1421875 0.11875
2 0.140625 0.36015625 0.28125 0.2453125
0 0.18671875 0.04765625 0.1734375 0.0953125
2 0.43828125 0.08359375 0.3140625 0.1671875
2 0.03984375 0.29296875 0.0796875 0.1546875
2 0.68359375 0.1828125 0.1296875 0.171875
3 0.68046875 0.46484375 0.1234375 0.0890625
0 0.7817019135497453 0.19021044657068628 0.16293633723582168 0.07689085868872639
0 0.53671875 0.52734375 0.1296875 0.0359375
0 0.50625 0.58828125 0.225 0.1109375
3 0.501541193996758 0.8454899345958214 0.19100679508134383 0.06784312269254436
3 0.2817599591220685 0.8910131619589563 0.22544542759490122 0.07918061203054379
0 0.271858760057145 0.7130154312937746 0.15362496974937906 0.08771927068745348
1 0.04453125 0.78046875 0.0890625 0.1078125
1 0.0546875 0.63046875 0.109375 0.1359375
1 0.1765625 0.5609375 0.153125 0.103125
2 0.728125 0.61015625 0.21875 0.1234375
2 0.94375 0.64921875 0.1125 0.1671875
3 0.7234375 0.85 0.209375 0.115625