1 0.115625 0.33984375 0.23125 0.1390625
1 0.67265625 0.171875 0.3453125 0.25
1 0.93125 0.15625 0.1375 0.171875
0 0.2979134045225312 0.6822307979456539 0.12630715060882308 0.08185056956195354
0 0.93359375 0.78671875 0.1328125 0.1078125
0 0.51875 0.7640625 0.0375 0.10625
0 0.56640625 0.85546875 0.1328125 0.1203125
0 0.6603171649835129 0.6844553075809096 0.21556084030732112 0.12848490496334897
0 0.53515625 0.7171875 0.0703125 0.078125
0 0.53046875 0.678125 0.0609375 0.14375
0 0.5723226995312597 0.6170167992830363 0.12104556576151389 0.112554266343645
0 0.53828125 0.575 0.0765625 0.109375
0 0.687325817259326 0.6038444459485122 0.15334788273097572 0.10859873986054129
0 0.7358585252947133 0.47131045139639377 0.13239765394280312 0.09936585149293879