1 0.29453125 0.09296875 0.1890625 0.1859375
3 0.0859375 0.0609375 0.14375 0.121875
0 0.2765625 0.31290670545014476 0.0578125 0.1254563569862416
0 0.3359375 0.31786453476157234 0.09375 0.15483632213985138
1 0.946875 0.23984375 0.10625 0.3390625
2 0.8703125 0.23513633639818554 0.1484375 0.34424605172143147
3 0.77109375 0.3393823814961948 0.1421875 0.17371529691210771
1 0.66015625 0.1948189043616857 0.153125 0.2772222428284238
1 0.4609375 0.22578125 0.14375 0.2640625
0 0.54453125 0.05390625 0.0953125 0.1078125
3 0.66875 0.35545630399886596 0.0828125 0.2091418762235353
3 0.86484375 0.584375 0.1390625 0.190625
2 0.9609375 0.8265625 0.078125 0.271875
0 0.7328125 0.94453125 0.0875 0.1109375
0 0.65546875 0.9703125 0.1078125 0.059375
1 0.60625 0.56640625 0.209375 0.1546875
3 0.81171875 0.819332743206942 0.1125 0.19767858656782167