0 0.2001168352030204 0.4140975362225817 0.16791615824437506 0.10325669530200425
0 0.10078125 0.02421875 0.1640625 0.0484375
2 0.08515625 0.59921875 0.1703125 0.1609375
1 0.3924355410344441 0.2125219790173035 0.21842530452090295 0.12658654671392994
3 0.94453125 0.48984375 0.1109375 0.1859375
3 0.7987517441129854 0.4951573196086766 0.212976697947639 0.2279217261808167
2 0.45859375 0.703125 0.2015625 0.046875
0 0.08125 0.9609375 0.1625 0.078125
2 0.36640625 0.93359375 0.2171875 0.1328125
0 0.61875 0.97578125 0.11875 0.0484375
2 0.9375 0.85390625 0.125 0.1546875