3 0.0171875 0.3578125 0.034375 0.19375
3 0.0765625 0.4484375 0.10625 0.103125
1 0.12265625 0.2390625 0.2453125 0.371875
2 0.3633110190955392 0.2829254488930902 0.20211340996733257 0.36698386137453215
1 0.3640625 0.05078125 0.20625 0.1015625
0 0.496875 0.009375 0.1 0.01875
1 0.52890625 0.27734375 0.1015625 0.3234375
3 0.48046875 0.38984375 0.1984375 0.2203125
0 0.0390625 0.1078125 0.078125 0.146875
3 0.94765625 0.2703125 0.1046875 0.253125
1 0.66875 0.1765625 0.178125 0.246875
3 0.94453125 0.16015625 0.1109375 0.2734375
0 0.3234375 0.540625 0.140625 0.08125