0 0.7886763359060126 0.48336096145010654 0.17496655925034227 0.10925008928453739
0 0.8439154168639673 0.555089911125795 0.08302310015828454 0.06235572402541774
0 0.1804664014910681 0.07735956655966124 0.17046091567683302 0.11541826866768637
0 0.1445409248480331 0.18585390503341975 0.168199733702664 0.14505122158978573
0 0.08529160847155479 0.2986635965914334 0.09978470282385159 0.10169095941492108
0 0.26682040478977337 0.35880838961214423 0.1913644490629279 0.13608532467404083
0 0.20318145361527443 0.40134649147858337 0.16738137978345569 0.11692622158978563
0 0.32286346780103936 0.43130495251835754 0.12326766693047428 0.10366256249917623
0 0.41608461889639603 0.35776626664238675 0.1471598079967011 0.11969666558343128
0 0.4869379911580044 0.5363082780064724 0.20685305674305976 0.13167056006354408
0 0.35483253331958786 0.4823356185088259 0.10535274122451144 0.0783625535707225
0 0.28763667313217345 0.5100845174531656 0.21194973370266404 0.1458148806803951
0 0.2221707975053528 0.5166987560890799 0.20033027210332383 0.12218646590774292
0 0.07648021278647445 0.47937780844198646 0.12840980799670107 0.1193693831160271
0 0.05627902454409922 0.5641482747567663 0.0832791644231918 0.12482845048646744
0 0.13049777454409922 0.5628527816566252 0.21548391066226807 0.15993192775829587
0 0.1311486439027137 0.6120851684261004 0.10333560015828458 0.06271028003177204
0 0.06234481960867657 0.6382988409093905 0.08977320533113406 0.07965231818121907
0 0.3930576105166188 0.5871907138824433 0.11880748746358769 0.11139324188232518
0 0.3157055003292044 0.6151168908299602 0.1531824874635877 0.1119932597392328
0 0.5002168926490725 0.6165861132338201 0.14996655925034225 0.10881371266133186
0 0.5275415737653117 0.749770760149565 0.12942673871722885 0.10064665665497756
0 0.24187892610167433 0.17321180884902349 0.11665395407749282 0.0910534683433748
0 0.15601826326132812 0.6608948153418452 0.15879598997087013 0.09022735389503396