1 0.34140625 0.19140625 0.1171875 0.2421875
0 0.303125 0.38671875 0.19375 0.1265625
3 0.1171875 0.3859375 0.234375 0.128125
0 0.10956759328430916 0.10762406411547931 0.13959584577069997 0.18981699980360825
0 0.743098309024427 0.2831462388817102 0.12734815128862387 0.16475336729005097
0 0.36015625 0.58515625 0.0796875 0.1453125
1 0.3140625 0.5375 0.171875 0.175
3 0.83515625 0.97265625 0.1484375 0.0546875
1 0.775 0.92421875 0.234375 0.1515625
2 0.47265625 0.96796875 0.1453125 0.0640625
1 0.46015625 0.56015625 0.1203125 0.2203125
2 0.6375 0.659375 0.215625 0.41875
3 0.6734375 0.878125 0.259375 0.24375
0 0.48125 0.49140625 0.125 0.0828125
3 0.61328125 0.51796875 0.2015625 0.1359375