0 0.9859375 0.2796875 0.028125 0.078125
0 0.95390625 0.2203125 0.0921875 0.196875
0 0.9546875 0.159375 0.090625 0.196875
0 0.96953125 0.0375 0.0609375 0.075
0 0.91015625 0.0171875 0.1265625 0.034375
0 0.915625 0.0875 0.153125 0.175
0 0.8675537887533334 0.07278195238457327 0.058650261017916795 0.10345225292686622
0 0.83515625 0.0234375 0.0765625 0.046875
0 0.90625 0.29765625 0.109375 0.0421875
0 0.87421875 0.25078125 0.1078125 0.1359375
0 0.8204976040078126 0.09884045833650164 0.08648562670923621 0.15829428903121973
1 0.490625 0.6640625 0.1375 0.33125
3 0.484375 0.48828125 0.15 0.3390625
0 0.4421304418668063 0.8216911092950191 0.1447709053945836 0.17894313231716552
3 0.95859375 0.60703125 0.0828125 0.3203125
0 0.9124214920193061 0.706116106269957 0.12841855357097245 0.1476022287263694
2 0.8452670935585769 0.5400780158126816 0.16635627108590292 0.23374880698520056
3 0.71171875 0.9734375 0.1015625 0.053125