2 0.14353521091378357 0.5756040905913731 0.21449221741393626 0.2465807979675713
1 0.21539555384060197 0.13341057891289063 0.2675880425090765 0.20910954169936505
1 0.8341800459319366 0.15286132858368623 0.22489120653952135 0.19538201082055268
1 0.06538628357464689 0.5954739728821113 0.13077256714929378 0.2559270542357773
1 0.7449146857049126 0.6774952672217729 0.29153487847863174 0.22229150329870534
3 0.787405863612703 0.22835307356912127 0.3382188774900484 0.21896792649738578
0 0.9393954920541535 0.4049657346936078 0.09115819368794006 0.13062552586424747
3 0.45748489475307297 0.09746354447101024 0.31439937551288216 0.1949270889420205
0 0.33657430920344733 0.8938215785171792 0.1590168557412186 0.11075094655564541
0 0.8662100710664454 0.8222274425320244 0.14731535178688587 0.09168269780928676
0 0.3772151215213684 0.20283286566419773 0.18414418973360744 0.11460337226160833
0 0.9129908650583968 0.6125198219197687 0.12626802273741297 0.11135870031656907