2 0.259375 0.10078125 0.415625 0.2015625
3 0.04453125 0.27734375 0.0890625 0.0828125
0 0.28425333276885956 0.45305317748163054 0.15416960085908257 0.11455855172143128
1 0.36015625 0.55 0.2390625 0.20625
2 0.09453125 0.43046875 0.1890625 0.2234375
0 0.6671223072154046 0.8776066779449666 0.17021068068726608 0.09328375244707061
0 0.5929345347141675 0.8296205565307547 0.07934666327441153 0.05579862141421188
0 0.915625 0.7265625 0.16875 0.1125
0 0.97265625 0.64765625 0.0546875 0.1046875
0 0.8939625254419132 0.6562029370154593 0.14233134215265544 0.09698910580511537
0 0.8279424570336905 0.54197425670824 0.12473440637700665 0.08857640507947587