0 0.2 0.37109375 0.1625 0.0765625
0 0.065625 0.378125 0.13125 0.0625
1 0.590625 0.1046875 0.48125 0.209375
3 0.5182527321311408 0.31081787014580886 0.29693334980971964 0.09694935533407226
2 0.2015625 0.6484375 0.296875 0.16875
1 0.18515625 0.8125 0.3296875 0.1875
1 0.03671875 0.91640625 0.0734375 0.1671875
1 0.03671875 0.71015625 0.0734375 0.2140625
3 0.04453125 0.55625 0.0890625 0.146875
3 0.0875 0.515625 0.175 0.159375
0 0.278125 0.9796875 0.14375 0.040625
2 0.8765625 0.87578125 0.246875 0.1453125
0 0.7271899693167405 0.6212733112310803 0.25295785672980176 0.12685809839424209
0 0.5580619204190544 0.46925663556662894 0.27623884783255326 0.0862726711886312
0 0.40390625 0.44453125 0.1078125 0.0703125