0 0.18629109253753887 0.4399244736535756 0.19143529788867958 0.14584584577069998
0 0.4140625 0.5890625 0.1625 0.021875
0 0.58828125 0.09765625 0.1234375 0.1640625
0 0.93984375 0.40546875 0.1203125 0.1359375
0 0.96640625 0.475 0.0671875 0.11875
0 0.892739510149565 0.4452039523955338 0.12518300649282174 0.10646908525525038
0 0.8384122946455641 0.33209976481086273 0.14730346834337488 0.12167800542706697
0 0.7234375 0.4625 0.146875 0.13125
0 0.8397957422926575 0.4768357326986871 0.10753185633066593 0.07900582654882307
0 0.8890625 0.53046875 0.215625 0.1390625
0 0.921875 0.55625 0.15625 0.0875
0 0.75625 0.5484375 0.11875 0.103125
0 0.815625 0.58125 0.153125 0.0375
0 0.684375 0.52890625 0.06875 0.1109375
0 0.55546875 0.9359375 0.1890625 0.128125
1 0.78515625 0.7 0.2703125 0.2
1 0.91953125 0.85625 0.1609375 0.203125
2 0.88203125 0.93984375 0.2359375 0.1203125