1 0.48599651776433966 0.7316019416274995 0.23550500816812522 0.1962812787274336
2 0.6040445350505206 0.3989553125753648 0.3375039192622918 0.22094662073610394
2 0.2250701223408332 0.14453676820408995 0.3202423776591668 0.14972406811938535
2 0.26390984432107606 0.39166166816173764 0.33038240349472237 0.2501790944277446
1 0.7125206905420132 0.8472779624624254 0.317591462765278 0.23695105233436992
1 0.8024255240326038 0.5137744887001974 0.2029107137152085 0.20374516823232475
1 0.8826793345374304 0.35963999652211803 0.22380378875333343 0.16283174189573071
1 0.879866071903993 0.21161972547543062 0.23561280452090294 0.1338722839891055
2 0.8047841917762841 0.6813260097468848 0.2658821859797918 0.1606013839608707
3 0.9128188165856594 0.47639485701722684 0.1342685100679862 0.13733194198043536
0 0.4272163573357631 0.9614971195618601 0.1645365851061112 0.07700576087627979
3 0.11950784052135395 0.624513423564584 0.2390156810427079 0.1709018471291678
0 0.02980210201423596 0.41059586575678064 0.05960420402847192 0.1023507262518896
0 0.048217988032152714 0.18507992626600694 0.09643597606430543 0.06336382096198276