1 0.20637413974203192 0.7880569277582958 0.23835449375348405 0.15102057792045187
1 0.9095597897185907 0.3870078599775234 0.16968630698520074 0.16388304220663671
0 0.6418450488919729 0.4729690848170153 0.15831246974937904 0.08869212743398443
0 0.5991626452029809 0.4230003124958809 0.08955337939029935 0.08592959172016937
0 0.5334234948336386 0.5757747106294417 0.17877950585373253 0.11560918344033873
2 0.44208139822804304 0.4288530718313718 0.2619465298578376 0.17799218100470676
2 0.06553603718450801 0.6879324224832901 0.1259090359079618 0.1584318831160271
3 0.1216486400366195 0.9792608060063543 0.17368293969514967 0.0414783879872914
2 0.8762644589256767 0.7380248891985166 0.24012607201231545 0.18698535145940198
0 0.8602784489667277 0.12830896996163732 0.11596134328594587 0.059830741882325164
0 0.5861278766598248 0.11180371387585267 0.1693045119038567 0.09825804220663673
3 0.3765665242986927 0.14018030965650713 0.1256090540583344 0.10686938311602719
0 0.03762674414626752 0.26316820170428334 0.07525348829253505 0.07633640340856669
0 0.2803944644848217 0.4205615105500115 0.16294542759490122 0.07939894805083543