0 0.0390625 0.36640625 0.078125 0.1984375
0 0.6296875 0.0609375 0.078125 0.121875
1 0.97265625 0.4359375 0.0546875 0.1875
0 0.53515625 0.4546875 0.0703125 0.125
0 0.29057388171747245 0.6713160730423201 0.09255998924663303 0.14669129353213642
3 0.18671875 0.94453125 0.1671875 0.1109375
0 0.5203125 0.96640625 0.040625 0.0671875
0 0.7734375 0.5578125 0.096875 0.05625
0 0.796397888541898 0.5962397506773686 0.09324919396136266 0.12802318068726617
3 0.878125 0.6296875 0.128125 0.2
0 0.8203125 0.9796875 0.08125 0.040625