1 0.12265625 0.11484375 0.2203125 0.2296875
0 0.425 0.4837376704134389 0.0640625 0.12754281153562202
1 0.07890625 0.49765625 0.1578125 0.2234375
3 0.4578125 0.584375 0.071875 0.05
1 0.6296875 0.53125 0.15625 0.15625
0 0.6390625 0.11900722316352938 0.053125 0.13465440468807693
1 0.5921875 0.05625 0.10625 0.1125
2 0.0375 0.7375 0.075 0.25625
3 0.44921875 0.88984375 0.1796875 0.2203125
0 0.809375 0.8676749745478054 0.059375 0.12255492288667416
0 0.6234375 0.7260720581395361 0.0765625 0.19084384793281683