0 0.47948302283130106 0.7675567821445718 0.19773419802510186 0.125382198759889
0 0.8750878146271663 0.8300969454126748 0.11201794108527138 0.07379454274124875
2 0.08317943322259053 0.7140014551841589 0.16635886644518105 0.16574708963168217
1 0.3626879441768157 0.8673693732261466 0.2732744185677376 0.16375945975755107
1 0.3374001565430034 0.49766144708628185 0.30203976866002263 0.20014724565032255
0 0.22785637338501136 0.5813754414872043 0.2435869185677375 0.1615098755244535
1 0.10443957125322964 0.3500098101631807 0.20887914250645928 0.23099358133331246
0 0.010573703732927046 0.20855786120279918 0.02114740746585409 0.05802598755244537
0 0.1588254850406052 0.057158536717964004 0.16111677513842762 0.0635208161864654
0 0.43205343152454756 0.07610483318419027 0.16462130937615385 0.11820831618646543
1 0.6279726966408259 0.35513744728677443 0.35738860271317885 0.19034711577619126
0 0.7866222131413801 0.12387302404669476 0.13691781153562205 0.07412642946385706
3 0.869596597009966 0.1999959709324839 0.23397208667404987 0.13279287967363845
3 0.5712046576227376 0.5009361219767466 0.209051232262828 0.18066169461070417