0 0.18984375 0.02890625 0.0921875 0.0578125
2 0.16598007185326163 0.371580587402957 0.2514334340192331 0.27683689620024127
3 0.3174432834526019 0.35604519787297806 0.13993364436493216 0.30531602103089917
3 0.398513775535043 0.44714491067241974 0.17268395988348056 0.3585162641334943
3 0.5759377450519422 0.3461190784693871 0.08559783386094857 0.2073012449116174
3 0.5420879307870349 0.4069403917892272 0.12614392900466811 0.31395403663473137
2 0.525 0.06796875 0.1625 0.1359375
3 0.2390625 0.5578125 0.178125 0.203125
0 0.7578125 0.55546875 0.184375 0.2078125
1 0.4875 0.9171875 0.171875 0.165625
0 0.5703125 0.94609375 0.11875 0.1078125
1 0.8328125 0.87890625 0.265625 0.2421875