0 0.92890625 0.38828125 0.1421875 0.1234375
3 0.81875 0.33046875 0.19375 0.2390625
0 0.4796875 0.25859375 0.1 0.1796875
0 0.49296875 0.3953125 0.1265625 0.109375
1 0.9484375 0.58671875 0.103125 0.1265625
3 0.8550791621427578 0.7185563540974547 0.14434530076822547 0.2879982526208936
3 0.7979593809350933 0.7429264959856051 0.19055191542211816 0.3376768800110746
1 0.75078125 0.91953125 0.2546875 0.1609375
1 0.459375 0.890625 0.059375 0.21875
2 0.51796875 0.88046875 0.1765625 0.2390625
0 0.8125 0.53046875 0.1875 0.1609375