1 0.4171875 0.18671875 0.084375 0.3734375
0 0.03125 0.5171875 0.0625 0.128125
3 0.34467476095825483 0.16709345240619763 0.11869445781510173 0.2758606115191484
3 0.1953125 0.0125 0.121875 0.025
3 0.03125 0.1015625 0.0625 0.203125
1 0.6515625 0.04453125 0.19375 0.0890625
3 0.925 0.31484375 0.15 0.3984375
0 0.8513701406088126 0.28994102104264946 0.11087764970954979 0.2082904742462448
3 0.08125 0.88359375 0.1625 0.2328125
1 0.41171875 0.715625 0.0953125 0.171875
0 0.33984375 0.95078125 0.1203125 0.0984375
0 0.3705202851510759 0.8330217281599529 0.08438792431665565 0.20768469636645773
2 0.23828125 0.74140625 0.1765625 0.2234375
0 0.7796875 0.68671875 0.1 0.1140625
3 0.82421875 0.9765625 0.2265625 0.046875