0 0.36484375 0.1859375 0.0296875 0.078125
1 0.9453125 0.3265625 0.109375 0.165625
3 0.6224017859573628 0.2774587316669794 0.18681168249628843 0.14011977298576409
0 0.0359375 0.9109375 0.071875 0.178125
3 0.15856509950434558 0.8918732558870145 0.18548155585660825 0.20407317021222227
2 0.15094178652318976 0.6343510434060768 0.2055151741285453 0.3481141109416669
3 0.23036925769037442 0.7605700109210076 0.17846135119776677 0.33812086189159735
3 0.0609375 0.66953125 0.121875 0.3453125
1 0.91875 0.48359375 0.1625 0.1484375
2 0.91015625 0.753125 0.1796875 0.29375
3 0.8391278612629905 0.5272087310013893 0.1647662641334943 0.16613675911805573
1 0.4421875 0.7890625 0.125 0.30625
0 0.590483484850453 0.8835814450978475 0.09092597241038014 0.12696384992375015