1 0.6766963869384905 0.25325486664080443 0.38312999164729755 0.2634234818322884
1 0.6580529589087059 0.8094410937619874 0.36170637023308566 0.18533043274067404
1 0.862557019785448 0.10642830875519835 0.19840776206571747 0.19381312818904783
2 0.10883171970847907 0.9212696089340746 0.1781299784004536 0.14853257909743361
0 0.43502966507664087 0.6819690243766294 0.1676091406515056 0.11495480455162621
0 0.9028421584532189 0.6928602742074514 0.1441170769491748 0.1114791181871082
0 0.9134125815040441 0.7917123623887407 0.11555556733052796 0.09668329454968667
0 0.8977132035512284 0.5943430258744413 0.15656251324684406 0.11093698424818435
0 0.34213290318055933 0.2190222274110468 0.19600695916315986 0.1250631281890479
0 0.2668823218853973 0.8569525331706209 0.15418155771188108 0.08737193849054989
0 0.913305976416719 0.48244893269218236 0.1382490228654909 0.12190643515657004
3 0.8363119451985259 0.36720631208917826 0.19577383538669518 0.20762053667377883
3 0.13829611896714122 0.24939460893407456 0.27659223793428245 0.18871078213185088
0 0.08351064328783542 0.38101114181483153 0.16702128657567084 0.15516521637033698
3 0.7291516873091595 0.6696453990625194 0.22017363466105594 0.1924737687959313