0 0.6465698883644634 0.30540658197032616 0.10524986859279988 0.17407092055068932
0 0.6050734550566466 0.22382344620061362 0.06262201680591381 0.08383940445914595
0 0.7595167822033153 0.9663505277436112 0.10933519072219049 0.06729894451277758
0 0.9648197530401117 0.8698614739442249 0.05923703163466172 0.15371486188449887
0 0.6467302807204405 0.9547849610316493 0.14428319368794007 0.09043007793670128
0 0.522462451176676 0.9690934794689812 0.10219385277546902 0.061813041062037756
0 0.544669079123835 0.8062046214428801 0.1323217045623551 0.1884283514929387
0 0.4805402535344031 0.8383344244090871 0.11268036661563344 0.16524222376899794
0 0.5023277288198239 0.7230043553513366 0.10158635771838505 0.12239915990702759
0 0.6058228019377977 0.6819419487985037 0.11654019566510651 0.1452575056999832
0 0.47512460577839966 0.5333573473055649 0.12839820851668762 0.20685056956195352
0 0.46982163494160334 0.6708737727999328 0.07594968775644109 0.10502598960843983
0 0.41701231132933786 0.713143400271772 0.14258804250907656 0.21095891535490913
0 0.38486565619614155 0.7654271661112139 0.11876854053191019 0.19994500569998302
0 0.3536686888193863 0.9174924106633323 0.11848469764227279 0.15474176634364484
0 0.264383354332706 0.9057958039746132 0.12741402866891205 0.14445983020561534
0 0.3060668355496256 0.8199018626408037 0.1567778765014653 0.21506726114786473
0 0.262174914104807 0.794240944940106 0.060324687756441085 0.10393338317182241
0 0.2095247579830275 0.8404168224119453 0.07869268577927473 0.0958695108957631
0 0.39160645163378655 0.5867230119041695 0.1108340237259963 0.11992972376899794
0 0.33445979650059027 0.6372586074450235 0.1090460306460784 0.1525237024816745
0 0.40837084589256795 0.4819480305936029 0.10573002965749527 0.14761768119435104
0 0.30037266209045954 0.3933775674682667 0.09715352570316256 0.12832137797604232
0 0.7004336008726648 0.9199279038780682 0.09039418973360754 0.11538433540139544
0 0.2292059052075584 0.7498682320668711 0.08748936562705038 0.15880655347041034