0 0.8110566822258181 0.30922349659270526 0.2113659683433749 0.12625720506402782
0 0.7173533210238882 0.2114846756307224 0.13735572402541757 0.0891674577654509
0 0.9186219460255358 0.4640768675405706 0.12789890340856686 0.08393392619541977
0 0.883876978899977 0.6176800096762977 0.16753414772652384 0.1190215577372161
0 0.6848315527632389 0.551343836182301 0.17688187418757337 0.11800508930724707
0 0.5758286996789838 0.5684564704961075 0.12332049756436803 0.0899109104104042
0 0.4279406245979058 0.5731377232681177 0.15533415665497757 0.13548101564384113
0 0.3478167479747004 0.5934964549228534 0.17076824188232517 0.1254535682605596
0 0.1421645860414218 0.3680204998588256 0.10788641233702041 0.09993835779368573
3 0.05636127394598743 0.39408319994353025 0.11272254789197486 0.09754139988706054
0 0.40478199391751063 0.7798126574972196 0.14247960064862308 0.11444047355046649
3 0.6901973425375388 0.7815773677523321 0.16158415665497755 0.13584503669052844
0 0.16489910795881438 0.633675591938083 0.1686875446422687 0.09567506299888784
0 0.5299720978092493 0.14895604159926462 0.09939207386326192 0.06042083148532651
0 0.30512864164403436 0.6645223154885495 0.20845915665497755 0.13857519454068418
3 0.5175991883148979 0.49937327055257724 0.1881193831160271 0.13582962613895014