1 0.47109375 0.49453125 0.0953125 0.1703125
2 0.30907772432692526 0.4147663483726918 0.18062545762427645 0.2929731512886239
3 0.21930186376122926 0.37819144052534714 0.14582625241907446 0.23039790818602893
3 0.44140625 0.16640625 0.1546875 0.3078125
0 0.2210819845679203 0.12029373134395005 0.11462248407381015 0.14931832654882307
3 0.434375 0.0609375 0.16875 0.121875
0 0.0125 0.2484375 0.025 0.153125
2 0.684375 0.51875 0.16875 0.121875
0 0.6017426374387526 0.252628196518241 0.12378465244730937 0.1996458751693421
1 0.8038287822053156 0.2731919227738084 0.15673293131591742 0.2839323439616777
1 0.6890625 0.8984375 0.25 0.203125
0 0.54921875 0.7578125 0.0609375 0.10625
0 0.81875 0.6109375 0.1 0.0625
3 0.88125 0.903125 0.2375 0.19375