2 0.08359375 0.0828125 0.1671875 0.165625
3 0.47265625 0.021875 0.0546875 0.04375
0 0.2403206314911741 0.2792113308851095 0.1148182508107789 0.1419957945496865
1 0.93671875 0.09921875 0.1265625 0.1984375
0 0.5962063928552599 0.1787321961972798 0.15348310470581294 0.3011793469752809
3 0.746875 0.0421875 0.16875 0.084375
0 0.08827866476935711 0.7449316678584508 0.11431941882984216 0.20280574879205204
0 0.04140625 0.65390625 0.0703125 0.0296875
0 0.1421875 0.67421875 0.103125 0.0703125
0 0.16514117369781084 0.7558694257343586 0.09615007142762995 0.14515274545807205
0 0.2930713047852431 0.7790681964871439 0.08803756249917623 0.12732751666989942