1 0.0765625 0.4984375 0.153125 0.23125
1 0.13125 0.05390625 0.21875 0.1078125
1 0.3921875 0.3046875 0.053125 0.315625
1 0.32109375 0.575 0.0828125 0.109375
3 0.453125 0.14765625 0.06875 0.2953125
1 0.73515625 0.11953125 0.2078125 0.2390625
2 0.90078125 0.1015625 0.1984375 0.203125
0 0.8661019825673698 0.47444437305867443 0.07736114126984148 0.1367758029025577
2 0.54296875 0.5078125 0.1859375 0.24375
3 0.646875 0.58984375 0.240625 0.0796875
3 0.34375 0.8671875 0.15 0.265625
0 0.53046875 0.98125 0.0984375 0.0375
0 0.465625 0.95703125 0.09375 0.0859375
0 0.515625 0.69921875 0.128125 0.1390625
2 0.678125 0.94453125 0.278125 0.1109375
1 0.7044602691214479 0.8087821675237116 0.20015589605020345 0.22836808057737185