2 0.4171875 0.08828125 0.103125 0.1765625
2 0.1992786201270884 0.3140203972465535 0.3688899163942102 0.30202022997318434
0 0.0265625 0.596875 0.053125 0.165625
0 0.13828125 0.69375 0.1671875 0.03125
1 0.2453125 0.62578125 0.34375 0.1671875
0 0.45390625 0.27109375 0.0296875 0.1046875
2 0.940625 0.18203125 0.11875 0.1859375
0 0.7024753526739227 0.36401540738601207 0.2053068831160271 0.1392038836760257
0 0.88046875 0.7515625 0.1671875 0.084375
0 0.9095461440730759 0.8551985102163332 0.1539080243497292 0.14497328243518834
0 0.959375 0.9625 0.08125 0.075
0 0.771875 0.98203125 0.190625 0.0359375
0 0.61484375 0.98203125 0.1453125 0.0359375
0 0.8137972674498704 0.836863409479699 0.1170977711033185 0.0924602876309684