2 0.15546875 0.16640625 0.3109375 0.3328125
3 0.2484375 0.03984375 0.140625 0.0796875
3 0.021875 0.3828125 0.04375 0.2375
3 0.2076695159108774 0.3471203280980708 0.16392718637550008 0.25193386760421677
0 0.10411324473544274 0.2827302228511437 0.10883062021691714 0.17939302273741298
1 0.33005357601933605 0.26458635380123335 0.27523739109776424 0.32051672433401845
0 0.4203125 0.4109375 0.096875 0.11875
0 0.6537410608940255 0.4495171107213155 0.09920109016268785 0.1352610207602467
0 0.8264756207078966 0.17445739680460143 0.13081470452587246 0.1990343606841345
2 0.51953125 0.09375 0.1015625 0.159375
3 0.8647512837666624 0.44561215520755837 0.13845448770335977 0.16966519566510652
3 0.75859375 0.51328125 0.2109375 0.0921875
3 0.95625 0.4625 0.0875 0.19375
0 0.496875 0.62734375 0.05625 0.1359375
0 0.6308752117543472 0.794625386387297 0.10077268052176755 0.1368871877564411
0 0.95625 0.94453125 0.0875 0.1109375
1 0.50234375 0.78203125 0.0671875 0.3015625