1 0.4421875 0.3296875 0.15625 0.340625
1 0.43828125 0.0859375 0.2421875 0.171875
0 0.04772268138650446 0.18880359656639661 0.09441639988706055 0.12282537799792799
3 0.03828125 0.3671875 0.0765625 0.265625
0 0.17424592598365826 0.3411730794028888 0.10204688936371689 0.1200642510334573
1 0.490625 0.45625 0.1375 0.0875
0 0.9460783394484213 0.03174480706758537 0.0827816788968427 0.05683650496239874
2 0.1046875 0.61171875 0.178125 0.2234375
1 0.2671875 0.6140625 0.215625 0.228125
1 0.403125 0.6109375 0.140625 0.221875
1 0.425 0.90546875 0.2 0.1890625
0 0.13560544411716108 0.8150664977236884 0.10755343671876343 0.1343450748547749
3 0.02421875 0.9421875 0.0484375 0.115625
1 0.32890625 0.97890625 0.1734375 0.0421875
0 0.2890625 0.975 0.06875 0.05
2 0.04609375 0.75546875 0.0921875 0.3203125
2 0.61171875 0.85078125 0.1046875 0.2984375
3 0.66015625 0.678125 0.2015625 0.21875
3 0.8125488337632266 0.731248077540862 0.15359252076433877 0.3094563908182096
0 0.9118053811182734 0.749895377788531 0.11386362087727822 0.18917812406898663
0 0.9024318391660728 0.588957877788531 0.09154900512049764 0.15385705417661039
0 0.95078125 0.53828125 0.0984375 0.0765625