0 0.3699629449363613 0.8458113835794994 0.08885886137453217 0.17871150496239857
0 0.4286551922228278 0.9213786178637335 0.05417624491161739 0.08201628742738762
0 0.1164295041838715 0.10958266935425687 0.09634381275401319 0.17282537799792802
0 0.23768370646786363 0.09721756410140789 0.13022748982323468 0.16505141935425688
0 0.3732836917685426 0.06515854300895871 0.0969369549975256 0.0949187018192456
0 0.3852127244465451 0.2709012748119936 0.1143501843053107 0.18925089867609246
0 0.446014105608781 0.21656268527491038 0.09914126413349429 0.1667209272121397
0 0.44460433457788184 0.3480673963997809 0.0935596494796016 0.11970037799792799
0 0.3426490089335699 0.4255502334556648 0.10564356965141819 0.14208480024766904
0 0.5086281337642278 0.546055440237309 0.10612160447712729 0.21068925103345731
0 0.4883643006566839 0.39474549730940367 0.06782266508343397 0.10447348428423427
0 0.5370751175945687 0.3320122109154735 0.12174660447712711 0.21141699710451584
0 0.5617309588427128 0.26502591811140264 0.09493844301173801 0.20549232878371626
0 0.5659282151742909 0.09527634429008502 0.10564356965141819 0.14208480024766904
0 0.6635401995704587 0.08572586993064818 0.11666960085908258 0.11454199710451587
0 0.6357660023748493 0.18232688812761325 0.13589099163225704 0.21363446856846857
0 0.6859330987113761 0.1964108128585536 0.04767393939369331 0.10665241439185817
0 0.7340673835370851 0.12973488916107057 0.07185506784239593 0.09219180810555186
0 0.5874325644514938 0.46201223407483727 0.102525213703953 0.11232452564056317
0 0.6390193978977219 0.3892318595915659 0.09363489258219673 0.15087760339082212
0 0.5882403906616327 0.5810897198068137 0.09347111827193721 0.14775260339082213
0 0.7197083966545266 0.6428170860179174 0.08780097241038014 0.12878427956950453
0 0.19876729138442978 0.19721541004863194 0.08073210085908263 0.11286818114108117
0 0.7301434441433917 0.23449516376817642 0.07093437697836436 0.16384848428423432