2 0.03203125 0.31484375 0.0640625 0.2078125
0 0.1578125 0.34140625 0.11875 0.1546875
1 0.67421875 0.0734375 0.2203125 0.146875
1 0.215625 0.88671875 0.265625 0.2265625
1 0.39375 0.5703125 0.15 0.303125
1 0.24375 0.51484375 0.2375 0.1921875
3 0.21689988271799762 0.6742944366867497 0.25289083203372575 0.25280126623205434
1 0.7484375 0.94375 0.20625 0.1125
3 0.6226857113701347 0.5438472317360554 0.13374084269572592 0.21635347727182852
0 0.7421875 0.47421875 0.103125 0.1109375
2 0.58203125 0.44765625 0.1015625 0.0578125
0 0.8982493327100436 0.5970848745913153 0.09346019334818116 0.11098413879807012