3 0.65390625 0.66796875 0.240625 0.125
3 0.30859375 0.1546875 0.2625 0.065625
3 0.73046875 0.2390625 0.290625 0.1375
0 0.3828125 0.32109375 0.134375 0.08125
2 0.1328125 0.53046875 0.265625 0.1609375
0 0.92265625 0.88046875 0.146875 0.0671875
1 0.86796875 0.48515625 0.24375 0.159375
2 0.67890625 0.35703125 0.303125 0.159375
1 0.8765625 0.58046875 0.246875 0.0953125
3 0.67578125 0.50625 0.2640625 0.1578125
0 0.353125 0.24609375 0.1296875 0.06875
0 0.2140625 0.203125 0.165625 0.08125
0 0.53828125 0.91953125 0.159375 0.0609375