1 0.33984375 0.11015625 0.2546875 0.2203125
0 0.12890625 0.203125 0.2578125 0.359375
0 0.6043439926721896 0.12220416185666601 0.11305998407381015 0.14618662860909737
0 0.923409594992442 0.17702090805694387 0.11554794724210708 0.13532186379145844
0 0.86796875 0.009375 0.1171875 0.01875
1 0.6203125 0.67109375 0.11875 0.2546875
3 0.065625 0.51171875 0.13125 0.1453125
0 0.24393711369064208 0.6032087336637497 0.13611805247554418 0.16700827488562525
0 0.14375 0.49765625 0.1 0.1171875
3 0.7171875 0.8171875 0.075 0.31875
0 0.98046875 0.6765625 0.0390625 0.19375