0 0.390625 0.46796875 0.09375 0.0828125
1 0.14296875 0.37578125 0.2046875 0.2671875
3 0.9234375 0.215625 0.153125 0.321875
3 0.696875 0.07890625 0.21875 0.1578125
2 0.73359375 0.26796875 0.3484375 0.4828125
1 0.51640625 0.09609375 0.1140625 0.1921875
2 0.50703125 0.3515625 0.0953125 0.315625
0 0.52734375 0.47421875 0.0671875 0.0703125
0 0.56953125 0.4328125 0.1109375 0.153125
1 0.5761233730786052 0.28984713235724524 0.200997403193211 0.33670569279472173
1 0.94375 0.4140625 0.1125 0.190625
1 0.8859375 0.45625 0.209375 0.10625