1 0.44609375 0.3171875 0.2140625 0.225
0 0.5657627366040241 0.2002550031249461 0.1298432329538713 0.10589993145709169
3 0.89609375 0.11953125 0.2078125 0.1609375
0 0.7051388823019531 0.21012428483615153 0.19544095941492118 0.10815965244730937
1 0.134375 0.46171875 0.26875 0.0640625
0 0.1276724013766765 0.5195488476232779 0.16734323295387146 0.10808405773721605
1 0.04375 0.63359375 0.0875 0.2328125
1 0.5882083011317951 0.7563131002541138 0.3504751071414448 0.2264531680911505
3 0.49609375 0.54296875 0.1890625 0.2265625
2 0.396875 0.959375 0.115625 0.08125
0 0.5228441741015526 0.9094905791368392 0.12134889448011288 0.06638240514873246
3 0.90625 0.809375 0.1875 0.125
0 0.97890625 0.68515625 0.0421875 0.0921875
0 0.93203125 0.46875 0.1359375 0.078125