0 0.4545505770707006 0.7791787538274306 0.19572129465362348 0.09304662100796719
1 0.8316793083725006 0.4772930272509027 0.2891366366622939 0.19715511097883726
1 0.8120332082595609 0.3593159170634883 0.33766514192396563 0.20012699828414035
1 0.4600542083301482 0.4436504307870348 0.40218266823232474 0.2098035266556703
3 0.5587408792638962 0.315990780549608 0.25996580517696727 0.09803564937949698
3 0.5962155763648289 0.04431097499368236 0.20756884727034208 0.08862194998736472
0 0.2366284737622279 0.07500704552679577 0.1699778420086702 0.10633623119538152
3 0.09909067640718128 0.2625789048562804 0.19818135281436255 0.15296719028743927
0 0.11910371366240724 0.5261041957642225 0.1797168630553576 0.11285901583511766
0 0.11326105026823123 0.6276666957642225 0.22652210053646246 0.14230247492717538
2 0.02756574495008966 0.5324116832278103 0.05513148990017932 0.1726766335443795
3 0.05604706072098777 0.4534910613619134 0.11209412144197554 0.09614287727617317
2 0.16544663459615516 0.3999675930986556 0.30051375241907446 0.2318028956185733
0 0.37757011909348825 0.6948468694251215 0.13542083148532652 0.10221102084968266