0 0.2678589666346309 0.6341959055722554 0.17994036116879614 0.10219807878390341
0 0.17678207318527858 0.40476528178179266 0.15800657257314796 0.1180204998588256
0 0.06036749957576411 0.2803784737622279 0.12073499915152822 0.12245039462538862
0 0.356848156408843 0.1945194845679203 0.19898288708777753 0.14217063140062186
0 0.4068488649384728 0.25378879777856966 0.22038899538185158 0.15585369980235592
3 0.4813643920352327 0.5836744478773918 0.2800168565506477 0.25104437343752684
3 0.4572316993398157 0.42418532678835197 0.35050572233759214 0.2038501259977757
0 0.7374256302070377 0.286611919149958 0.1787100518379628 0.0881355787839034
0 0.8283314686143985 0.07378642448221703 0.2257408767201851 0.12818372611071518
0 0.7675582958521775 0.7861954192205453 0.13992095391148124 0.08898544724210708
3 0.5727139790284737 0.747798590083706 0.32074030989648106 0.1834620312876824