3 0.29765625 0.115625 0.0640625 0.146875
0 0.1234375 0.34375 0.128125 0.071875
3 0.13828125 0.19921875 0.2765625 0.1421875
0 0.8184632282283903 0.10394494939213228 0.2079327444009227 0.11050690564770313
0 0.91484375 0.08984375 0.1703125 0.1390625
0 0.5998460506386332 0.24335547571859822 0.1888275468904336 0.10527383636823089
0 0.4826002736689314 0.29061325745534033 0.14737375269929237 0.09315426959604131
0 0.696875 0.3421875 0.128125 0.075
3 0.16484375 0.49609375 0.3296875 0.1578125
1 0.30546875 0.746875 0.0484375 0.2625
1 0.16171875 0.61015625 0.3234375 0.2796875
0 0.078125 0.73671875 0.15625 0.1765625
2 0.2296875 0.92890625 0.2 0.1421875
1 0.921875 0.95859375 0.15625 0.0828125