3 0.9265625 0.0546875 0.146875 0.109375
0 0.778125 0.02578125 0.19375 0.0515625
0 0.6375 0.06875 0.228125 0.1375
0 0.49765625 0.184375 0.1171875 0.0875
1 0.478125 0.0796875 0.078125 0.159375
1 0.48203125 0.24140625 0.0859375 0.1734375
3 0.5078125 0.40234375 0.1375 0.1734375
3 0.55390625 0.4375 0.2296875 0.103125
0 0.38046875 0.575 0.1171875 0.090625
3 0.31171875 0.9140625 0.2546875 0.15
0 0.2547521351479174 0.5673010225478312 0.15656937418757347 0.11862930372251182
2 0.0421875 0.54375 0.084375 0.109375
3 0.08984375 0.95859375 0.1796875 0.0828125
2 0.315625 0.81171875 0.246875 0.1546875
0 0.7484375 0.54765625 0.128125 0.1171875
0 0.6382099228936224 0.7888967891435776 0.0934966298696164 0.08144637797604233
1 0.5421875 0.65859375 0.20625 0.2640625
1 0.7285934151829847 0.8538822867977892 0.32668305113509033 0.20855445323797922
2 0.8890625 0.6015625 0.221875 0.225