0 0.20625 0.49765625 0.2125 0.2828125
1 0.21796875 0.60546875 0.2171875 0.0671875
2 0.175061440073302 0.14250590460172363 0.14313726684784794 0.2644683596955513
0 0.36691580430358944 0.17286061357552196 0.11216078243518837 0.15570085475263545
0 0.33000639414446037 0.3441917855146322 0.10591078243518837 0.15544618676785796
0 0.42890625 0.61484375 0.1296875 0.0484375
0 0.60234375 0.30390625 0.0265625 0.1390625
1 0.95234375 0.5640625 0.0953125 0.15
2 0.071875 0.84765625 0.14375 0.3046875
0 0.25390625 0.7125 0.1640625 0.146875
3 0.28359375 0.878125 0.3015625 0.24375
3 0.5625 0.79921875 0.053125 0.2890625
3 0.91484375 0.93046875 0.1703125 0.1390625
1 0.6390625 0.74375 0.1 0.209375
1 0.94765625 0.8296875 0.1046875 0.340625