3 0.8641805930047965 0.9306132604173044 0.07840200956072393 0.13877347916539123
1 0.8976004834994458 0.25746219227942746 0.14448568938722844 0.2848445266917457
1 0.6134536258490215 0.1323070474891734 0.15217947100406093 0.21035386266130085
0 0.5658789165651527 0.20243120509382767 0.11470045496493206 0.16051568874502423
0 0.36259802051494916 0.41660249855430626 0.09082286397194572 0.12837435079830276
0 0.32091447486157243 0.06477340171033623 0.10504605027685514 0.10713602076024667
1 0.09334617520302604 0.35236760771838493 0.1679231893872285 0.28579953163466154
0 0.1109179996954582 0.5426397806460784 0.13226748920265835 0.2157761917107738
0 0.29267794186046386 0.5053984017103362 0.0499184592838688 0.07372134288963732
1 0.06070245836101812 0.7011261012925945 0.12140491672203624 0.31360619665368966
3 0.3803748943613858 0.8481363414439436 0.14785291640826922 0.19147652866891213
1 0.3598237600313745 0.9260889506080223 0.20406334361388004 0.14782209878395527
1 0.21601052205610866 0.25945454893486714 0.08561373226282802 0.16868101581733078
1 0.572756665642302 0.5473590445234239 0.07996450956072394 0.17780134783255336