2 0.0625 0.11875 0.125 0.2375
0 0.546875 0.14609375 0.025 0.1984375
0 0.109375 0.07890625 0.21875 0.1578125
3 0.1737416827069603 0.2256565437984502 0.21871642105489242 0.2582292119047624
1 0.92890625 0.2828125 0.1421875 0.3125
2 0.821875 0.125 0.24375 0.25
3 0.9765625 0.1234375 0.046875 0.246875
0 0.94296875 0.075 0.1140625 0.15
1 0.27421875 0.95078125 0.3359375 0.0984375
3 0.41875 0.86328125 0.23125 0.2734375
1 0.79296875 0.92265625 0.2390625 0.1546875
0 0.60078125 0.9703125 0.0828125 0.059375
3 0.8081070669640635 0.6913175239018099 0.20683913392812697 0.2885780459579186
3 0.88359375 0.94609375 0.1171875 0.1078125
3 0.6392910010084062 0.835271375692138 0.13260395843375933 0.2947093275747512
0 0.939215319309852 0.6087226742709502 0.08780563861970414 0.0989567365817647