1 0.7660121766149363 0.8169790695231445 0.23209096223361492 0.29195935462398886
0 0.6375032377870697 0.5154389060909662 0.07702724672063965 0.13058036660488845
0 0.4134858836486268 0.5420460792266095 0.09931168249628844 0.13915675843752046
0 0.5575589467413243 0.9314855467424717 0.08344766508343397 0.10429068511654264
1 0.33798567390140277 0.759136864705972 0.21819888059640907 0.2649603450053421
0 0.1548766027796466 0.8046651634321783 0.1072879568065479 0.1425545769491748
3 0.19914225915665318 0.8876487890227416 0.1933073439616777 0.14711808057737202
3 0.16132916214275778 0.44988589419488473 0.20774605947465283 0.30358633538669527
2 0.32097639981828585 0.3300396417478139 0.2271644448207603 0.25747522721932725
2 0.431138214608464 0.12690226198089954 0.2747764292169281 0.2538045239617991
1 0.9366302187923357 0.12515612415498278 0.12673956241532877 0.207653787293461