0 0.7327564137654253 0.4583395689887027 0.14819683540139544 0.08841939204448082
0 0.9401954422161651 0.4838964967469986 0.11960911556766973 0.09121710957707699
0 0.9650310052833936 0.8162413924449275 0.06993798943321287 0.09404210064862317
0 0.9688633405587381 0.9044680953670268 0.06227331888252365 0.07359323295387128
0 0.9144637797604236 0.936711805188985 0.12937042574646931 0.06468188311602745
0 0.928569163387273 0.7395601156595661 0.14286167322545396 0.10708757142762977
0 0.8649836777632818 0.6643049711794534 0.1641496173323808 0.09337962743398442
0 0.8168300370498909 0.7344714208551417 0.1234153566887188 0.09110801542127547
0 0.6507015645414005 0.9865450206962812 0.13220049480421991 0.026909958607437546
0 0.639851545851967 0.9709332520252996 0.14368429802252863 0.046204618505530703
0 0.5310671356928379 0.7989297926103787 0.20383483020561535 0.12528419236879246
0 0.42922041242804304 0.8377274655007056 0.10702553218308672 0.07989778003177213
0 0.470910521714652 0.9094621436660386 0.14601162252816077 0.057169392044480814
0 0.26578597914000507 0.8996393100635443 0.10055701089576327 0.0766636858759707
0 0.23638914817808504 0.557356352677218 0.13983803218308674 0.08047052434972919
0 0.2099962569604909 0.4812069099013884 0.18736859604505715 0.09066373051823948
0 0.3359196185928884 0.46311720332584116 0.14507183540139543 0.08836484496658023
0 0.338274076270343 0.5302637930174157 0.14496257475773372 0.08680234496658024
0 0.35233013049705786 0.8317035620921391 0.11661905347041017 0.08318642126547422
0 0.18384257442875757 0.7655585905023534 0.15074268119435102 0.10250916558343129
1 0.17634288677811868 0.33470405681713333 0.3207923732844654 0.2802637930174156
0 0.3270698704344738 0.22497232102059286 0.16083894703379292 0.06835235389503398
0 0.2842521198533961 0.8289546631477993 0.07326253737886682 0.04341480925276535
0 0.35255400562310857 0.8683814017837136 0.10898151609154336 0.040917100648623264
0 0.7965550139209817 0.9639782968727346 0.14150979282674853 0.07204340625453085