0 0.42265625 0.5609375 0.1109375 0.0375
1 0.63125 0.21953125 0.125 0.4328125
1 0.89765625 0.2921875 0.2046875 0.29375
2 0.86953125 0.09609375 0.2359375 0.1921875
0 0.7846919708739775 0.20665162822155989 0.16621654349765969 0.21452060266810494
0 0.6334981798849567 0.39908038839832527 0.10040585969555131 0.12999511646291495
1 0.23515625 0.65 0.2171875 0.140625
0 0.4627599155505006 0.686532716529028 0.10997186068413463 0.13517393939369332
0 0.45022010627269127 0.7996944578226006 0.11615819368794007 0.1339389880142125
0 0.45703125 0.61171875 0.1015625 0.0640625
1 0.62109375 0.68828125 0.1046875 0.2171875
0 0.87578125 0.65546875 0.1078125 0.1515625
0 0.92890625 0.95078125 0.1171875 0.0984375
3 0.69921875 0.934375 0.1796875 0.13125