0 0.20053278954942838 0.8978974236571755 0.14707137797604233 0.1044905933083328
2 0.34378576281422324 0.9269711860510184 0.30867514951546743 0.14605762789796337
0 0.002011342186659384 0.5759958634778704 0.004022684373318768 0.1051167269557407
0 0.0031860760951160083 0.6302438660697685 0.006372152190232017 0.05736273213953691
0 0.1957020859824731 0.5398313539587496 0.135478314114072 0.09415868605101832
3 0.138970392807078 0.249539253157546 0.2772501868943342 0.23390327417555506
0 0.4862281690380801 0.38682038850189715 0.17084736758448216 0.17800600574944409
0 0.2018642406937206 0.40674545188523104 0.15583437278026224 0.1409748974553701
3 0.6568909582585323 0.5990448608394894 0.2777200804577168 0.2184149752123144
0 0.6474709436795981 0.19420153595726725 0.18155563861970414 0.10906051611703668
1 0.6828846477507566 0.4071697191335635 0.14845891535490913 0.14654139227157384
0 0.8461112674289257 0.42223622747490575 0.19816398441265975 0.12449002648462933
2 0.8837747944162324 0.3107710471733316 0.21387610174504026 0.2159352327051848