0 0.34566719718226036 0.2680084778522994 0.11241569836338669 0.18027283175849823
0 0.3833730391075596 0.18583338411290168 0.06382937622353531 0.0849404843909034
0 0.27945945397531835 0.9587971358421822 0.11404763103285873 0.08240572831563568
0 0.3948661991659949 0.9543204561679349 0.1426091406515056 0.0913590876641301
0 0.5283334635939652 0.9757440775821469 0.10067461179556503 0.04851184483570634
0 0.4932069515282477 0.8061037332945951 0.13628970798203355 0.1935912872934608
0 0.5633483259376845 0.8483482861971527 0.11990081614940155 0.17117065027015244
0 0.5316940434535468 0.7239559214063627 0.10738096878180663 0.12547620435383652
0 0.4181746912766286 0.6684921166897065 0.12226192431676956 0.14940477767481414
0 0.5443229851086936 0.5269817176854984 0.13381947241000383 0.2122321598887993
0 0.5618974094254632 0.6727307273041452 0.08021826805616747 0.10736112141421188
0 0.6206201341977197 0.7231598024392215 0.14799109981466554 0.21584823320977709
0 0.6593304593327959 0.7814732994439966 0.12271828130301117 0.2071627139724832
0 0.6998339521612198 0.9325422038056823 0.11886410580511537 0.13491559238863537
0 0.7956003199472347 0.9298066504397884 0.12585815027015243 0.11831846878180699
0 0.7466692574260302 0.8469470212210283 0.16216272721932726 0.21946430653075488
0 0.7903820518910674 0.8250645867374576 0.06141370435383653 0.1051438569862416
0 0.8508309677703163 0.8802357255748646 0.08145338584218251 0.09804068511654265
0 0.6378845013507624 0.5918924442718534 0.11502977767481415 0.1210615228654909
0 0.7016493901881695 0.6526414605139224 0.113105179126093 0.15532739546082902
0 0.6105456966341062 0.4793552387368907 0.11143355172143128 0.15214783175849825
0 0.71775550670824 0.39882697975121595 0.101403787293461 0.13307044954451303
0 0.3376241288402421 0.9091319856568478 0.09466271397248338 0.1187896947351895
0 0.8224207363746381 0.781706456337571 0.09155756134007823 0.163938503628197