1 0.5032011250830544 0.8195387528393738 0.23769307371723974 0.36092249432125245
1 0.3763730189737896 0.5587490775134146 0.21633970542635747 0.33153419236879245
1 0.12185099553340506 0.820228499592963 0.19428543028792983 0.2796444099013883
3 0.8956248642857126 0.6209970762923034 0.1496738371354752 0.2897909772718286
3 0.7401920943890724 0.41023903408566653 0.20536263263196836 0.3063705511350904
3 0.32316978485603504 0.14407687702694724 0.10780770974529404 0.24535913879807003
0 0.14431359963085974 0.14017280681713332 0.13072597316352944 0.1646000624991762
0 0.698319979180509 0.14827877637502884 0.09152377081949084 0.13738299756436803
3 0.42032418954411205 0.09258828936396764 0.08228847316352943 0.16375458279171565
3 0.5001328030546324 0.14090878692833567 0.15598439389073526 0.2664898449665803
0 0.4213686505260238 0.23495306736714486 0.14326554595791846 0.18979097727182853
0 0.03367318168143103 0.9747369472400564 0.06734636336286207 0.05052610551988721