1 0.8655293398934454 0.3907633352164599 0.26894132021310924 0.20002037070336193
1 0.4903404021907507 0.1122870832670485 0.31454551542127546 0.12082376670908897
0 0.07165818059766968 0.43441081532463677 0.1293523092527653 0.07180336935072643
0 0.2630837958567894 0.5228267832988652 0.1735659594149211 0.09887494668999892
0 0.723573056813838 0.6260843119032772 0.15629663879806993 0.09398745202099903
3 0.44214537337020393 0.9325455866088663 0.14436938311602715 0.1266545013526354
0 0.9506502053544359 0.8296434745385515 0.09869958929112813 0.10130905601527199
1 0.3427598388775003 0.34217567262095666 0.2742671631477993 0.22970787070336202
0 0.23084008603483125 0.6005614319700923 0.1672614123370204 0.0956772213558171
2 0.12524424552918256 0.9526426473185916 0.1906716387980701 0.09438744135899882
1 0.16471665949435133 0.3489358446451374 0.19891260714144487 0.20852266669318062