2 0.2203125 0.46796875 0.21875 0.2640625
3 0.18660947229252223 0.1864783445593849 0.1805823358130297 0.3680798045516262
2 0.3989938482235356 0.30733220487058527 0.1351841368892682 0.16202125212603188
0 0.583049862905844 0.40484557834852736 0.14848896567298447 0.24716152667183913
2 0.6375 0.13984375 0.234375 0.2796875
3 0.4 0.715625 0.096875 0.23125
0 0.5621229710541772 0.8297825790974335 0.10331770678164434 0.17965529121570648
3 0.65 0.7046875 0.209375 0.209375
2 0.85859375 0.76640625 0.2828125 0.3328125
1 0.66640625 0.87578125 0.1984375 0.2484375
1 0.78203125 0.9109375 0.1953125 0.178125