0 0.1796929805509805 0.058213289363967656 0.13073874491161738 0.08189665665497756
1 0.1765625 0.55078125 0.246875 0.1984375
1 0.265625 0.4375 0.06875 0.228125
0 0.27265625 0.21953125 0.0546875 0.1109375
0 0.03359375 0.084375 0.0671875 0.09375
1 0.62734375 0.08515625 0.2640625 0.1703125
0 0.5864121285602442 0.37692237905554216 0.2447060696514182 0.14164557792045168
0 0.1640625 0.659375 0.16875 0.01875
1 0.10390625 0.69921875 0.1734375 0.0984375
0 0.98046875 0.92421875 0.0390625 0.1171875
3 0.9015625 0.93515625 0.196875 0.1296875