1 0.0515625 0.290625 0.103125 0.2375
0 0.4140625 0.2125 0.05 0.103125
1 0.94296875 0.2671875 0.1140625 0.209375
0 0.5248128824701453 0.34233995533166617 0.14875051779449713 0.09453623986054147
3 0.578125 0.1890625 0.278125 0.128125
1 0.1765625 0.93203125 0.353125 0.1359375
3 0.403125 0.8828125 0.071875 0.178125
0 0.02421875 0.546875 0.0484375 0.084375
0 0.41796875 0.5125 0.0421875 0.1
0 0.2921875 0.43515625 0.15625 0.0515625
3 0.15234375 0.6140625 0.3046875 0.1375
0 0.475 0.703125 0.071875 0.128125
0 0.6192990060058612 0.9013211074450236 0.18124468281352524 0.08901821337743776
0 0.49453125 0.88515625 0.1109375 0.1234375
3 0.96796875 0.725 0.0640625 0.215625
3 0.7634894274134988 0.5398094430985205 0.23997237847863157 0.23023307526193673