0 0.040625 0.26015625 0.08125 0.1078125
0 0.22515088993842367 0.486239137098665 0.15353406615858275 0.07744441149637424
0 0.40010089296348567 0.4866821311028092 0.09719316256778647 0.05919952564056317
3 0.32578125 0.0515625 0.3109375 0.103125
1 0.2750655732888615 0.23007687427838358 0.25114538524403185 0.20851893713693706
0 0.13604852508425963 0.22874131431080488 0.1004545179539809 0.08278257485477489
1 0.7609375 0.14375 0.321875 0.196875
3 0.94375 0.2046875 0.1125 0.196875
1 0.73203125 0.49453125 0.2640625 0.1703125
0 0.553125 0.9703125 0.09375 0.059375
0 0.078125 0.6484375 0.15625 0.103125
0 0.05 0.72421875 0.1 0.0796875
3 0.5171875 0.8390625 0.165625 0.215625
1 0.66953125 0.86328125 0.1390625 0.2609375