2 0.43111475984865066 0.651379013570528 0.19797056228074011 0.3083145165957465
3 0.4198231382901013 0.8329021651796822 0.159619033611828 0.17008254307885
0 0.24765625 0.5171875 0.1515625 0.175
3 0.18687798711123768 0.7759630223726043 0.27653591406762584 0.40105902749150973
2 0.128125 0.946875 0.215625 0.10625
1 0.91875 0.58515625 0.1625 0.2265625
3 0.6939065785180003 0.6623536264634331 0.10772756425790639 0.3113523992633658
3 0.6137349643738247 0.8136372570373656 0.1259682282883512 0.30016352698730664
0 0.909375 0.890625 0.1375 0.21875
0 0.95703125 0.89609375 0.0859375 0.1734375
0 0.95859375 0.78828125 0.0828125 0.1734375
0 0.8390705454004639 0.8087865940282448 0.07789418973360754 0.11451025025210164
0 0.8234229821683219 0.7148398520740165 0.11325336958138302 0.17930472376899792
0 0.7064981259328116 0.8313003684176614 0.09134919467652321 0.13882183540139542
1 0.6 0.75078125 0.121875 0.3234375
0 0.83125 0.93125 0.10625 0.1375