0 0.7936905299172766 0.6420043355496257 0.18564769334818115 0.11688770555093822
0 0.8816814259230036 0.6033821873365116 0.08666475334181775 0.0660016847906915
0 0.054839304622865646 0.7062937623572896 0.10967860924573129 0.12196252471457925
0 0.19382415320659674 0.9419341265014651 0.1647352093411815 0.06449753460041094
0 0.06188928329886523 0.5838921803420674 0.12377856659773046 0.15215936068413463
0 0.04303074264004668 0.44559634288963734 0.08606148528009336 0.10681768577927468
0 0.2382319652689575 0.4841508014063251 0.20001927601845368 0.14402320851668762
0 0.19765296594527526 0.4113698760071737 0.1763817813494538 0.12588070357377182
0 0.32622286127468453 0.445528653193211 0.1293795120146357 0.11303319368794007
0 0.3780024425923216 0.5633183310638203 0.1529806440165448 0.1280506986308559
0 0.533499559277548 0.43287078018896785 0.21871473201781733 0.14009971247102032
0 0.3812921692791389 0.41494449806001477 0.11186474801081765 0.08420785672980177
0 0.3312109006206385 0.35271907068369696 0.22360222668681723 0.15747821345960364
0 0.2722722526257292 0.31279972482831014 0.21233746268299925 0.1289075444862428
0 0.10789212663113798 0.26623910672980183 0.1529806440165447 0.1280506986308559
0 0.1184034599777283 0.16896485870696815 0.13274086935072646 0.13347302768032893
0 0.2076835886378195 0.22106321098814563 0.22687267735518085 0.17010554745199238
0 0.23166652864418286 0.17514321593106152 0.11008407200827239 0.06539418973360744
0 0.17767900998568248 0.11275862106425782 0.10094542934436315 0.08532468775644104
0 0.46897452995704736 0.3356655163488034 0.12478291868236298 0.12065469269935694
0 0.40956371463241065 0.26915183699531936 0.15910337468172653 0.11736786661563361
0 0.585098969287093 0.3646274575652856 0.1559783746817267 0.11724053262324467
0 0.6755068879694559 0.2526314763483659 0.13711928668045398 0.10710152866891205
0 0.12301440324636763 0.6459411941822317 0.12140338001272669 0.09865235870696801
0 0.27972276798218265 0.14271005931499048 0.16824201734563582 0.09743736859279988