0 0.61171875 0.57890625 0.2171875 0.1421875
2 0.91171875 0.53203125 0.1765625 0.2046875
0 0.47109375 0.68984375 0.0578125 0.0796875
0 0.45703125 0.79140625 0.0859375 0.1640625
0 0.46953125 0.921875 0.0609375 0.11875
0 0.3044298201119357 0.8938097691217232 0.2008073286340201 0.14547764192396553
0 0.33515625 0.9484375 0.1765625 0.103125
0 0.21727243961310466 0.935442803252003 0.13137024440092268 0.11187691567207594
0 0.17808173027976082 0.8264997137329944 0.15599173610255299 0.1288669945971538
0 0.06328125 0.94375 0.1265625 0.1125
0 0.16015625 0.9625 0.1109375 0.075
0 0.20234375 0.97265625 0.2234375 0.0546875
0 0.42943258795807504 0.7325243876505141 0.12429145020978147 0.10057539462538863
0 0.5796875 0.68671875 0.159375 0.0734375