2 0.47421875 0.73125 0.1515625 0.290625
1 0.3625 0.9765625 0.309375 0.046875
1 0.6125 0.8828125 0.125 0.2
0 0.8828125 0.859375 0.234375 0.14375
0 0.8823570170209468 0.7891362299557014 0.17810353444287869 0.13425149136212672
0 0.7691116558181477 0.8175895018549266 0.1818671518694554 0.10183950956072393
0 0.7113098885967082 0.7592751565430034 0.1119331601678251 0.08180880937615384
0 0.7957002344521676 0.9509131415836087 0.11650226099766207 0.08054669802510173
0 0.69765625 0.9609375 0.1859375 0.078125
2 0.69296875 0.54296875 0.2109375 0.1078125
0 0.9259913856969231 0.9402085741878903 0.14375184523075965 0.11183627081949084