0 0.02265625 0.1765625 0.0453125 0.14375
3 0.109375 0.046875 0.21875 0.09375
3 0.68046875 0.346875 0.2828125 0.20625
0 0.8291426124906602 0.2440348504784386 0.2140918630553575 0.12477608576539315
0 0.2591317623071336 0.38955657863839155 0.0394867052052021 0.06387105242559414
0 0.34051827019964137 0.39853270803538726 0.1425052893919517 0.09716152667183912
3 0.109375 0.80703125 0.21875 0.1671875
3 0.11484375 0.70703125 0.2078125 0.1265625
0 0.97578125 0.85546875 0.0484375 0.1171875
0 0.91015625 0.72578125 0.1796875 0.1234375
0 0.94765625 0.68203125 0.1046875 0.0796875
0 0.23984375 0.88671875 0.0421875 0.1109375
3 0.546875 0.9625 0.29375 0.075