0 0.2484375 0.0421875 0.09375 0.084375
0 0.29453125 0.471875 0.1203125 0.075
0 0.23203125 0.45703125 0.0953125 0.1046875
0 0.31780304045754804 0.37909298941754166 0.10697419467652339 0.13399428668045382
0 0.15493030874633681 0.29043792739495167 0.11414470752810449 0.19498633068109025
0 0.18854928057171633 0.42448621073358783 0.06957235376405216 0.09763861600890866
0 0.15078125 0.4484375 0.1296875 0.121875
0 0.13515625 0.48203125 0.1046875 0.0546875
0 0.09120870695945085 0.37723794605345207 0.1043293557412186 0.10741360534690844
0 0.05234375 0.44296875 0.0984375 0.1328125
0 0.07838239619876668 0.27000670138445226 0.09622769566510643 0.13855451734563573
0 0.96171875 0.465625 0.0765625 0.0875
0 0.6575990054000265 0.3614573100334076 0.09979836463846717 0.14952838001272672