1 0.04765625 0.5203125 0.0953125 0.078125
3 0.3297955425472612 0.1461498740022243 0.19363286709365912 0.25963114718563746
2 0.74453125 0.146875 0.2328125 0.29375
1 0.755997410721075 0.38931677410104626 0.2376555778660478 0.30905429451244915
3 0.54765625 0.14296875 0.1765625 0.2859375
0 0.67421875 0.06328125 0.0921875 0.1265625
3 0.90625 0.5265625 0.159375 0.065625
1 0.375 0.871875 0.109375 0.25625
0 0.16953125 0.62578125 0.2328125 0.1328125
2 0.3078125 0.80234375 0.20625 0.3953125
1 0.6734375 0.75234375 0.240625 0.3859375
0 0.874933763082207 0.8123553717949115 0.10739538524403187 0.20306335779368573
3 0.5078125 0.9578125 0.15625 0.084375
3 0.5675848713952675 0.7505959083442656 0.1184601502711466 0.22557539462538861
3 0.72109375 0.91640625 0.1328125 0.1671875