1 0.4564492373368438 0.3285769576057046 0.17453741180407362 0.23725605913900916
1 0.33098889190482816 0.28670832712657723 0.14747030076822548 0.28587334160399785
0 0.09640477272837984 0.4441611463997809 0.12371854025277602 0.2193022717116218
0 0.15572554104574543 0.38818728225559174 0.09577060266810485 0.16188787799792798
0 0.09140625 0.57265625 0.1046875 0.0734375
1 0.0546875 0.31640625 0.109375 0.1671875
2 0.3125 0.50078125 0.190625 0.2171875
2 0.65546875 0.4703125 0.0921875 0.278125
2 0.6484375 0.19375 0.078125 0.3875
1 0.8406372088427128 0.20569592162605926 0.2273282191310198 0.26309512117350253
1 0.86015625 0.828125 0.1953125 0.34375