2 0.6515625 0.37734375 0.259375 0.2234375
0 0.9067605330568904 0.34749288247508475 0.09007473370266403 0.1476946252307126
1 0.3734375 0.240625 0.0875 0.29375
1 0.26015625 0.83515625 0.1390625 0.3296875
1 0.21640625 0.9 0.1921875 0.2
1 0.1379878010035791 0.7716582611018834 0.18923496239076298 0.339639898209672
0 0.1390625 0.5125 0.078125 0.046875
2 0.05078125 0.58125 0.1015625 0.184375
1 0.61640625 0.89453125 0.1203125 0.2109375
3 0.70859375 0.9109375 0.1734375 0.178125
0 0.3625 0.5578125 0.065625 0.1375
0 0.809375 0.82734375 0.21875 0.3453125