3 0.08984375 0.22109375 0.1796875 0.1015625
3 0.175 0.30078125 0.309375 0.1203125
0 0.3 0.0234375 0.265625 0.046875
0 0.1859375 0.06015625 0.1171875 0.078125
0 0.0875 0.08046875 0.175 0.1140625
0 0.2 0.20078125 0.1421875 0.09375
1 0.134375 0.36015625 0.26875 0.2015625
1 0.46015625 0.27421875 0.0984375 0.2171875
0 0.3171875 0.06328125 0.1421875 0.109375
1 0.85859375 0.3484375 0.2828125 0.184375
1 0.8828125 0.475 0.234375 0.15
2 0.7984375 0.078125 0.403125 0.15625
3 0.6203125 0.0328125 0.221875 0.065625
0 0.93671875 0.30859375 0.1265625 0.1078125
3 0.93515625 0.175 0.1296875 0.178125
1 0.84609375 0.63203125 0.3078125 0.1640625
3 0.59375 0.5671875 0.16875 0.034375
3 0.58125 0.64609375 0.14375 0.1078125
3 0.6109375 0.7171875 0.203125 0.10625