1 0.8259374323743071 0.8974233109965268 0.21552512959490705 0.20455487510244402
1 0.5178795075393532 0.7693324284504849 0.35656023270518483 0.2157920897419711
0 0.6138220348724543 0.3541291135205074 0.13251855702175916 0.09175946856846853
0 0.5082481037224085 0.5476735982190265 0.33189242337435154 0.2006379706353833
0 0.3540670345896304 0.4181208771693584 0.1092177580585183 0.09223034946188076
1 0.17601038510801004 0.4090433219592907 0.31011445966092543 0.2540883023145836
0 0.027616622289931288 0.8174101319268694 0.055233244579862575 0.10934507485477489
0 0.02044937978280178 0.9277483184446339 0.04089875956560356 0.07275260339082194
0 0.7438268528739366 0.7869159964808341 0.1732214694628702 0.1123288337461151
2 0.27680473967889024 0.7094693151348652 0.33714585136685143 0.24289824524248899
2 0.2586036694148165 0.8906101532242066 0.2994517787937035 0.1322133023145838
0 0.12646440414625157 0.831898625102444 0.1768932736099072 0.11872438296032684