3 0.434375 0.08828125 0.25 0.1765625
3 0.2828125 0.06796875 0.146875 0.1359375
0 0.684375 0.05546875 0.096875 0.1109375
0 0.40673177282207573 0.5004294043450331 0.10176036397194572 0.13210395020978147
0 0.1421875 0.403125 0.134375 0.046875
3 0.21938076958287328 0.5782145526900037 0.14438795496493206 0.1664323286340199
3 0.3879979665282409 0.6981098877482936 0.22108776218161771 0.31996099295103003
3 0.12542931291989814 0.6434270008251926 0.1432655459579185 0.19744553029369402
2 0.515625 0.7421875 0.0875 0.290625
0 0.246875 0.946875 0.125 0.10625
3 0.94921875 0.89609375 0.1015625 0.2078125