0 0.029273888661877395 0.21884416576690255 0.05854777732375479 0.16231166846619488
0 0.21002794321119111 0.27458191244291025 0.10581470452587256 0.2016827444009226
0 0.3572120154198981 0.21032739044758603 0.08230448165323567 0.18740675684847724
0 0.3488551356368153 0.04948238028672743 0.09444086729005097 0.09896476057345487
3 0.4651148981298472 0.32084864812125585 0.15782263212077385 0.28215241701630234
0 0.7187989552132437 0.20557423255484597 0.06786018657189175 0.12071616431700997
3 0.8009938316766767 0.1712332761212872 0.10694995764913066 0.12836364357108562
0 0.7914980526044062 0.8638351732168579 0.09140677088084707 0.1412421518694554
3 0.6872554593184603 0.9295212180326988 0.07984203610435348 0.0326008576783142
0 0.8808398920797229 0.2721669688578915 0.0837215359079618 0.16252515601864026
3 0.7557171722321481 0.3027326524709334 0.09956470452587247 0.2012091477202705