0 0.6036305239393969 0.8379922735070371 0.1047262305182393 0.18954047424624462
0 0.5590231818121904 0.9193859236568184 0.060847771103318314 0.08922173879011233
0 0.7275307106327371 0.11477752730005894 0.10818642126547413 0.11961061151914842
0 0.9489944277582959 0.2881026833688939 0.05289099512873605 0.16970646424430508
0 0.6041341209411626 0.10704516244693063 0.13951824188232517 0.12684902667183912
0 0.4662386546263827 0.07316488577509153 0.09810230925276535 0.07822033697334119
0 0.48831602637832405 0.265320434866706 0.13153419236879244 0.2057712521260319
0 0.41877509374876426 0.21439592153078638 0.11393758928453739 0.180930748792052
0 0.44292743425111764 0.3466503121376699 0.10530688311602714 0.13341802000387934
0 0.5572450787312306 0.41527237956617374 0.11821598620028233 0.15787588606495556
0 0.4152639046230874 0.5495681469849792 0.12563874837514694 0.22557356909549392
0 0.4079172345754293 0.3968417597120756 0.07847164772652379 0.11562474212409217
0 0.34994504748164246 0.33828008955841504 0.1428807954530477 0.23010157242947357
0 0.31371149269310405 0.27369156001163797 0.11459215421934558 0.21843074879205204
0 0.28283186525911974 0.11358323637421637 0.1147909772718286 0.14043329454968653
0 0.18369493587597074 0.11017158076442338 0.12219437418757347 0.11763352333785919
0 0.2273415702098139 0.19720906622055584 0.15540806899199797 0.23268443849054993
0 0.18006714975511867 0.21519392061270254 0.058131874187573464 0.11240414727484327
0 0.12123189204448095 0.15188097758022467 0.07981595941492108 0.10325228788172676
0 0.32263034537032204 0.47179422016335887 0.11301028896022584 0.12780574879205203
0 0.25980701704283327 0.4034749127367947 0.10897735389503396 0.16492311151914837
0 0.3426446107915976 0.590448496376156 0.1073603068171333 0.1616705657615139
0 0.22457249512544072 0.6642849959171141 0.0991932508107789 0.14072033697334127
0 0.6591585860381265 0.1755079910853221 0.09110801542127547 0.12445760818516849
0 0.14334444561520338 0.25666407242947364 0.08573076866768634 0.17394742515463035