3 0.697779023489979 0.828125 0.16842705423577745 0.15
0 0.8955489337565357 0.82421875 0.08566001834239997 0.1515625
0 0.5065705972552907 0.06953125 0.1024838054894186 0.1390625
0 0.3694222867513071 0.16484375 0.09608069279472176 0.1875
1 0.09743127797581852 0.08828125 0.16226798244902274 0.153125
2 0.3070252383215175 0.05390625 0.08880173871722885 0.0984375
2 0.13926549300687802 0.71796875 0.1526155007914228 0.3046875
2 0.36766562615554604 0.7890625 0.24930864436493216 0.2984375
0 0.6786235096999255 0.7078125 0.09571697994174037 0.175
2 0.6367017488128658 0.45703125 0.19503032132453627 0.3125
2 0.44436085530586344 0.91875 0.15629076708875883 0.1625