0 0.0328125 0.325 0.065625 0.109375
0 0.13125 0.35859375 0.1 0.0421875
0 0.14065437214930787 0.1827195558324096 0.12117285364324068 0.18962130937615385
0 0.20162356518178565 0.23692739204503396 0.10376221303635731 0.16674501387966068
0 0.19963101729811933 0.1066891795219627 0.09837334030732095 0.11976988433001132
0 0.09609375 0.05 0.1109375 0.1
0 0.24221725896316962 0.06076660780730769 0.07222542848861017 0.10410531153562204
0 0.29041538502618547 0.12207554519195138 0.13077099425012406 0.21199695712440042
0 0.3154311026044705 0.18801142582133484 0.10538835697722053 0.20570738433001132
0 0.3203125 0.33125 0.1125 0.096875
0 0.41796875 0.3421875 0.1203125 0.075
0 0.38963361927437 0.2696433551864141 0.1449610400077585 0.21446062307124442
0 0.43958582184974543 0.2562328948228111 0.052040474246244806 0.10436612739018099
0 0.487385335185665 0.3222793969822796 0.07445760818516849 0.09336807063492074
0 0.33828125 0.025 0.1078125 0.05
0 0.38984375 0.07109375 0.1015625 0.1421875
0 0.48202854230296843 0.21817288788298086 0.07563721303635731 0.16494268198597267
0 0.8572373836490597 0.2306959808785521 0.09996753333979883 0.1773821252307127
3 0.08359375 0.95625 0.1671875 0.0875
0 0.23515625 0.98046875 0.1140625 0.0390625
0 0.33671875 0.96796875 0.1234375 0.0640625
3 0.26796875 0.415625 0.1703125 0.071875
0 0.03203125 0.653125 0.0640625 0.271875