1 0.27421875 0.3515625 0.2203125 0.234375
1 0.0484375 0.39375 0.096875 0.15
1 0.50546875 0.0921875 0.1265625 0.184375
3 0.48515625 0.4296875 0.1671875 0.078125
2 0.26875 0.0453125 0.240625 0.090625
0 0.2910393128577135 0.1008106804895423 0.08349431043863911 0.09810745850815117
1 0.7421875 0.153125 0.215625 0.30625
0 0.7015625 0.43125 0.115625 0.075
3 0.89140625 0.24296875 0.2171875 0.3796875
3 0.134375 0.53125 0.190625 0.125
3 0.31484375 0.62890625 0.1578125 0.3203125
3 0.51328125 0.92265625 0.1109375 0.1484375
0 0.425 0.93125 0.078125 0.1375
1 0.19140625 0.6015625 0.1984375 0.265625
3 0.04609375 0.54375 0.0921875 0.15
3 0.16328125 0.90546875 0.1078125 0.1890625