0 0.6676692893250966 0.6546875 0.12272209765100221 0.0828125
1 0.619802439166812 0.715625 0.316938762074194 0.20625
0 0.31417456479363265 0.72109375 0.16518238229073817 0.0921875
0 0.2433489024155049 0.55078125 0.09690374373179385 0.0546875
3 0.09322401652844522 0.64921875 0.18644803305689045 0.0984375
1 0.02454770744270511 0.27109375 0.04909541488541022 0.1578125
1 0.029431435735092753 0.1640625 0.058862871470185506 0.078125
0 0.3353260830695257 0.1015625 0.16422763605166182 0.059375
1 0.773712633148668 0.07109375 0.32444973370266406 0.1421875
0 0.9520659875300946 0.35859375 0.06072220282385175 0.1
0 0.9288497963847255 0.4046875 0.10300063103709682 0.103125
0 0.9725302855641729 0.621875 0.02147784639736088 0.09375