0 0.05 0.1046875 0.1 0.128125
0 0.0984375 0.0640625 0.115625 0.128125
0 0.04453125 0.2203125 0.0890625 0.1625
0 0.1567479665282409 0.313725339268551 0.10538601172019231 0.14072033697334127
2 0.97578125 0.25625 0.0484375 0.359375
0 0.39609375 0.79296875 0.0453125 0.2171875
0 0.5625 0.5078125 0.15 0.0375
0 0.6907506176725735 0.6415323774401418 0.14064119370616518 0.2057712521260319
0 0.7565968607327432 0.6018318907760614 0.12195175046142523 0.18093074879205204
0 0.7430826781284615 0.7305150001691778 0.11113536397194572 0.13341802000387934
0 0.6336063510151357 0.7806429327406741 0.12513730721668548 0.15787588606495556
0 0.7875 0.9125 0.134375 0.175
0 0.7824245828165385 0.7865735525947721 0.08357156847545255 0.11562474212409217
0 0.8367325485788122 0.73660524562725 0.15308063695090493 0.23010157242947366
0 0.8672024961424887 0.6784737522952098 0.12435485965300899 0.21843074879205204
0 0.8859375 0.540625 0.128125 0.103125
0 0.959375 0.5421875 0.08125 0.10625
0 0.93203125 0.61484375 0.1359375 0.2328125
0 0.98203125 0.640625 0.0359375 0.1125
0 0.8744001341731277 0.8756835921434888 0.1185473457733485 0.12780574879205203
0 0.9320135726375056 0.816659149570053 0.11470045496493206 0.16479556576151388
0 0.8640625 0.9546875 0.115625 0.090625
0 0.5109375 0.53671875 0.096875 0.0953125