0 0.1925102358479512 0.22684495948776914 0.23270601006798622 0.13637072367353414
0 0.30179627650114577 0.1330842507914228 0.15374455547083343 0.09816001834240007
0 0.06718423394809013 0.3818925091712 0.13436846789618026 0.09136444906292791
0 0.0912198395714234 0.5514153989837857 0.1824396791428468 0.1303193004748536
0 0.31032828980017324 0.5054593559642723 0.195060539703264 0.12902958511458973
0 0.4252623055677426 0.5385111998543508 0.13655705547083344 0.09765991316955044
0 0.5857270268823954 0.5635065028364868 0.17046058320625015 0.1454896594086268
0 0.6701922926499648 0.595671796647423 0.18899237765916688 0.13666022868809904
0 0.9105309243931942 0.37985789469413656 0.11966049620027804 0.1096598079967011
3 0.9652541387739927 0.41350312047924176 0.05363545269729144 0.09056281551854854
0 0.5929537261612147 0.7904327156894683 0.15748780452090294 0.12481344655564541
3 0.28421515900687433 0.7540870725781774 0.17983558320625012 0.14576244404836308
0 0.8640682727983329 0.6630735599752582 0.18670252583555547 0.10536476458147633
0 0.5099367380321527 0.09145199491892807 0.10926720364722228 0.065637023356965
0 0.7096892441129856 0.678907845472924 0.2299083183886113 0.1503422954602886
3 0.4940317957840968 0.47249740643912597 0.20803331838861117 0.14970579796757127