0 0.321875 0.01640625 0.175 0.0328125
2 0.21484375 0.2078125 0.2890625 0.0625
1 0.8078125 0.1515625 0.353125 0.175
0 0.68828125 0.05703125 0.3046875 0.1140625
1 0.43828125 0.134375 0.0578125 0.184375
0 0.05390625 0.92421875 0.1078125 0.0890625
1 0.18623225389663137 0.7884896142426359 0.2547264804327084 0.1447222560752678
0 0.30772604739961745 0.7755308011732771 0.14622299620027784 0.1112698606144388
0 0.02265625 0.403125 0.0453125 0.10625
3 0.13125 0.31328125 0.2625 0.1484375
0 0.36015625 0.29453125 0.0984375 0.1109375
1 0.3640625 0.534375 0.090625 0.1125
1 0.8953125 0.93359375 0.209375 0.1328125
3 0.8590930981207983 0.6885789605139223 0.2183525693385416 0.12471729092165802
2 0.6555862384134024 0.6978919292109109 0.2768573599917364 0.22355658420556884
0 0.4652911595755553 0.5426885301218849 0.10799564437666671 0.07871033175849824
0 0.45234375 0.578125 0.0859375 0.15