1 0.14375 0.03359375 0.175 0.0671875
3 0.14245541261771716 0.26189837396563787 0.2011801523061349 0.34429653469127147
3 0.40546875 0.12734375 0.1078125 0.2546875
2 0.58046875 0.1390625 0.2421875 0.278125
3 0.8270193993929503 0.2999870779360484 0.24983048393263588 0.2948965186982713
3 0.04453125 0.775 0.0890625 0.15
1 0.953125 0.62734375 0.09375 0.1765625
0 0.7379660627165391 0.6402206319223672 0.1123165314288567 0.15901246801399935
0 0.8265625 0.940625 0.125 0.11875
3 0.9671875 0.9 0.065625 0.2
2 0.5625 0.86796875 0.178125 0.2640625