1 0.08046875 0.0703125 0.1609375 0.140625
2 0.91875 0.36875 0.1625 0.196875
2 0.7353321489137747 0.10401703995664904 0.2544019742194024 0.18772532608248033
0 0.29921875 0.13359375 0.0796875 0.0890625
3 0.32109375 0.496875 0.1234375 0.084375
0 0.6103299061498639 0.305638995091264 0.22661116689245625 0.1627407366340588
2 0.1796875 0.603125 0.159375 0.128125
0 0.01796875 0.71171875 0.0359375 0.0984375
3 0.7765625 0.95390625 0.275 0.0921875
3 0.90703125 0.66328125 0.1859375 0.1609375
0 0.94921875 0.76953125 0.1015625 0.1390625