0 0.8356648857750916 0.5307371092724302 0.1851080657615139 0.11910017061270253
0 0.8994720363839146 0.6088938023049082 0.08778678454774677 0.06769742515463051
0 0.17412289727484326 0.07008871470334709 0.179368248792052 0.12483998758216434
0 0.1475600104609816 0.18199891227775278 0.17085411818710816 0.1536346672787226
0 0.09625221516238905 0.2949933777300059 0.09709788273097572 0.10570760818516849
0 0.28534640819486684 0.3678562771308811 0.20133884364130097 0.1468105824314133
0 0.2233564622874511 0.4070306053102306 0.17649834030732112 0.12770989606689528
0 0.34993480880369005 0.4460767430421761 0.13185552000387935 0.11320111485312831
0 0.4388700209219632 0.3757320342578828 0.15487843182259015 0.12904925546001184
0 0.5289204203228384 0.5662292306243405 0.21970620636839744 0.14365363152302776
0 0.3878013416844469 0.5011627268313186 0.11249974212409217 0.08523561151914834
0 0.3207572339583204 0.5259556906165818 0.22566916394474265 0.15966126879593148
0 0.25414368986767577 0.5275024730382969 0.2126909318225901 0.13376844849248962
0 0.10127391032089875 0.4801018303053814 0.13443838606495562 0.1258286606107628
0 0.08679656426370179 0.5689411896984979 0.09119856909549377 0.12850737939699589
0 0.16291265411198091 0.5697221818225902 0.22825203000581898 0.17228881455356593
0 0.16940164123510332 0.620694750459042 0.10966178454774686 0.06948306576151389
0 0.09825996487252495 0.6428250998502187 0.09856478788172676 0.08565019970043757
0 0.4364457489612299 0.6122276436509992 0.12624324879205204 0.1205034318225902
0 0.3593091641139206 0.636972810011638 0.16036315727678296 0.1201844384905499
0 0.5496790725986516 0.6494083924430514 0.15711061151914835 0.11836684697528081
0 0.5890280992704906 0.789204216080473 0.13759533697334128 0.10746129788366651
0 0.24309578000581902 0.17350049925109395 0.12302265394280303 0.10006338606495557
0 0.1984193326005912 0.6719542325811945 0.16808006242753395 0.10063721303635713