2 0.6810740409375349 0.27098701244423573 0.43623497283326423 0.3633879544386545
0 0.7925557483844793 0.22330842587641406 0.10821384992375016 0.08808533175849823
0 0.5028042237831947 0.3045783063611187 0.17169577488562507 0.13245537985173242
0 0.4288718420399654 0.08442830254366256 0.23655836189159735 0.1688566050873251
0 0.37712619766329863 0.01922617123672669 0.1823773953265973 0.03845234247345338
2 0.1953547464846183 0.29733132386913186 0.3605803561920141 0.33264389672677347
3 0.2626364315144796 0.4669964939247322 0.2015300516711113 0.2068750264936879
3 0.4677252814382296 0.5442782126217209 0.2974958618915974 0.17119547603820084
1 0.33171765909739637 0.6803843821291672 0.2549459924005557 0.22123019237293703
0 0.7795051149288202 0.8719468225183695 0.17104115824437507 0.1043303798517325
1 0.5739279153656605 0.9080554812260424 0.1955696859797918 0.1520238353866951
0 0.5103693359591326 0.6631993382122842 0.18579464247680555 0.1345089531727101
2 0.6626215137707991 0.6203520953838602 0.3141391544446531 0.21549111306150942
3 0.9054512194147918 0.08715761635043448 0.18909756117041637 0.1129067716843644