1 0.283063913181459 0.7866446349427512 0.28798061720993096 0.42671073011449767
0 0.11298845573451459 0.8281989123370204 0.06958776101791675 0.10429776217486478
2 0.36339296561506956 0.14534905072805338 0.22224259517409733 0.22097852191409725
3 0.5111212975870487 0.11747128692833567 0.18161759517409734 0.22026940990138838
3 0.5070351692622919 0.2103309427725343 0.10476154160312508 0.07211255357072241
0 0.5560188363403822 0.2681940357105197 0.07754573138263901 0.1106841298696164
2 0.591633600492431 0.48981961972005134 0.2566202080156252 0.3558989926931041
0 0.7777899592498962 0.5360202840856666 0.09251742116215293 0.14999209172016936
1 0.9016774816669795 0.3226453510490696 0.16344947663298653 0.2449421274339844
1 0.880090156344514 0.16686295535114073 0.17039046086541693 0.27473872158978574
1 0.8124837758355558 0.11414132994575128 0.15094817021222234 0.177563712661332
0 0.5692715572737853 0.6698247195578955 0.127292464665139 0.1677796095770768
0 0.45921079872441045 0.9068689776755704 0.05607077488562506 0.12748980032431162
1 0.7347166789490285 0.7656435543782061 0.12605988582729194 0.31613528896022575
3 0.8591555941272577 0.8746146980491878 0.0715892849536111 0.25077060390162453
1 0.6442397621552785 0.8987546943973873 0.10494599240055572 0.20249061120522532
1 0.726762627846598 0.954124032871146 0.10865026101791671 0.091751934257708