0 0.20451828659533283 0.28805000186202684 0.17576359016268786 0.13940075599585597
0 0.3037052203385541 0.2888975643108049 0.19920109016268786 0.14049237510244392
0 0.20094733811958446 0.49909666377268563 0.11458974082661781 0.09593754631872749
0 0.030781325626552565 0.47194562055432987 0.06156265125310513 0.09048375889134022
0 0.05815078406125004 0.6104066530193186 0.11311814441741401 0.1114897717116218
1 0.33982192311591086 0.9276668118296054 0.2475295058537325 0.12399838792272533
0 0.8124701245185255 0.6385377677871895 0.16000223477649378 0.11523550992479734
3 0.8875706393492484 0.4835184739496613 0.17135789129415607 0.1876199321745385
0 0.8420768530485031 0.3825403248592841 0.1725749576491304 0.12831770678164434
1 0.9348956121236895 0.4039914857364856 0.12579086123992694 0.14175946856846866
3 0.48700353366846655 0.33112779797586667 0.33765557786604783 0.31095904052775936
0 0.3216381297830828 0.15997204363264045 0.0988011143631847 0.06708480024766902
0 0.6830346929166036 0.06425485939118739 0.09886474687674199 0.07802230024766901