1 0.8767046231860451 0.4412082305458692 0.17542120031656908 0.12387494668999892
0 0.7143180026402964 0.9491763665659138 0.10870506175762493 0.08561133068109009
2 0.8280084295999005 0.9337957198838691 0.16421091567683313 0.11437267735518049
2 0.6719797384545314 0.9816894219048681 0.16777853338609497 0.022257902689362653
3 0.689442652415505 0.5425723779042316 0.13841660847155488 0.301509050684272
3 0.6196386177757688 0.552756447247004 0.1867919239901033 0.3536169906906352
1 0.46815135946249864 0.7935007205999576 0.2618995725781774 0.30450787603436213
0 0.28780096674691913 0.9525773706238201 0.14405152837152996 0.0657170013526354
1 0.16553717333169443 0.886835286640683 0.16093280298213614 0.16275563335454457
1 0.12410950593900175 0.673327317313819 0.1483204573761981 0.37347495735199915
2 0.21988500719264298 0.6831466653007743 0.21743417022917955 0.38677493602799873
3 0.9490449729486183 0.5317417765356879 0.07854150329870535 0.28363066000954507
0 0.7553704954476534 0.2629934185630502 0.18914403417751763 0.3270908533577262
0 0.6901810676301195 0.11458373790582252 0.10421144154108042 0.19958292401336303
0 0.6168572278966762 0.11153201058245843 0.10262019780928675 0.144895424013363
1 0.8900135830695257 0.0911718678787783 0.16448370031656906 0.12374767735518082
2 0.9508852354185237 0.1732480238701878 0.09486518527287444 0.2541431546785449