1 0.065625 0.571875 0.13125 0.315625
1 0.03515625 0.6984375 0.0703125 0.140625
3 0.17890625 0.0671875 0.1359375 0.134375
0 0.13912419173825316 0.5796404557614732 0.09633062021691716 0.1766636858759707
1 0.15390625 0.72734375 0.1390625 0.0828125
1 0.73203125 0.721875 0.2171875 0.09375
0 0.6834771379745064 0.3304116176914564 0.08673745159900648 0.1390000446422687
1 0.9296875 0.19375 0.140625 0.253125
0 0.80971238504764 0.2763707743464339 0.20668737899751582 0.34732283360249455
3 0.82421875 0.60390625 0.2109375 0.3296875
2 0.9265625 0.40234375 0.146875 0.2953125
0 0.540394237605164 0.17402347564697546 0.13239538524403177 0.1991659772718286
3 0.545323673882468 0.4842342727248761 0.2039805355151783 0.419143286524594
0 0.9828125 0.709375 0.034375 0.11875
0 0.94765625 0.7015625 0.0828125 0.134375
2 0.73359375 0.115625 0.1671875 0.23125
2 0.3828125 0.6546875 0.0875 0.20625
2 0.378125 0.43828125 0.078125 0.2609375
2 0.96171875 0.075 0.0765625 0.15
0 0.2772009086589618 0.9247572759679917 0.05689541549465282 0.11191934740221221
0 0.08359375 0.82109375 0.1046875 0.1046875
0 0.7296875 0.97734375 0.084375 0.0453125