0 0.843262198996421 0.5815609780610757 0.11663723370266403 0.14480596656499997
0 0.8500193496960662 0.35703310353604095 0.07712009263643722 0.12827177678548612
0 0.9348061559769075 0.7991101943417354 0.12273412100796718 0.1933525693385416
0 0.6450342653063922 0.9426660514836801 0.08017088479802066 0.07213087955902786
0 0.2119008872387961 0.5118239335112499 0.09324519780928667 0.14582295269729179
1 0.07285614146193822 0.16638675978364578 0.14143865690134444 0.19222648043270843
2 0.05705294820499808 0.29496635467340276 0.10464936223247848 0.26944229065319447
0 0.41700827289474657 0.4140182938842358 0.12385870031656906 0.12467530452090289
2 0.6338046309705899 0.5567285514836801 0.23251360094970738 0.37078919794763904
0 0.53555396522725 0.9147248490707287 0.18083612602253202 0.15098453780340293
2 0.4247789719576745 0.5467398749062843 0.2531323263391011 0.2744597118153475