0 0.27246173655603667 0.6330646002324312 0.17682367328319834 0.11826867080279087
0 0.18872028328904905 0.6020820340246722 0.08408820967712845 0.06661905347041035
0 0.9566889174922301 0.6466704621938046 0.08662216501553992 0.12069454827463026
0 0.8510770039244322 0.872418497226883 0.1539640620344933 0.06216078243518837
0 0.9449658593866783 0.5308651457339442 0.11006828122664344 0.15783391535490915
0 0.9572988854415261 0.4009209196191577 0.08540222911694784 0.1135704631253363
0 0.7813914727022977 0.45325858782405853 0.19368584160399785 0.1459237772394081
0 0.8141632772931932 0.3827768430198386 0.16937504631872774 0.12553486758448215
0 0.6960875194353101 0.4223852822599614 0.12504284946188077 0.10997556956195358
0 0.6558692419327201 0.5349288409261517 0.1492080955329392 0.12723947921687967
0 0.5025001852749104 0.4225977217521856 0.20909251778268026 0.14232888367602553
0 0.6431786892038518 0.3970846335007986 0.10669095574818713 0.08377370248167448
0 0.6849808914373822 0.3353769551564391 0.214434989246633 0.15671916560701077
0 0.7379581881703945 0.2948340826282784 0.20240587014004507 0.13251684110137862
0 0.8937693864749834 0.24083000761844317 0.15865587014004526 0.12945754307885
0 0.8839341600486319 0.14746241987125924 0.15291529238978613 0.1399580005042031
0 0.7926221093866782 0.20636180849096336 0.2182149607105858 0.17100018689433422
0 0.7664020576912671 0.16508659846772025 0.10440070967712849 0.06803944183801276
0 0.8128917599247976 0.10305113819237559 0.0973887303552928 0.08468063861970412
0 0.5560917580627706 0.3279300779367014 0.12071922249741007 0.11746028763096836
0 0.6071234110820892 0.2624418357303716 0.15509422249741006 0.11986402179152655
0 0.44951642638357014 0.3620315623493611 0.15182367328319835 0.11652050050420311
0 0.35870302770747775 0.26335339775075656 0.13114730024766902 0.10728761213660061
0 0.8985704722880131 0.5963369624459063 0.11828342721213972 0.09860102698730663
0 0.7204153155491501 0.1369505268120797 0.16032537799792798 0.09842606436617349