3 0.45628813776752153 0.2969259762458484 0.22910379295300629 0.2626558960502036
3 0.7660696854058884 0.7331776634736086 0.11974081630997127 0.36325906847545253
3 0.6529977209035542 0.8568447894795135 0.10793949828414036 0.28631042104097293
0 0.6357038869760987 0.6136790869785915 0.07467705423577745 0.15450582973421945
0 0.6739660680923379 0.4822881870708766 0.12860368778015677 0.239060104872647
1 0.602719205397641 0.4291946630121831 0.13880906505632992 0.37539812307124437
1 0.4407417618114965 0.8940619351467337 0.21306961599340218 0.21187612970653272
0 0.2763973639483381 0.07719805983757916 0.06513691818411545 0.09463018198597284
3 0.2748188966095172 0.8308434939830203 0.15009825455234652 0.28098678901808827
3 0.3008946294542513 0.5264761690291628 0.14668844655564542 0.16379928901808824
0 0.0015384532860700049 0.45518814774824656 0.0030769065721400098 0.04787629549649317
2 0.7516928806413855 0.0974811929309728 0.11067673871722902 0.10534643892580316