0 0.175313540305733 0.25156573778706975 0.08716078243518836 0.1555749706013579
0 0.22866241543178384 0.21750832032878673 0.08257183540139543 0.08994997060135787
0 0.08948493697120882 0.13337125847928472 0.11190941015912906 0.17555327792830405
2 0.24375 0.09453125 0.175 0.1890625
0 0.5325850909261517 0.2444138155790883 0.09875384629715853 0.16552318068726599
3 0.5328125 0.0484375 0.103125 0.096875
1 0.67890625 0.28046875 0.0796875 0.3171875
1 0.71171875 0.34609375 0.1453125 0.1859375
1 0.7774330512014963 0.2216812432141367 0.17988315001967053 0.32389560266810485
2 0.91171875 0.0625 0.1765625 0.125
3 0.0375 0.62734375 0.075 0.1921875
2 0.43203125 0.48046875 0.2046875 0.0828125
0 0.5628185301662744 0.7087308638609231 0.10522236758448215 0.1689757293077852
1 0.1828125 0.93046875 0.190625 0.1390625