1 0.1546875 0.0234375 0.309375 0.046875
0 0.11011578618453317 0.26257696691583876 0.15193068114108108 0.08191358767505648
3 0.2546875 0.4328125 0.109375 0.140625
3 0.296875 0.715625 0.025 0.06875
3 0.7515625 0.4515625 0.20625 0.203125
2 0.95546875 0.9109375 0.0890625 0.128125
0 0.7655675353559637 0.7906397309789746 0.17616870181924557 0.10019270678164424
0 0.6183372785315381 0.9243341424753486 0.1639212588913402 0.07155828453190338
2 0.378125 0.715625 0.1375 0.21875
2 0.36015625 0.84296875 0.1015625 0.1890625
0 0.42418044023730905 0.5379900357747576 0.1874700748547749 0.10851462903138528
1 0.9796875 0.8015625 0.040625 0.109375