3 0.2609375 0.45078125 0.18125 0.2171875
0 0.496875 0.51015625 0.05625 0.0984375
2 0.97265625 0.38984375 0.0546875 0.2703125
2 0.934375 0.053125 0.13125 0.10625
0 0.134375 0.6203125 0.1 0.121875
0 0.3015625 0.9828125 0.096875 0.034375
0 0.19609375 0.94921875 0.1109375 0.1015625
0 0.3171875 0.8428234236568184 0.1203125 0.2051335233378591
0 0.32890625 0.96328125 0.0734375 0.0734375
0 0.38359375 0.96171875 0.1359375 0.0765625
0 0.403125 0.9076509403267178 0.1046875 0.11948306576151388
0 0.43984375 0.94453125 0.0578125 0.1109375
0 0.38046875 0.801114026841017 0.1 0.14878792848861017
0 0.4515625 0.7265625 0.034375 0.13125