0 0.4724902329258297 0.22296615052387353 0.16354460085908257 0.12041032500983524
0 0.7037302668470277 0.28350408482031775 0.1888721494796016 0.12840849530842302
3 0.3625984130472689 0.5025065490309347 0.21452724672063966 0.1426566656070108
0 0.505642406149864 0.5436446372823218 0.18138719810012063 0.13411219209011432
0 0.4391332575747735 0.4479225918576833 0.11807497060135788 0.08453852698730664
2 0.26783030415912756 0.8181319130091207 0.37790807326946274 0.25994199061684603
0 0.633145444932302 0.9417539913731506 0.16535940637700666 0.09562884629715854
0 0.926076657620202 0.7936760323583136 0.14784668475959606 0.13869043144645268
0 0.9934345759829963 0.7308425326104153 0.013130848034007414 0.10004355866619044
0 0.9386558044998414 0.445986931369578 0.12268839100031706 0.11699039406758568
3 0.9012703301668678 0.26540356688718897 0.14560682835784533 0.16430243664223268
2 0.7365029025318194 0.46326799447524375 0.30357645861557037 0.20804100100840622
0 0.17862728403273959 0.7052552185732178 0.1858290366347314 0.12975247402109957