0 0.6666789607723885 0.01610221531544042 0.06922269867214012 0.03220443063088084
1 0.8595674601832133 0.36095698133754794 0.14408738504764002 0.33900229434509227
1 0.8389752425751336 0.8520699968889367 0.14931017447164335 0.16298659849212943
0 0.9135621521178582 0.908857947642872 0.03451135538619425 0.026444922808703808
1 0.6992269413454697 0.8807109896788902 0.15380677693097128 0.1305842016024073
0 0.18139402585081682 0.815021532846204 0.0837033551898025 0.16037015494824053
1 0.053223574055418735 0.818418517860463 0.09799311416679299 0.20066296427907382
3 0.01485194134546968 0.9405860437794444 0.019140885440423562 0.06882791244111104
0 0.3249349475919856 0.7665075374643525 0.07572722872636942 0.13156164976444415
1 0.24880774306611303 0.5793191872287968 0.18620216217500316 0.33019322233759213
1 0.1642322342855143 0.41788269269541695 0.17949764422102224 0.25152141819055523
1 0.13240603824565284 0.5902846644673614 0.17206693930236622 0.31646291300675883
0 0.16151980386194267 0.22036314373217625 0.0837124455488821 0.16193265494824055
0 0.22309817417705569 0.32518805329856526 0.09621244554888213 0.1630262632423146
2 0.6331594962875668 0.4073411316676401 0.18197827048806375 0.40947061922731454
0 0.7369071858845206 0.5053501132415292 0.11203743344863373 0.1987682736099071
2 0.8903958002477055 0.5544534116391221 0.18473965612487894 0.347244021300833
0 0.8709731136758136 0.44046882408023313 0.03310339149054755 0.052870721771944316
0 0.8072737071581513 0.37413021606898306 0.07911584913967822 0.17714755183796277
2 0.7366112283335859 0.32012551272314954 0.14038969242562427 0.24029139227157384
0 0.28531130698520063 0.13605791130981534 0.06296360831306051 0.08515554147037027
3 0.22064936416679298 0.1729810043353245 0.09000789734428025 0.1702919590952776
2 0.36154409240218305 0.6101017125821303 0.16372719847574838 0.22515440782296264
0 0.37676158888614164 0.9417522537696765 0.10025453005422928 0.052498866352592446
3 0.2530422877546735 0.9041141356736577 0.14137949980360826 0.1419905933083328