0 0.9375 0.09375 0.125 0.1875
0 0.85 0.03828125 0.11875 0.0765625
1 0.6453125 0.1171875 0.153125 0.234375
0 0.4953125 0.940625 0.06875 0.11875
0 0.440625 0.95546875 0.0875 0.0890625
2 0.4122022653766896 0.5548775532115158 0.20965604025277607 0.22677895280546378
3 0.45234375 0.396875 0.1546875 0.115625
1 0.8142029358871904 0.7535758690660748 0.2723884136130959 0.29464637569213786
3 0.62109375 0.90390625 0.1828125 0.1921875
3 0.7515923139972086 0.516155014654853 0.13540631275401313 0.17686049352159508
1 0.81796875 0.97734375 0.2484375 0.0453125