0 0.03828125 0.13828125 0.0765625 0.2015625
0 0.58046875 0.57265625 0.1140625 0.0546875
1 0.25158342718076315 0.4135052326145933 0.1713305246489437 0.2299794960216353
1 0.36484375 0.0453125 0.1390625 0.090625
1 0.7421875 0.30234375 0.146875 0.3078125
0 0.9070477758921391 0.4601224098902323 0.10983974672063965 0.12932496801399934
0 0.86953125 0.55078125 0.1171875 0.0984375
0 0.9237638851189649 0.3614303712205961 0.10260710085908258 0.11050224267981754
0 0.8563838760738532 0.11987921789468665 0.08901599163225704 0.20872156667727224
3 0.45390625 0.80078125 0.2015625 0.3984375
0 0.7903195420617983 0.8437307239815464 0.10653104025277602 0.2151715613462722