3 0.296593959747224 0.1907378634778843 0.15365170171816533 0.22952432448483515
0 0.16381800203616492 0.36343184750584473 0.0844236668924562 0.15580155933798814
3 0.5027632360936484 0.5478479333893274 0.11531954206179833 0.2701959460605966
1 0.541138582091491 0.780718710359029 0.223793783355371 0.2612963879720082
0 0.8844083045018711 0.6302036891888974 0.046602762324472025 0.11714087842423862
0 0.6894985962249852 0.6076219846294384 0.06656778154634875 0.2011373701258689
1 0.7872079144060653 0.28740272778096115 0.18044657507848516 0.29536281203728054
0 0.6812002538451873 0.2759818209371283 0.09379866689245624 0.1565119543589663
0 0.6203645731579212 0.36774419106299716 0.1059644742194024 0.18077824855010755
0 0.363767092379798 0.30470435248022215 0.09272748982323469 0.1657685551888033
3 0.24938045002474393 0.8837541576690254 0.18170145861557022 0.20052390871793263