0 0.5239756694226282 0.16432255479200408 0.11882938947037935 0.18583402372599617
0 0.4486234945577044 0.11044282110362647 0.06862600362819701 0.08861151384016445
0 0.9279041566391204 0.7727545483290325 0.09344744355406327 0.1738778517868859
0 0.8256769685273527 0.8182673195835706 0.1524404976377472 0.16535969764227296
0 0.7046352930294567 0.8887310112943444 0.10467263103285873 0.09320085475263547
0 0.6454488099044978 0.7070300251345089 0.14593752649368774 0.2025413626613009
0 0.6000519751507747 0.7783121175298546 0.12631450725639404 0.176777358706968
0 0.5700693531884086 0.6539315414461312 0.11223215988879928 0.13095552273741298
0 0.6501512119887487 0.550030608632606 0.130292679126093 0.15665585969555132
0 0.4612003285936373 0.4875173156664189 0.14346729092165802 0.2211640286689121
0 0.5173089409373566 0.6233155528148377 0.08663195916315995 0.11274935079830276
0 0.48511151063013713 0.6964002257425312 0.15925598202865068 0.22648819863085592
0 0.4771873940252487 0.7669355602292115 0.13392859981466554 0.2160945266917457
0 0.5134100923038174 0.9136858848300602 0.12478672359113005 0.13302735870696836
0 0.4219393549176891 0.9415973206093348 0.1293452488188736 0.08484452669174587
0 0.4276834126295702 0.8664699866169461 0.1734276094333124 0.2301862015966055
0 0.37531238077840473 0.8693840809894582 0.06777283175849824 0.10886034684397003
0 0.34551326417351624 0.9408107534228602 0.08586806733052796 0.09087435079830257
0 0.4060911879421317 0.5911808265408339 0.12149803248413771 0.12821252471457925
0 0.3751015935697617 0.674358082472333 0.12113593393541641 0.16252385771838504
0 0.37723455636111874 0.47923658346091613 0.1179018065307547 0.15927152372599612
0 0.236674043747247 0.46077969661650864 0.10781747840045364 0.13857702174882985
0 0.8423411680718658 0.7208511501159183 0.10113096878180663 0.12582235376405215
0 0.3238416500156984 0.8465169253619702 0.09958831614940156 0.17100751977166348