1 0.06254983039401037 0.6275870492460647 0.12509966078802073 0.36454909849212935
2 0.11626797263752275 0.31233248760615717 0.18902263568479172 0.19384561922731444
3 0.8199695889888959 0.9012991896328002 0.14731317051050077 0.19740162073439968
0 0.490030778494131 0.14411547865268423 0.21681344301173802 0.21960703685222188
0 0.38172363353708516 0.12914600659791592 0.11270579715018095 0.19183476842611089
0 0.82160832711465 0.16684609844564655 0.0934644742194024 0.18081935598499982
0 0.7501040620766447 0.3481651574936559 0.11624687697836453 0.17036987153638866
0 0.44567559588630096 0.9211059672952079 0.13524253844375375 0.1577880654095843
1 0.61006564450682 0.9067693566920596 0.2293067989592032 0.1864612866158808
3 0.6401160719147257 0.7246798478799987 0.24977642921692808 0.28470435655064763
0 0.21594050825620137 0.8814228231387957 0.10374687697836445 0.16927626324231468
0 0.19233142639185297 0.47830809359115706 0.11656778154634875 0.2061706704996294