0 0.2875 0.35078125 0.296875 0.1984375
1 0.06328125 0.2609375 0.1265625 0.246875
0 0.7433094834102236 0.26384658320741217 0.19040791868236298 0.12995129958972598
0 0.38984375 0.88515625 0.1578125 0.1359375
0 0.425 0.8484375 0.0875 0.115625
0 0.34632539540895113 0.8140152944148558 0.115171561346272 0.10395563942190086
0 0.2581083274188142 0.8799227917155633 0.13564769334818116 0.11955732863402009
0 0.18659531206236082 0.7043415286433088 0.19511360001590852 0.13186899710021507
0 0.3145117740690423 0.7632098110115952 0.09771134134309048 0.07921574855010753
0 0.3734375 0.7390625 0.190625 0.146875
0 0.40703125 0.7359375 0.1234375 0.121875
0 0.44765625 0.696875 0.0421875 0.159375
0 0.2766294187221338 0.6604274305127642 0.11213746801399935 0.11153134108157463
0 0.34973965471831575 0.6378671915104264 0.14178860534690862 0.11065592531467221
0 0.17320442671863398 0.6268318352820046 0.13864542401336308 0.10885662697434599
0 0.14453125 0.49765625 0.1203125 0.0953125
0 0.446875 0.60234375 0.04375 0.0921875
0 0.9046875 0.809375 0.190625 0.140625
1 0.8734375 0.9515625 0.253125 0.096875