0 0.4211683387184021 0.2109426779449713 0.05625261284152785 0.13653967787060922
0 0.81875 0.0765625 0.103125 0.153125
0 0.24609375 0.315625 0.0828125 0.053125
2 0.01640625 0.7734375 0.0328125 0.234375
3 0.9703125 0.66796875 0.059375 0.1890625
2 0.7630337560808329 0.7421317391627662 0.2899054867009726 0.38333505931499057
1 0.7578125 0.91171875 0.209375 0.1765625
2 0.60390625 0.94375 0.1296875 0.1125
1 0.7257195132990274 0.5310377302655176 0.13957687195958357 0.2960366946765232
0 0.70546875 0.3046875 0.0515625 0.03125
1 0.94296875 0.3390625 0.1140625 0.1