0 0.42381293369868106 0.31081807553277035 0.2186798776591667 0.14255042740790563
0 0.4103478861116324 0.20279753561867855 0.18742987765916688 0.1409126843053107
0 0.09140625 0.375 0.1828125 0.165625
0 0.05390625 0.5 0.1078125 0.13125
2 0.01796875 0.37734375 0.0359375 0.2015625
1 0.1625 0.6015625 0.325 0.05625
3 0.6359375 0.08515625 0.065625 0.1234375
2 0.7984375 0.57265625 0.21875 0.1140625
0 0.70859375 0.1140625 0.0796875 0.153125
3 0.5171875 0.74609375 0.303125 0.2328125
0 0.9140625 0.740625 0.171875 0.1625