3 0.19765625 0.04140625 0.1203125 0.0828125
3 0.140625 0.0578125 0.196875 0.115625
0 0.6765625 0.06640625 0.125 0.1328125
0 0.8146495894042388 0.17652990341186198 0.06908027210332372 0.1198954886359143
3 0.3340360868969564 0.8318719683466702 0.09544419530200417 0.16720686525911965
0 0.05625 0.69296875 0.1125 0.1765625
0 0.05447661902941005 0.8055175685882562 0.1050465158351176 0.17518300649282176
0 0.4950370860390265 0.6658633644516361 0.09168269780928676 0.14527731818121908
3 0.95234375 0.6859375 0.0953125 0.29375
3 0.64765625 0.93125 0.1578125 0.1375
0 0.790625 0.940625 0.103125 0.11875
0 0.7845542271052535 0.8240146038983293 0.169910649379497 0.25752394805083545
1 0.8668726336108865 0.7858776298729117 0.2067694548689157 0.3971591923687925
2 0.79609375 0.459375 0.1296875 0.040625