1 0.08154347502950572 0.267010437584671 0.12298902179152656 0.15589587516934209
1 0.978125 0.1828125 0.04375 0.29375
2 0.01875 0.5640625 0.0375 0.265625
3 0.1796875 0.428125 0.178125 0.1375
3 0.33707829098516306 0.5899642537295863 0.1990159262506726 0.2190376843053107
3 0.28828125 0.96171875 0.2265625 0.0765625
3 0.6511461448238903 0.4797715456798429 0.25257796882531947 0.22807184757972224
1 0.5734375 0.83359375 0.128125 0.3328125
1 0.634375 0.9078125 0.175 0.184375
1 0.7500745897639962 0.7145803149017198 0.2242780062041863 0.2686216044771273
0 0.92109375 0.43515625 0.1015625 0.1515625
2 0.8766588690970915 0.7437875373120999 0.11212793144645268 0.17867827792830404