3 0.0359375 0.08828125 0.071875 0.1765625
0 0.48255454545270027 0.2941172532040288 0.10580734396167771 0.14923716531583314
0 0.578569730323838 0.2692355389249549 0.10072369629109837 0.08191296427907382
2 0.3597953968776098 0.21303193147935265 0.1843417797373265 0.1638847171537959
1 0.15377884950028625 0.47513882662564855 0.19331398801421235 0.12734162441111074
0 0.5629270409301446 0.16543659566389 0.0998030054270668 0.15337786116879606
2 0.4880752843714239 0.429410204240788 0.12866498982323477 0.16990097983046262
3 0.7875 0.53203125 0.071875 0.0359375
1 0.834375 0.340625 0.209375 0.20625
2 0.86953125 0.09375 0.2171875 0.1875
0 0.7578125 0.0984375 0.05625 0.196875
0 0.95703125 0.0109375 0.0859375 0.021875
1 0.86875 0.4796875 0.125 0.140625
0 0.3850709565794054 0.7205033874170843 0.14345118611433313 0.24429538708777762
0 0.10621229420950487 0.7158615714418521 0.10777263568479167 0.18673716531583331
1 0.940625 0.6546875 0.11875 0.209375
0 0.95234375 0.76328125 0.0953125 0.1328125
3 0.9171875 0.87734375 0.165625 0.2453125