1 0.090625 0.49609375 0.18125 0.1078125
1 0.0828125 0.41171875 0.165625 0.1609375
0 0.18809986582687221 0.17287915410743207 0.22031010487264702 0.1305337114824372
0 0.13200125771502264 0.23360574847994417 0.16392040252860857 0.10174286661563343
0 0.34375 0.15859375 0.13125 0.1078125
1 0.0765625 0.12265625 0.153125 0.1484375
2 0.2495323118493892 0.3815418882901012 0.2510780459579186 0.19724105041774181
0 0.8033243476282749 0.3573045977581911 0.2074095866740496 0.12377437551288217
0 0.90625 0.3609375 0.1875 0.153125
0 0.5755474059246946 0.23957456418354423 0.1881589389258032 0.11519787155854946
0 0.46875 0.20234375 0.11875 0.0984375
0 0.6641872062015498 0.1331070468833387 0.1269816070321154 0.08465352570316256
0 0.48203125 0.053125 0.1453125 0.10625
2 0.5515625 0.4875 0.284375 0.125
0 0.92109375 0.94296875 0.1578125 0.1140625
1 0.615625 0.78671875 0.4125 0.2921875
0 0.5401105536729413 0.7167339248676787 0.1933470866740498 0.12320137254713259