1 0.7155853532781844 0.3474514057304792 0.1815612720400889 0.30985271637033696
1 0.8179307453055469 0.14241991771351872 0.18137945870463462 0.28483983542703745
3 0.776932480625411 0.24019714406154957 0.15445333203372585 0.2608094384905499
1 0.4460182879535476 0.3054543218012538 0.19913058004454331 0.3440682197043169
1 0.3565387119669106 0.21441447574405686 0.17825445870463472 0.293972624855068
1 0.2942552459420936 0.4021374874129865 0.17251353604390704 0.33721244182452986
1 0.2709502745465055 0.8621980136257836 0.15892265603118041 0.2424420757634536
0 0.09750368387973281 0.8771368427232172 0.0764181440165447 0.1279971963664579
0 0.12714518320341509 0.9457434504493436 0.05568747334499946 0.09040160151720862
0 0.12826081265913672 0.04494622499515083 0.04149770401018134 0.07831618969849792
0 0.3272740945655956 0.7171089121085749 0.07065904002227175 0.16967451333591957
2 0.18476896857100442 0.6889355989321349 0.18504989871099795 0.3413578078856062
0 0.6524735418921412 0.7405156216417742 0.06072041868236298 0.12047173879011233
3 0.8257559532145509 0.8067630196655236 0.10725106802990787 0.22885806576151388