0 0.48788433576521334 0.12323102614540442 0.12202382213985138 0.09444086729005097
3 0.7910441183341691 0.12406525565734076 0.21374009618646844 0.12621810811666875
1 0.59453125 0.496875 0.0890625 0.15625
3 0.12109375 0.98671875 0.2421875 0.0265625
0 0.4871402913001763 0.90387197208707 0.15349207694917483 0.10087267447164336
0 0.3328125 0.97578125 0.159375 0.0484375
0 0.12159965917100912 0.5860561955488821 0.09927580290255769 0.06931360226293633
0 0.14916657614656656 0.9378504997054125 0.17060516587924907 0.054106758780598695
0 0.93359375 0.73828125 0.1328125 0.0921875
0 0.96328125 0.79375 0.0734375 0.078125
0 0.879451820789089 0.7945929417382531 0.10423612141421187 0.07715337334017516
0 0.8107960792266095 0.7019872852205907 0.12487600362819702 0.08664654800821019
0 0.71484375 0.85390625 0.1515625 0.0828125
0 0.8358456645284867 0.8349725020431034 0.09248016587924894 0.05365224082661797
0 0.8921576627143881 0.8782775953290493 0.18770338584218216 0.09638516237139498
0 0.9296875 0.89921875 0.140625 0.0734375
0 0.965625 0.9546875 0.06875 0.090625
0 0.7725247197932971 0.9252475232185382 0.09836806733052797 0.08805451190385671
0 0.8375 0.96640625 0.134375 0.0671875
0 0.684375 0.92734375 0.090625 0.0734375
0 0.9859375 0.5671875 0.028125 0.065625