0 0.17126907122674834 0.2439794174172878 0.1913340480082102 0.136319698759889
1 0.12890625 0.071875 0.2578125 0.14375
3 0.6579600292686625 0.09047590911891792 0.2742192708808472 0.15509485477852927
0 0.59453125 0.484375 0.1203125 0.03125
0 0.6140625 0.29609375 0.190625 0.0953125
1 0.890625 0.3140625 0.21875 0.225
0 0.9296875 0.20234375 0.140625 0.1171875
0 0.8459781797362005 0.16533050869935514 0.18505677693097128 0.13115860207923688
2 0.3671875 0.7328125 0.303125 0.30625
0 0.24789468285945854 0.684423128200524 0.1819590480082102 0.13560930373891084
0 0.81328125 0.58125 0.2359375 0.1625
0 0.74375 0.971875 0.165625 0.05625
1 0.88359375 0.93046875 0.2328125 0.1390625