0 0.42109375 0.19296875 0.0953125 0.1109375
2 0.10234375 0.075 0.2046875 0.15
0 0.834375 0.01640625 0.1875 0.0328125
0 0.64296875 0.0265625 0.1890625 0.053125
0 0.5859375 0.0296875 0.184375 0.059375
0 0.5390625 0.0765625 0.140625 0.121875
0 0.5306141072289884 0.12377562563025393 0.0943716262801244 0.043946377976042325
0 0.49140625 0.16171875 0.0453125 0.0640625
0 0.7630178125753648 0.05288324346683755 0.10031778939195171 0.09260239926336596
0 0.7015944651638485 0.09371605707670642 0.13405575256024882 0.08406863342392405
0 0.8708303125753648 0.06042222787949729 0.13240224729857691 0.08239687278026224
0 0.9339512098315895 0.1823243610513198 0.11503273677523325 0.0780700056999832
0 0.5680454887707846 0.16529649011264294 0.14840667889684286 0.06328623986054147
0 0.41875 0.64921875 0.1 0.1109375
2 0.37734375 0.86796875 0.1828125 0.1203125
2 0.034375 0.8484375 0.06875 0.209375
2 0.1 0.51640625 0.2 0.1796875
3 0.51640625 0.8875 0.0953125 0.1125