1 0.17734375 0.184375 0.1828125 0.2375
0 0.0953125 0.42109375 0.190625 0.1078125
1 0.3953125 0.44140625 0.253125 0.0765625
0 0.9024787487854793 0.19256290184623345 0.06808752678536116 0.05665366431700995
0 0.246875 0.52734375 0.04375 0.0953125
2 0.0578125 0.56015625 0.115625 0.1609375
3 0.14375 0.978125 0.25 0.04375
0 0.5257016091733351 0.568635875300739 0.20848643019392785 0.14375369046151915
2 0.934375 0.5703125 0.13125 0.18125
1 0.63203125 0.51171875 0.2890625 0.0640625
1 0.7263565795486 0.8288476344243014 0.31919783360249454 0.22860413237293073
0 0.8279793551161454 0.7283013375338678 0.2575512215897858 0.1833615647365729
1 0.94375 0.9125 0.1125 0.175
1 0.44921875 0.95234375 0.3609375 0.0953125
3 0.4754253250843732 0.8564444512354668 0.22199555113509054 0.20251338382282338