0 0.1703125 0.0484375 0.078125 0.096875
0 0.10234375 0.05859375 0.1078125 0.1171875
1 0.0703125 0.29921875 0.140625 0.1796875
3 0.4390625 0.28046875 0.140625 0.2171875
3 0.48526768176025364 0.17160567494204085 0.21276978949430206 0.24883804250907654
0 0.610871303348041 0.2398847841433005 0.07940501778268043 0.13111734882113632
2 0.7046875 0.24375 0.1875 0.290625
0 0.8942274588485588 0.2295971774506798 0.09277831306795079 0.1503766847906915
3 0.97265625 0.05625 0.0546875 0.1125
1 0.40703125 0.625 0.0765625 0.390625
1 0.6165841100058508 0.7532350183259697 0.23773124813797325 0.21554538144438115
1 0.671875 0.55625 0.246875 0.334375
2 0.834375 0.490625 0.15 0.203125
1 0.92109375 0.56796875 0.1578125 0.3203125
2 0.94921875 0.84140625 0.1015625 0.3171875
3 0.82734375 0.91328125 0.2171875 0.1734375