1 0.9073109676080797 0.4890625 0.18134194535249043 0.284375
1 0.8425166937021704 0.61484375 0.2192782825883121 0.359375
0 0.7574548507108121 0.8671875 0.11191925878059869 0.16875
0 0.6994014561952022 0.90859375 0.07573631908544912 0.1265625
3 0.2550520133767947 0.87734375 0.12173968637549999 0.2453125
0 0.09005372727244114 0.90390625 0.07271131303532483 0.14375
0 0.12554579967753987 0.98046875 0.05960225897699045 0.0390625
1 0.39974286554153504 0.715625 0.20820442720211788 0.3359375
1 0.1569882598607532 0.54453125 0.19532263212077386 0.2703125
3 0.2994308107958296 0.36640625 0.17296584308955412 0.1875
3 0.14592908177487263 0.296875 0.1660441982793567 0.340625
0 0.20924266891249843 0.15703125 0.11037493949875792 0.171875
1 0.6359051628623742 0.13984375 0.18443967427525151 0.2796875
0 0.7763114733636163 0.31171875 0.1101022287263694 0.125