1 0.23941779027194485 0.500192092264175 0.23449063487736144 0.35911913485700764
1 0.4849952086812154 0.11120921165923128 0.17936541736243078 0.22241842331846257
2 0.6618479962002779 0.08341930938341817 0.20494599240055572 0.16683861876683634
2 0.6154588390932646 0.7497150205836075 0.27009952013597244 0.2809302330402364
1 0.8358258904800355 0.734074818757138 0.22242573955076414 0.30978881455356594
1 0.9587639362641323 0.7169196564793852 0.08247212747173549 0.22522288273097574
1 0.30843662794350724 0.3043536916553519 0.2557837534184725 0.3359047754638911
1 0.853402329406528 0.1776814264832646 0.19898823955076422 0.30787562818904785
1 0.7474575346692709 0.030661229078036763 0.1261650693385418 0.061322458156073525
0 0.5909283517267019 0.6037806383116737 0.1349594943004167 0.17008884364130097
3 0.29665940729444457 0.11179076848182143 0.27082556553881965 0.22358153696364286
1 0.8288264355985422 0.5006086145147726 0.2156302256830557 0.28584113152302776
1 0.4904965131052091 0.8287962269520049 0.2417199469977085 0.2676969094028149