1 0.8214316785657795 0.7685668775487139 0.31813416558343127 0.16582065001967053
1 0.6776565848170153 0.5979315854782701 0.26758078652459394 0.22002754877883318
1 0.9258188906231464 0.5488721005614072 0.14836221875370725 0.15478532500983527
3 0.4732426310874323 0.021356557909885675 0.2464852621748646 0.04271311581977135
1 0.4685468173671449 0.40370561011978817 0.3469682775961402 0.20841234160558172
1 0.2755138376596843 0.36870716929018155 0.35058420129724616 0.23675586289290518
1 0.37618340827324004 0.8481982913141393 0.3008921185055306 0.1614937829393913
0 0.09440730275335296 0.9273494678169133 0.13420345048646737 0.08897465471124733
1 0.1239078421206159 0.8697501352655095 0.19946598620028233 0.16220434110137855
3 0.2039406209378673 0.525459549864114 0.36311938311602726 0.15023920868586077
1 0.029240629866321033 0.5548842419542284 0.04200804220663672 0.17148151609154336
3 0.7307859443973873 0.2359671810191241 0.43164328652459394 0.23149991636331535