0 0.07364384862350198 0.3211202663116223 0.12714539735836247 0.1894683596955513
0 0.4314627025780041 0.671015425930624 0.1993840240292714 0.22364704152049342
0 0.4038211499443207 0.4268051695048333 0.08917268268618095 0.14731535178688593
0 0.8556979918841872 0.8883965158916929 0.11400905068427178 0.13427152372599593
3 0.7873394378978683 0.7847820845610425 0.11657152402927143 0.2202726907221905
3 0.5772404686107753 0.4354347060824108 0.19206242003499838 0.26551620653952135
3 0.35868082527054834 0.4773344101132932 0.12667377737108917 0.28315469269935695
0 0.43754326396404714 0.2827978429268184 0.11907835868872621 0.16727502471457933
2 0.2174222153087284 0.190195212965312 0.18437718936981645 0.2761353715585494
0 0.5407329933163645 0.14709244767945387 0.11415450135263541 0.1467715237259962
3 0.6381801579805918 0.1690403849416033 0.16464539735836253 0.1909963676042167
0 0.6200034173297274 0.05183829748917342 0.09124316534054522 0.05681768577927471
0 0.06435647123650445 0.7162417653230392 0.06348179201145403 0.08692167984777566