2 0.60703125 0.42734375 0.2046875 0.3046875
0 0.3915215855124446 0.3095695134439633 0.10030770060802237 0.16530397642635145
3 0.2517905820524035 0.29964020347638465 0.18949753460041094 0.17257712903138528
3 0.0140625 0.128125 0.028125 0.121875
3 0.171875 0.0609375 0.14375 0.121875
0 0.22421875 0.075 0.1296875 0.15
0 0.5912350840295698 0.29322311373441357 0.07180601581733086 0.07820208271265772
0 0.37265625 0.97109375 0.0921875 0.0578125
2 0.35625 0.7859375 0.303125 0.371875
0 0.17233784539827632 0.7227867208447802 0.10949169961943914 0.16105312406898661
1 0.0625 0.89921875 0.125 0.2015625
0 0.39453125 0.64296875 0.1484375 0.0859375
3 0.7375 0.84140625 0.05625 0.2109375
3 0.83125 0.96015625 0.0875 0.0796875
3 0.9546875 0.66015625 0.090625 0.1203125