1 0.56328125 0.25 0.3578125 0.5
0 0.07342370142118781 0.23815722948277793 0.10861114126984162 0.13670252583555564
0 0.13968095466039032 0.303075021085903 0.0935473457733484 0.12075021751493065
3 0.3435476318660012 0.3328573593261462 0.20618465299003397 0.27158797853284733
3 0.82109375 0.09453125 0.1234375 0.1890625
3 0.8921875 0.1671875 0.215625 0.334375
2 0.22281961752491516 0.7790972329012504 0.2617337461424887 0.2619597118153475
3 0.5447329927556279 0.7005241701153132 0.2721682032668891 0.3760949469977085
1 0.3579234076227376 0.6609674415824658 0.23571146668512438 0.29411759517409736
1 0.353125 0.890625 0.20625 0.21875
0 0.77265625 0.91484375 0.0265625 0.1171875