0 0.41484375 0.0859375 0.0515625 0.140625
2 0.7015625 0.0765625 0.271875 0.153125
3 0.86484375 0.33984375 0.2703125 0.2359375
2 0.86015625 0.41328125 0.2515625 0.0921875
2 0.67421875 0.390625 0.1546875 0.1375
2 0.0875 0.66640625 0.175 0.2421875
0 0.2495694546069574 0.5564929482085199 0.10405224801081765 0.08870976842611089
0 0.296875 0.60390625 0.184375 0.1671875
0 0.35546875 0.8421875 0.0671875 0.096875
1 0.93125 0.9390625 0.1375 0.121875
1 0.9390625 0.8421875 0.121875 0.15625
0 0.8587171879376392 0.6350450495753714 0.2091033746817267 0.1291187378889811
0 0.912759250596776 0.6857292632887975 0.152580654678545 0.1007600005656478
0 0.7048018472708665 0.649291351696158 0.12458292401336309 0.10923688190398124
1 0.521875 0.51484375 0.265625 0.1109375
1 0.94921875 0.56484375 0.1015625 0.1453125
2 0.7937536172422315 0.8522318410457416 0.2317419906906352 0.19665755240361057