1 0.2859375 0.0546875 0.246875 0.109375
1 0.5109375 0.37890625 0.203125 0.2203125
0 0.2703125 0.93515625 0.103125 0.1296875
0 0.34296875 0.98671875 0.0609375 0.0265625
0 0.22578125 0.51796875 0.1015625 0.0578125
0 0.15073980752545452 0.5794075577519442 0.11747446828879457 0.141608231382639
0 0.32812833113239065 0.6566389389264925 0.12414867349399668 0.202618466565
0 0.275 0.53125 0.075 0.084375
0 0.3046875 0.52421875 0.140625 0.0703125
0 0.3671875 0.5640625 0.084375 0.1125
0 0.3828125 0.52578125 0.053125 0.0734375
0 0.3828125 0.671875 0.053125 0.14375
0 0.57890625 0.98203125 0.0921875 0.0359375
0 0.6432990338479312 0.7753038988419789 0.11985601564384121 0.15570709897381949