0 0.075 0.29609375 0.15 0.1234375
0 0.04921875 0.3625 0.0984375 0.10625
0 0.13970807779100736 0.34140625 0.12260365824437507 0.0984375
0 0.19421178020395863 0.2328125 0.1447695989738195 0.1109375
0 0.29609375 0.365625 0.1265625 0.10625
0 0.1920706647969796 0.37578125 0.10479790919430557 0.071875
0 0.13984375 0.39140625 0.2140625 0.0546875
1 0.475 0.20078125 0.23125 0.1890625
1 0.7097718835461813 0.2578125 0.3324527433504862 0.1859375
3 0.97421875 0.1 0.0515625 0.175
3 0.03359375 0.80078125 0.0671875 0.2015625
1 0.46640625 0.853125 0.2140625 0.165625