0 0.8465605543814982 0.4364920256690559 0.18151117328319835 0.11550324852966191
0 0.9062309609154735 0.5069815880843848 0.08565070967712848 0.0652775192218769
0 0.20681723428423432 0.05667438489385187 0.17718754631872757 0.11334876978770374
0 0.16183868217453845 0.16224661521971945 0.1976113622821623 0.15999023292582973
0 0.10476039040392485 0.2819283514249095 0.12689644789030416 0.11419969810012062
0 0.30625442390237084 0.33715368272343105 0.19524834160399784 0.14272084577069996
0 0.241813088294229 0.3828213868164455 0.17413532092583345 0.12446881275401314
0 0.3659612177398991 0.40842449513876 0.12831339867609248 0.11115658525525038
0 0.458525399295265 0.32760718509828024 0.15240587014004525 0.12644739258219673
0 0.5381701656302033 0.5074750695398765 0.21378001778268044 0.13901599163225703
0 0.40039402977439237 0.45830830845860004 0.10825345574818694 0.08204893939369348
0 0.33224549730940367 0.49163978686187393 0.2191952638537389 0.15488665309764613
0 0.2653490957378271 0.5014109345324533 0.20865587014004516 0.1293953301668676
0 0.10102973056018065 0.4708646986659476 0.16029114474715103 0.12841932835784534
0 0.08233969664744988 0.557208312415329 0.11854029238978618 0.1355833751693421
0 0.17303747125455574 0.5540213574178032 0.22297523531769162 0.16911292740790565
0 0.1761838959854961 0.6047616638402384 0.10589043507002258 0.06477955223856355
0 0.1032387016098486 0.6359950537089016 0.10058650496239871 0.08476450361804452
0 0.4437331149682494 0.5648958231579211 0.1239897717116218 0.11872342378986112
0 0.36542833250326073 0.5987595680695386 0.15665672249741008 0.11731805404758582
0 0.5553084698068137 0.5895915287212736 0.1550214478903042 0.11567366689245624
0 0.5867126352321291 0.7257813342391976 0.1343450748547749 0.1067966338757694
0 0.2731207845319033 0.14701668362794218 0.12148120181924557 0.0983290366347314
0 0.20273143341288352 0.6534924129357274 0.16508565260503386 0.09749687697836436