3 0.0796875 0.30078125 0.159375 0.2578125
0 0.07704277758961986 0.11452929174043894 0.14444712008095947 0.200013952503779
0 0.39609375 0.95625 0.1078125 0.0875
0 0.31484375 0.496875 0.1328125 0.134375
0 0.2515625 0.46875 0.1125 0.078125
0 0.2687411974227521 0.5472500574548673 0.10301653663473136 0.12282982622365468
0 0.37294734057077567 0.6073901678793889 0.11666295680654795 0.1454328683170294
0 0.23284688376422774 0.7387172206372818 0.12783283016686778 0.20995039462538861
0 0.23408955845860008 0.5953844495905944 0.07884205223856355 0.1074022472985769
0 0.1812002538451872 0.5429350128012438 0.1436216044771273 0.21398544724210716
0 0.15078125 0.50703125 0.1171875 0.1546875
0 0.075 0.4765625 0.15 0.09375
0 0.02890625 0.4578125 0.0578125 0.05625
0 0.14948550712454756 0.6696039286144942 0.11214587516934209 0.11868835779368574
0 0.09396252544191323 0.6075974813017998 0.10925989258219673 0.15279034200867017
0 0.1624624626879001 0.7808522417545565 0.10597111827193721 0.14948333148532633
0 0.04765625 0.853125 0.0953125 0.128125
0 0.01796875 0.4921875 0.0359375 0.125
2 0.759004349277203 0.7692678125753648 0.31947585481581164 0.44854099971765127