0 0.3281563730530312 0.10161157057609511 0.11643865690134447 0.19035337468172653
0 0.109375 0.12265625 0.21875 0.2453125
0 0.07265625 0.29140625 0.1453125 0.2765625
0 0.40546875 0.3984375 0.1109375 0.0625
1 0.475 0.31484375 0.128125 0.2296875
1 0.471875 0.14453125 0.134375 0.2890625
0 0.5703125 0.1390625 0.0625 0.278125
3 0.63984375 0.05859375 0.1671875 0.1171875
1 0.75234375 0.071875 0.2828125 0.14375
0 0.8796875 0.13203125 0.18125 0.2640625
0 0.93125 0.27421875 0.1375 0.3109375
1 0.86484375 0.39609375 0.2515625 0.0671875
1 0.70546875 0.35703125 0.1921875 0.1453125
1 0.66171875 0.85 0.2234375 0.3
3 0.6078125 0.90703125 0.1375 0.1859375
1 0.8984375 0.90234375 0.203125 0.1953125
0 0.796875 0.48984375 0.075 0.1203125
3 0.63984375 0.45859375 0.1359375 0.0578125