0 0.36875 0.04765625 0.125 0.0953125
1 0.278125 0.025 0.21875 0.05
2 0.36696663152451625 0.24615998691779292 0.25019386722608383 0.25134537314378347
2 0.04609375 0.34765625 0.0921875 0.2515625
0 0.54921875 0.059375 0.0796875 0.11875
2 0.8484375 0.0546875 0.25 0.109375
2 0.7359375 0.403125 0.1625 0.171875
0 0.3896624607832363 0.6843548785065365 0.12566561867597628 0.15378859621281205
0 0.3249147217808984 0.6105083123479538 0.1140177236549981 0.14434996369925476
2 0.3859375 0.89296875 0.25 0.2140625
0 0.559375 0.70859375 0.059375 0.1515625
1 0.7818882788205795 0.8130924359827165 0.2418378381817897 0.3059601502711464
3 0.71484375 0.95625 0.1921875 0.0875
0 0.8685576393986789 0.9277094478865733 0.0969719336130419 0.12550906010845858
0 0.84296875 0.5125 0.1609375 0.046875