1 0.3818093987726554 0.22744970089679972 0.2974163603112004 0.22206946347211076
0 0.4228656070979067 0.44127069318616197 0.14633260818516866 0.09148984496658023
1 0.04296875 0.046875 0.0859375 0.09375
0 0.6587394631570433 0.36996843750411906 0.1439409318225902 0.11953302434972919
0 0.6421875 0.09453125 0.165625 0.0953125
0 0.6046875 0.01328125 0.090625 0.0265625
0 0.90390625 0.58671875 0.1421875 0.0453125
1 0.865625 0.371875 0.26875 0.215625
1 0.7359375 0.05703125 0.26875 0.1140625
0 0.33453591498351276 0.8061241258157217 0.20251870636839725 0.12991714529089188
1 0.8515625 0.85078125 0.296875 0.2015625