3 0.2585532657345871 0.2627530704953888 0.2779409346068665 0.20146332939624542
2 0.740625 0.33828125 0.23125 0.1015625
0 0.7718495118770758 0.21059528193598345 0.1415843275747511 0.11719247840045358
2 0.20129267582133484 0.7986905373782791 0.3101922301033596 0.21817960344286255
0 0.12239212754706452 0.5759127470895932 0.1473732526208936 0.13454366950744615
1 0.37734375 0.97265625 0.3640625 0.0546875
0 0.5015625 0.43984375 0.115625 0.1015625
1 0.10546875 0.70859375 0.2109375 0.2328125
3 0.2146263857235125 0.9205208973597456 0.2846729935215951 0.1362202753125615
1 0.85625 0.403125 0.159375 0.028125
3 0.60546875 0.64140625 0.0921875 0.1734375
0 0.85234375 0.9421875 0.2046875 0.115625
0 0.92265625 0.88671875 0.1546875 0.1140625