1 0.1453125 0.1953125 0.278125 0.128125
3 0.3671875 0.16171875 0.2125 0.1953125
1 0.10546875 0.68671875 0.2109375 0.2484375
1 0.05234375 0.36484375 0.1046875 0.1921875
1 0.0890625 0.92265625 0.178125 0.1546875
0 0.43984375 0.64375 0.1390625 0.109375
0 0.48671875 0.84375 0.0453125 0.1125
2 0.28720545311666135 0.7353446620160975 0.354637056349241 0.28119423916276604
1 0.0921875 0.54921875 0.184375 0.1953125
3 0.44765625 0.4046875 0.1234375 0.196875
0 0.025 0.8578125 0.05 0.1
3 0.7875 0.36796875 0.259375 0.2171875
0 0.730853340949652 0.4963180182144266 0.14900518577927463 0.0965460306460784
0 0.8725022604544854 0.8998184085188752 0.12193334980971962 0.08296369171077381