3 0.49453125 0.103125 0.1890625 0.20625
3 0.5234375 0.0515625 0.13125 0.103125
0 0.48203125 0.1765625 0.1421875 0.225
0 0.084375 0.228125 0.165625 0.121875
0 0.62265625 0.09375 0.0671875 0.153125
0 0.46300773320941435 0.8700794451997078 0.12066267061270253 0.18151117328319835
0 0.43011522700049654 0.9533799427185083 0.06938747091226496 0.08728598428423454
0 0.2796875 0.3578125 0.15 0.1375
0 0.20546875 0.33125 0.1296875 0.084375
0 0.24736830501066817 0.4117467526860872 0.11489116061076281 0.12987589867609248
0 0.36388599637615604 0.46620527439770887 0.13073930121764638 0.15240587014004509
0 0.24728791198788871 0.6109826193114756 0.14677863152302778 0.21541529238978613
0 0.22051863364905966 0.46419751054397 0.08679811151914833 0.10988873035529281
0 0.157970965162389 0.4130309627775003 0.16447631455356593 0.2224658130679506
0 0.11484375 0.3734375 0.1359375 0.16875
0 0.05546875 0.34453125 0.1109375 0.1109375
0 0.14928110456132454 0.5449337801886771 0.12219347758022465 0.1239897717116218
0 0.08134443440766397 0.4849551586008899 0.12343698424818453 0.15829199710451594
0 0.1841818762321938 0.6578533112059237 0.12005689273291545 0.1550214478903042
0 0.08116818865972779 0.7402227014049608 0.11058629788366643 0.1343450748547749
1 0.69296875 0.93046875 0.1921875 0.1390625
1 0.92890625 0.484375 0.1421875 0.36875
0 0.9103135547208041 0.6846877547530017 0.15398535364324067 0.1892894400324213