0 0.03671875 0.29375 0.0734375 0.13125
0 0.3984375 0.015625 0.109375 0.03125
2 0.1490785466667189 0.2826992535031577 0.22117198590206028 0.4186855824314133
0 0.9625 0.60859375 0.075 0.0609375
0 0.95 0.440625 0.1 0.21875
0 0.95 0.5859375 0.08125 0.10625
0 0.8890625 0.58125 0.153125 0.115625
0 0.84921875 0.61171875 0.1265625 0.0546875
0 0.8732031308998163 0.5017365538027201 0.11825493776222676 0.1261157030344176
0 0.8076480632634585 0.5576997692549732 0.11617221950581333 0.16010806576151387
0 0.9013775203217171 0.3892683757731518 0.1144913203356503 0.15841802000387945
0 0.7927497267552759 0.29786251258701346 0.105139631123531 0.13746779121570665
0 0.69140625 0.61640625 0.0828125 0.0453125
0 0.38515625 0.909375 0.1015625 0.18125
3 0.30859375 0.6609375 0.1796875 0.04375
0 0.0140625 0.940625 0.028125 0.11875
2 0.9046875 0.76484375 0.190625 0.2515625