0 0.36675653922045226 0.1916665952816842 0.09795617080279087 0.17287497334499946
0 0.422219571403539 0.11295979260822997 0.057134792826748534 0.08028748400699967
0 0.1357547415268998 0.9164227893061831 0.10511310694082043 0.1635908800127268
0 0.25512210056140716 0.9173756672899565 0.14072282500983524 0.15932155068427178
0 0.3845692999409886 0.9416296852721391 0.10274222376899793 0.107359061346272
0 0.3919058245825068 0.7362427512730936 0.1236117346647612 0.18254087468172653
0 0.4518546249508238 0.7831626572645032 0.10812884629715871 0.16206474267981755
0 0.44815010676559347 0.6575268579328667 0.10016352698730664 0.11513519867918127
0 0.34799692347755545 0.5939012572804115 0.11273993664223267 0.13869996801399936
0 0.5054484265796486 0.4632677805935943 0.11878212303236388 0.20278064934754486
0 0.4898184367191073 0.6086439152610034 0.07250842055068922 0.09920111600890866
0 0.5367209338691157 0.6635217719207763 0.13451638367602553 0.20452496268299925
0 0.562147268766308 0.724113826583413 0.10751684110137863 0.1979658800127268
0 0.5684797602163332 0.8903109912476402 0.11328623986054129 0.14651246801399936
0 0.6644806750670393 0.9016837485678227 0.1273487398605413 0.14667610001590817
0 0.6328478988360373 0.7958882819064589 0.14868814431968716 0.20625109468490824
0 0.6817606462381474 0.7773650012333227 0.053867681194351036 0.10054544000636341
0 0.7291166114571705 0.8369212672263231 0.07508711733238052 0.09142497867599957
0 0.583180306649378 0.5349604199156858 0.10764824505632156 0.11053860534690862
0 0.633333489937416 0.5991678232415951 0.10234873986054147 0.14638519867918126
0 0.5817267033148538 0.4217882579169584 0.10213021857321784 0.14326019867918127
0 0.7070105626014627 0.34929454523395914 0.09300659084927716 0.12441929201145392
0 0.2138575982156187 0.8265239479630926 0.08733574505632147 0.11030224801081764
0 0.7228280426515215 0.7370758085614593 0.07978532500983526 0.15861247867599956