2 0.21888198126195774 0.4504885029268662 0.35194540268936264 0.19166188418022861
1 0.37265625 0.19140625 0.1734375 0.2328125
2 0.91796875 0.13828125 0.1640625 0.1703125
2 0.7637063219685014 0.15111085182191492 0.2315419960216353 0.17543631461827505
2 0.96953125 0.04921875 0.0609375 0.0984375
2 0.5515625 0.1203125 0.184375 0.190625
0 0.9393121125875492 0.4893271278008154 0.11802384134309048 0.08006954827463027
1 0.87734375 0.2921875 0.2453125 0.16875
3 0.54375 0.41796875 0.16875 0.2390625
3 0.58515625 0.575 0.2515625 0.1875
3 0.5821161359007319 0.6626214242338602 0.17612724267981764 0.1091121920901145
3 0.89609375 0.7859375 0.2078125 0.034375
0 0.89375 0.95234375 0.165625 0.0953125