1 0.13653538017586628 0.42546347008121044 0.16632495764913058 0.130926232262828
0 0.30085941706578667 0.9069371082687331 0.10545109016268786 0.1379586798265045
2 0.19855657368164498 0.9064643437707636 0.1712488069852006 0.1718516209117759
2 0.34364181470465455 0.9362147956533768 0.17079428903121965 0.09372662091177589
3 0.3133927959651067 0.4976925161960125 0.13758285499341075 0.2915237708194909
3 0.37976722970832805 0.4989057603359163 0.18318624648395856 0.3444275277593212
1 0.525383214975801 0.7058998326688801 0.2501283067888089 0.3065455983942421
0 0.7040662302975033 0.8670411844592081 0.14764768052176755 0.14222467766703623
1 0.8169707512765463 0.790300606884457 0.16849651170746477 0.23571386181247753
1 0.8449104406771084 0.5518796545404185 0.14891124043383436 0.35941217766703626
2 0.7565382870863122 0.5731619740956052 0.21150214402463058 0.37904235965300903
3 0.05511370511504778 0.5237390862126244 0.11022741023009557 0.28064682757475107
0 0.24692395521324367 0.24423565160575794 0.1830408007386847 0.31942752775932126
0 0.30634492788948886 0.09829329349390839 0.10107266237139481 0.19078329117755655
0 0.3751494700439666 0.08451259330933827 0.09767495159900638 0.1437080320782579
1 0.11889037968488696 0.10249633945182693 0.1537885962128121 0.12387519586563345
2 0.05446933138208917 0.18868296576227378 0.10893866276417834 0.24138406847545246