3 0.7046453972465534 0.5093893706284034 0.24779191585911226 0.2865596683123613
2 0.33551833883246474 0.4726270677230211 0.24867670868586078 0.36613806553881967
0 0.1927345311746806 0.22046188962701407 0.10514595792955617 0.14284342306201395
0 0.08588396161272698 0.338483231382639 0.1290640591703934 0.19487870174736113
0 0.14472445800643075 0.6160828609416669 0.13854831981405513 0.1966594072944446
0 0.4762972500768746 0.7646541796146186 0.1407992346647612 0.18423214247680572
0 0.424532654283919 0.7775347329012504 0.12256268689433422 0.21344686379145833
2 0.309956702054346 0.8046037663362503 0.23724789976756896 0.24731533035645867
0 0.53596754499731 0.8513378684442019 0.15195525595208464 0.18761171561506948
0 0.4089465870677539 0.9831982789696877 0.08587179802252862 0.03360344206062464
2 0.5579357441247899 0.9427194025447918 0.2244751121366006 0.11456119491041647
3 0.1624482815036567 0.8962587105810765 0.16787518689433423 0.207482578837847