0 0.4057849481221762 0.8654146376999081 0.17447383601209038 0.10423631508027746
0 0.21115315344522215 0.8065843162580559 0.14951019867918125 0.10517409849212918
0 0.8599168227641318 0.6434666849662053 0.1871556493475449 0.12095492337435161
3 0.9377396413908154 0.8324519810547241 0.12452071721836902 0.1461312891612959
0 0.8851997281189945 0.8000099194148165 0.13713746801399934 0.11501799019805539
3 0.7815111067790858 0.7605946878409273 0.32183973201781735 0.1592737125356475
0 0.7117247707669954 0.6775470334583347 0.14867495202099903 0.16753739745537005
0 0.5453885093889065 0.36207644128129735 0.21513519867918127 0.11091554203601817
3 0.23187035471036163 0.3019166486331486 0.3027442866804539 0.12794580009453646
3 0.22292152136377133 0.20494390381694486 0.27207608935390815 0.1752117793593513
1 0.023740776058224593 0.427265837558889 0.03980902936027149 0.20171832488222213
1 0.30969864676158654 0.6728354499054635 0.34389654535327185 0.17681252705027717