1 0.2921875 0.08671875 0.2 0.1734375
1 0.3219991397420319 0.2980429840865414 0.20338057181592362 0.31484539202736245
1 0.13515625 0.4234375 0.1953125 0.13125
0 0.1109375 0.10078125 0.109375 0.2015625
0 0.434375 0.33203125 0.03125 0.1515625
3 0.08203125 0.35859375 0.1640625 0.2609375
3 0.50703125 0.096875 0.1046875 0.19375
1 0.81171875 0.41796875 0.1234375 0.1421875
0 0.46640625 0.07109375 0.0328125 0.1421875
3 0.6859375 0.9265625 0.225 0.146875
1 0.49140625 0.8953125 0.0828125 0.209375
2 0.80546875 0.6140625 0.1578125 0.25
1 0.89921875 0.609375 0.1671875 0.240625