1 0.4052799097318006 0.2569321456304651 0.3018024366422328 0.1477034123358699
0 0.503125 0.053125 0.1125 0.09375
3 0.15609364674235032 0.15816723029937024 0.19656863342392406 0.1362351442797028
1 0.9421875 0.290625 0.115625 0.21875
1 0.8199965176810272 0.26491822730414527 0.18945525595208465 0.1905406983633867
1 0.5078125 0.86875 0.103125 0.2
0 0.125 0.96171875 0.134375 0.0765625
0 0.0484375 0.6109375 0.096875 0.06875
1 0.04609375 0.7109375 0.0921875 0.18125
0 0.11484375 0.84609375 0.2296875 0.1890625
3 0.3828682222563887 0.8009673439090339 0.3219399740210996 0.1904911130615094
2 0.17466759218665934 0.720863148540872 0.2821783514929388 0.1345486479078998
0 0.47350356595565735 0.6247892790255766 0.13038662252816077 0.05910715988879933
0 0.47798361632397446 0.6727183475372309 0.16094820767745474 0.07264387023308556