1 0.02265625 0.16640625 0.0453125 0.2109375
0 0.6875 0.04375 0.20625 0.0875
3 0.078125 0.77578125 0.15625 0.2109375
0 0.0515625 0.88125 0.103125 0.15
0 0.15913248688630652 0.842882011774418 0.1761595866740496 0.11857054220663663
0 0.21875 0.89375 0.08125 0.16875
0 0.4274166216777431 0.8872003965120031 0.18094721622369905 0.12021486282348767
0 0.3421875 0.9875 0.165625 0.025
3 0.5703125 0.75625 0.340625 0.234375
2 0.49921875 0.6859375 0.4796875 0.09375
0 0.9265625 0.6953125 0.146875 0.1125
1 0.37265625 0.81484375 0.2265625 0.2328125
1 0.3234375 0.73359375 0.128125 0.1890625