3 0.74140625 0.365625 0.2640625 0.16875
3 0.8953125 0.42890625 0.209375 0.0421875
3 0.9046875 0.1984375 0.190625 0.15
1 0.95625 0.33203125 0.0875 0.2015625
3 0.3671875 0.5265625 0.165625 0.153125
1 0.73828125 0.92734375 0.3921875 0.1453125
1 0.5140625 0.90078125 0.128125 0.1984375
0 0.6738491838505984 0.5490141557758331 0.1349057680561673 0.10774237765916675
0 0.65390625 0.48203125 0.1484375 0.0640625
3 0.8625 0.53203125 0.275 0.1640625
0 0.7978447006408215 0.6866388295034371 0.13210815027015244 0.11704464247680572
1 0.88828125 0.96796875 0.2234375 0.0640625