0 0.46895644776020784 0.3067926496907393 0.1012754785328474 0.19697033697334126
3 0.66953125 0.1171875 0.1765625 0.234375
0 0.98125 0.22421875 0.0375 0.0953125
0 0.975 0.15234375 0.05 0.0828125
0 0.93359375 0.39921875 0.0859375 0.1203125
0 0.9703125 0.42578125 0.059375 0.0671875
1 0.83515625 0.37734375 0.1984375 0.1640625
0 0.16484375 0.5234375 0.1015625 0.128125
0 0.08515625 0.4984375 0.0921875 0.078125
2 0.22299325038124965 0.7182738308851097 0.20992443313000014 0.24170849425012414
0 0.33046875 0.50390625 0.0390625 0.0890625
0 0.603125 0.95 0.11875 0.1
1 0.9296875 0.88984375 0.140625 0.1796875