3 0.16953125 0.0796875 0.3046875 0.159375
0 0.3427718882053118 0.21394083276885958 0.16337412860909736 0.11312187697836436
2 0.11796875 0.27578125 0.2015625 0.1265625
1 0.034375 0.2328125 0.06875 0.175
3 0.321875 0.4 0.35625 0.121875
0 0.36899738782406216 0.5774024672104558 0.1370662017473613 0.12266729534115868
3 0.146875 0.915625 0.29375 0.16875
2 0.62421875 0.69765625 0.2484375 0.2421875
3 0.7713593216196525 0.6296167424252265 0.18692203780340294 0.18614329715018094
0 0.54453125 0.93125 0.0890625 0.1375
3 0.771875 0.86328125 0.4375 0.2734375
2 0.94921875 0.83671875 0.1015625 0.2578125
0 0.95 0.434375 0.1 0.11875
1 0.89921875 0.384375 0.2015625 0.090625
0 0.8125 0.35703125 0.10625 0.0359375