3 0.4671875 0.48828125 0.271875 0.1421875
1 0.51015625 0.27890625 0.1984375 0.1421875
1 0.3464003605525557 0.28327156126732583 0.18211358411256368 0.15265614057694457
1 0.31875 0.06015625 0.365625 0.1203125
0 0.0484375 0.25 0.096875 0.140625
0 0.1515625 0.4140625 0.303125 0.23125
1 0.796875 0.5046875 0.375 0.109375
3 0.5203125 0.86015625 0.178125 0.1234375
0 0.584375 0.8015625 0.05 0.121875
3 0.4234708788993201 0.7576546186380202 0.30536018657189173 0.12271668028020857
0 0.15625 0.57421875 0.128125 0.0296875
3 0.034375 0.6953125 0.06875 0.25625