3 0.8998301981365643 0.16481921427959448 0.18091039627312852 0.3013830422066367
2 0.7842370316346615 0.16358222239726933 0.16534906326932308 0.3026728068171333
1 0.8414897520143473 0.4190879285657795 0.16152904349765967 0.20892280681713338
3 0.46576821593106155 0.2415576233734993 0.10214872631118474 0.28439436525911965
0 0.39628870406806344 0.18413486119863465 0.108565869581383 0.17364778003177211
3 0.40383058452386145 0.40754508765968434 0.10227606030357354 0.28751936525911964
0 0.21873929600629866 0.6166631688298422 0.11796472729976806 0.28935460064862306
0 0.25007947931411545 0.6960603425309483 0.10939885771838495 0.1174523271096728
1 0.726484175930624 0.4514310499139792 0.1452275642579064 0.3070057508107789
3 0.4441862594659023 0.8423155539744643 0.23669086958138302 0.1758842102256999
0 0.9269444323564147 0.4853771761301475 0.0869163626613009 0.14048072402541772