2 0.17578125 0.38203125 0.3515625 0.2734375
0 0.45859375 0.42734375 0.2015625 0.1546875
3 0.0828125 0.07109375 0.165625 0.1421875
0 0.47734375 0.72109375 0.1640625 0.1671875
3 0.19923518956252345 0.7858953822988031 0.280848149379497 0.2642361479078996
0 0.82734375 0.56796875 0.1953125 0.0984375
0 0.8937019065721399 0.5959227237607662 0.17358591567683312 0.11844744355406327
0 0.7655398026529318 0.6196007820208015 0.1263926669304743 0.10587303248413775
0 0.67109375 0.5578125 0.1515625 0.078125
0 0.62734375 0.7171875 0.1359375 0.134375
0 0.7288832371343833 0.6699355987183572 0.10847774122451134 0.08027283175849824
0 0.7982182588419956 0.7059847153232457 0.22132473370266403 0.14977185462398895
0 0.8667182062555708 0.7169792682258034 0.20961434389007855 0.12282740870767306
0 0.97734375 0.6875 0.0453125 0.125
0 0.9234375 0.77109375 0.153125 0.1640625
0 0.95078125 0.82265625 0.0984375 0.0609375
0 0.98984375 0.85625 0.0203125 0.08125
0 0.6827092676174843 0.7785913469042587 0.12358591567683312 0.11670140507947586
0 0.7630272534317193 0.8134599094254632 0.15786998746358769 0.1147768065307547
0 0.60234375 0.80078125 0.0859375 0.1109375
0 0.5796875 0.9390625 0.040625 0.103125
0 0.921875 0.87265625 0.15625 0.0921875