0 0.33125 0.33125 0.078125 0.15625
0 0.27265625 0.38984375 0.0484375 0.0390625
0 0.2109375 0.075 0.09375 0.15
0 0.14140625 0.0125 0.0953125 0.025
0 0.13559005973491994 0.08828125 0.08360036167271775 0.134375
0 0.02421875 0.146875 0.0484375 0.115625
0 0.3934675908381089 0.8171875 0.07856003460041112 0.1640625
0 0.3342889090131669 0.8890625 0.0483048488211363 0.0734375
0 0.43359375 0.446875 0.0953125 0.075
0 0.27289640015309935 0.5359375 0.09376854053191011 0.1921875
0 0.296875 0.425 0.0625 0.03125
0 0.20234375 0.4578125 0.0953125 0.096875
0 0.15625 0.4328125 0.084375 0.046875
0 0.19652755973491995 0.56953125 0.08360036167271775 0.134375
0 0.07070254737763029 0.628125 0.07814885771838495 0.115625