3 0.04765625 0.39609375 0.0953125 0.1265625
1 0.41953125 0.06953125 0.1796875 0.1390625
2 0.103125 0.1296875 0.20625 0.259375
0 0.55234375 0.2421875 0.0859375 0.140625
3 0.76640625 0.35078125 0.3515625 0.2171875
0 0.60546875 0.05625 0.1921875 0.1125
2 0.1828125 0.89765625 0.365625 0.2046875
1 0.1359375 0.96484375 0.271875 0.0703125
0 0.11188776220110903 0.6020562484588405 0.18768839867609244 0.11640265730897055
0 0.16850594334219018 0.5236518437707636 0.16842897642635143 0.10426360271317874
1 0.57265625 0.76328125 0.1265625 0.2453125
1 0.8171875 0.9 0.359375 0.2