0 0.14296875 0.05546875 0.2015625 0.1109375
3 0.11328125 0.0953125 0.2265625 0.159375
3 0.05546875 0.54453125 0.1109375 0.1890625
1 0.6609375 0.178125 0.115625 0.159375
0 0.4265625 0.621875 0.165625 0.075
0 0.06015625 0.16328125 0.1203125 0.1265625
3 0.20682614785457148 0.5049635040579064 0.3094698212215256 0.25336354670590727
2 0.859375 0.571875 0.28125 0.175
1 0.8375 0.6390625 0.2375 0.040625
0 0.82265625 0.27109375 0.2078125 0.1765625
1 0.84765625 0.14375 0.2578125 0.271875
0 0.8734078699747844 0.3888646947008166 0.15334788273097572 0.1001283640197265
0 0.09765625 0.89140625 0.1953125 0.1171875
0 0.4743312228691189 0.7243696740929048 0.1694830657615139 0.10656017735518084