1 0.1078125 0.0296875 0.215625 0.059375
1 0.22890625 0.034375 0.2109375 0.06875
1 0.2953125 0.25625 0.128125 0.290625
0 0.409375 0.07578125 0.1 0.1453125
2 0.9421875 0.42578125 0.115625 0.2078125
3 0.52890625 0.42265625 0.2265625 0.2140625
3 0.703125 0.47109375 0.190625 0.1171875
3 0.48359375 0.95625 0.1703125 0.0875
1 0.540625 0.66796875 0.253125 0.2765625
0 0.60546875 0.56875 0.1140625 0.078125
3 0.5279123321450889 0.8013226356509231 0.2086094365265156 0.25157542431665564
3 0.7354543960142848 0.7016907009951853 0.13224551332783516 0.2012072431755744
0 0.806157004090128 0.8462540301931863 0.1350068004748536 0.1888527923897861
1 0.903125 0.840625 0.19375 0.31875