0 0.46953125 0.60625 0.1234375 0.0875
0 0.3189968595896067 0.4840428099140949 0.10573289129415606 0.18090564934754488
0 0.26319631148320066 0.541719497254958 0.08998062626704133 0.15884883601209054
0 0.25612467574818953 0.41446665392268545 0.08816359621281204 0.115080654678545
0 0.3511286244203296 0.332116683243186 0.09765677088084708 0.13550224267981753
0 0.18222006401728344 0.2270581079328667 0.09648515632127079 0.20267156134627218
0 0.21105761544333923 0.3728064125955033 0.061519282981095456 0.1007090720082724
0 0.16772070590061466 0.43658764926800303 0.1136726563212708 0.2028715560152719
0 0.14858891081927075 0.5024308252705484 0.08552038524403187 0.1978567920114541
0 0.153125 0.62421875 0.096875 0.0515625
0 0.05859375 0.63828125 0.1078125 0.0234375
0 0.08203125 0.5671875 0.1265625 0.165625
0 0.032532118762988914 0.5779949939529112 0.04277837334017516 0.10205339600572713
0 0.11140304908836463 0.31459501794241174 0.09749314441741394 0.10737724267981755
0 0.06644455221162264 0.38855068594845693 0.08833631303532492 0.1447681546785448
0 0.10269619048071661 0.19986035594368445 0.08675563231716552 0.14162497334499946
0 0.50234375 0.54140625 0.0734375 0.1078125
0 0.009375 0.54453125 0.01875 0.1578125
0 0.6414274132551576 0.13473479527372997 0.12783515027114642 0.22022268801718106
3 0.6984375 0.6328125 0.096875 0.034375
0 0.8963002238545956 0.36847180657227707 0.0900442587805987 0.16978633601209037
2 0.9703125 0.27109375 0.059375 0.3703125
0 0.2808267774219507 0.7874314392505039 0.0791067587805987 0.16965906667727226
0 0.21795459358053346 0.7178552832590943 0.048882927594901204 0.07712612133990877
0 0.7992156247149172 0.8290933226050482 0.10556926483072289 0.1527806493475449
0 0.8863701910698918 0.8874501679265034 0.09457722267624522 0.1432783800127268
2 0.73671875 0.68671875 0.2203125 0.0734375
0 0.5890625 0.8515625 0.1 0.146875