0 0.10509407560680586 0.17738695739833404 0.13779485999173618 0.22568208812453677
0 0.02421875 0.49921875 0.0484375 0.1828125
0 0.41953125 0.5859375 0.1140625 0.20625
0 0.3159471887326742 0.4916470726196307 0.1275834053945834 0.18892438190398125
3 0.359375 0.5921875 0.165625 0.19375
1 0.60546875 0.446875 0.2109375 0.30625
1 0.7578125 0.6375 0.23125 0.103125
2 0.77578125 0.07421875 0.2609375 0.1484375
0 0.11950272093340315 0.8456379628649543 0.1118129350298613 0.18130737153638865
3 0.734375 0.8234375 0.165625 0.26875
3 0.96484375 0.82734375 0.0703125 0.2671875
0 0.78828125 0.95625 0.1265625 0.0875