3 0.33671875 0.240625 0.2640625 0.209375
1 0.3671875 0.35625 0.203125 0.24375
1 0.290625 0.4625 0.35625 0.253125
0 0.9328125 0.2015625 0.134375 0.115625
0 0.90078125 0.3734375 0.1984375 0.290625
3 0.79296875 0.58515625 0.2171875 0.1296875
0 0.5078125 0.359375 0.078125 0.125
0 0.48671875 0.453125 0.0359375 0.134375
3 0.8637948645584739 0.09846940121361172 0.1892894400324213 0.14331750816812514
0 0.39765625 0.68203125 0.1421875 0.0640625
1 0.2890625 0.94765625 0.359375 0.1046875
3 0.11796875 0.8171875 0.2359375 0.240625
0 0.55234375 0.68359375 0.1671875 0.0671875
0 0.92578125 0.9796875 0.1484375 0.040625
3 0.665625 0.79453125 0.35625 0.2890625
0 0.959375 0.6703125 0.08125 0.040625