2 0.8496234844973332 0.2611725930562491 0.277091662970653 0.20924668320799578
1 0.9046966633235888 0.13160921753952048 0.18187016823232477 0.20636993217453847
0 0.8235523501129395 0.08007029632323678 0.10371580517696728 0.09520980024766904
0 0.8173144295321274 0.5751088145202019 0.29373313140062185 0.2006722038861602
1 0.7559380427992466 0.6924996757689069 0.36803445236260474 0.299186786598818
0 0.39416056668853133 0.924389800457066 0.17980786831702938 0.1174529813887503
2 0.48872451087627955 0.3442078407799375 0.3990870312876824 0.3240070041338292
0 0.1402807636482898 0.5076925678254616 0.23630006299888784 0.17773981803034927
0 0.059710387015229585 0.4162563926802364 0.11942077403045917 0.11748721463952716
0 0.24707127701423093 0.7208753103818635 0.1793374314570916 0.13613020678164425
0 0.2482172770848181 0.794839349256993 0.30890310509226265 0.19358744995721883
1 0.37866988750933983 0.6820225179920774 0.36328676820408995 0.24442651199171211
0 0.781474182021789 0.4279641408227188 0.15462585779368573 0.11316358767505648
0 0.394910681598266 0.01303503928941426 0.16955363680346808 0.02607007857882852