1 0.5421875 0.54921875 0.19375 0.1796875
0 0.3564882901113743 0.35234375 0.13484769867214014 0.08125
0 0.4654870819712643 0.1484375 0.14278746369925485 0.103125
1 0.6 0.15234375 0.078125 0.2265625
2 0.296875 0.0515625 0.26875 0.103125
2 0.09765625 0.0765625 0.1953125 0.153125
1 0.89609375 0.27109375 0.2078125 0.2265625
0 0.9359375 0.146875 0.128125 0.121875
0 0.6980637535160414 0.33125 0.09288745764913056 0.1203125
0 0.73515625 0.60546875 0.1765625 0.0671875
0 0.26758539227611466 0.890625 0.21480790944452863 0.128125
0 0.19397972063314173 0.91953125 0.15838519262201595 0.0984375
0 0.40859375 0.94921875 0.1296875 0.1015625
3 0.54765625 0.7296875 0.1828125 0.165625
1 0.575 0.86875 0.128125 0.146875
1 0.17912285597536942 0.7875 0.16802381303532493 0.14375
0 0.11796875 0.64921875 0.1140625 0.0203125
1 0.7265625 0.95078125 0.175 0.0984375
1 0.90859375 0.9015625 0.1828125 0.196875
0 0.95 0.6609375 0.1 0.04375
0 0.71640625 0.6546875 0.1546875 0.03125