1 0.29609375 0.28828125 0.1890625 0.1828125
2 0.13359375 0.25859375 0.2015625 0.2421875
0 0.6791086995559029 0.21693822059995763 0.07745335518980259 0.15401588534372673
0 0.69453125 0.32890625 0.1140625 0.1015625
1 0.75234375 0.1515625 0.2140625 0.303125
0 0.91484375 0.3265625 0.0890625 0.10625
0 0.23350985324489493 0.6924478452816842 0.1087942587805987 0.17000451201463562
0 0.21470583197126433 0.5676751119510023 0.10855790944452863 0.12937951201463563
3 0.028125 0.8953125 0.05625 0.209375
3 0.46875 0.57734375 0.040625 0.3796875
3 0.3734375 0.475 0.128125 0.190625
2 0.290625 0.55546875 0.19375 0.3515625
2 0.6867570522116226 0.8370416352641851 0.18457602966144576 0.305252216024817
0 0.6484375 0.97734375 0.1375 0.0453125
3 0.8828125 0.50625 0.215625 0.253125