0 0.1792335041383384 0.5561061231434925 0.17275260339082216 0.09183037985173251
0 0.11740990033323148 0.4935267667902229 0.08052656203449331 0.05429068511654265
0 0.8290492977709789 0.8555455178017134 0.1683562018192455 0.09791668874473984
0 0.8617055940897064 0.7405281530109233 0.1683947431755744 0.1322371250424091
0 0.9119132634439634 0.617098087494494 0.10124147642635144 0.09713294954451293
0 0.718274579407398 0.5879810502858509 0.18641699710451576 0.11726688947037936
0 0.7800511414418914 0.5343451295972784 0.16217897642635143 0.09926093393541642
0 0.6564509756022912 0.5254016939325814 0.11828342721213972 0.09460815027015243
0 0.5680005976043632 0.6158481338584476 0.14074062406898663 0.1078720421027846
0 0.48140177977890153 0.4488367378494644 0.20487589867609235 0.11167165389834958
0 0.6195717138154668 0.47989078649085287 0.1014940334984459 0.06906251324684405
0 0.6846359416895604 0.4393997065464531 0.20716614474715095 0.1273512176006804
0 0.7509886877606189 0.4214830310485572 0.19811647642635144 0.10051589908902617
0 0.9103808043860073 0.4322965015596445 0.14066784946188093 0.10630954210278443
0 0.9310807562052531 0.33953608268517055 0.10829199710451576 0.11453870435383653
0 0.8396916228306415 0.35910702742036016 0.20923806699689215 0.13834328130301135
0 0.8349527729544761 0.31013381408084906 0.10218323821317563 0.05036707694917482
0 0.9046317262214636 0.27104154302945677 0.09219180810555158 0.07029763103285883
0 0.5719219259737947 0.38093742051893653 0.11403257485477489 0.10381945916315996
0 0.647960041151441 0.33928314465822085 0.1480437018192456 0.0972073606144388
0 0.46089453474130027 0.3699949752355927 0.1464084272121397 0.09559029691210785
0 0.42240357713108645 0.24186254075202207 0.1257320541766104 0.08706846878180678
0 0.7596871757689069 0.7706100118112635 0.11152400496239885 0.08345239546082901
0 0.8058132365605459 0.2659125881274661 0.15788958271265763 0.0741518065307547