2 0.27579658355980996 0.31321605880369 0.15239229852673158 0.20197657242947367
0 0.5296875 0.13203125 0.078125 0.1546875
0 0.5203125 0.05703125 0.096875 0.1015625
0 0.3453125 0.4671875 0.090625 0.065625
3 0.8402461216949815 0.1622277725889532 0.08558684680136182 0.31304187606301603
3 0.7671875 0.07421875 0.10625 0.1484375
0 0.98203125 0.04375 0.0359375 0.0875
0 0.96171875 0.1234375 0.0765625 0.175
0 0.86484375 0.03046875 0.0859375 0.0609375
1 0.7078125 0.1078125 0.184375 0.215625
2 0.7872028851886348 0.7704070633456179 0.17467149011264294 0.2317596672787227
1 0.8375 0.92578125 0.203125 0.1484375
0 0.90859375 0.65 0.1828125 0.3