1 0.10094490798988279 0.5927379397336073 0.20188981597976557 0.2198508794672147
2 0.2694021758764141 0.7988154792769344 0.222514895460829 0.11672587946721488
2 0.38883916743889363 0.8960008384781941 0.24559029691210785 0.15199221741393637
0 0.40472221633473604 0.060303419010541794 0.22493056733052796 0.0965407134596036
0 0.022199893013758333 0.14942433844101308 0.044399786027516666 0.06759867688202617
0 0.44190472468743847 0.29496226190017916 0.21163195916315997 0.11784271049385406
3 0.4880034199707824 0.40871835577839966 0.2334722428284238 0.16242038144438115
0 0.02395087677168953 0.2816147559314991 0.04790175354337906 0.08510451186299814
3 0.9054761513664609 0.3279338597699134 0.14971231252120454 0.08723469764227279
1 0.8468402174310444 0.48358168189930406 0.2805654976377472 0.17058039133021285
1 0.285927510081983 0.5272269807598091 0.2526587524470708 0.17568438539871387
1 0.2940723706964217 0.3836043147521979 0.3681944724100038 0.22251957612090445