1 0.11796875 0.3046875 0.2359375 0.328125
3 0.109375 0.06640625 0.21875 0.1328125
1 0.90625 0.05 0.140625 0.1
1 0.70546875 0.3828125 0.2234375 0.171875
2 0.73046875 0.04921875 0.3390625 0.0984375
1 0.16640625 0.87578125 0.3328125 0.2484375
2 0.0703125 0.57109375 0.140625 0.2046875
3 0.6640625 0.9578125 0.44375 0.084375
3 0.4875 0.49765625 0.175 0.0578125
1 0.49296875 0.9515625 0.1859375 0.096875
0 0.8308903946183616 0.6790887087271119 0.14446705223856354 0.11041295680654795
0 0.7919219906162042 0.9144153770899062 0.2077859237898611 0.12931344301173803
2 0.746875 0.52890625 0.31875 0.1203125
0 0.56015625 0.52109375 0.1703125 0.1046875
0 0.9263965671650272 0.8149210673881105 0.10425148801421216 0.11609639077317446