0 0.37890625 0.20859375 0.0609375 0.1328125
2 0.27999344520421704 0.2943248923028749 0.16392556699689198 0.14228532500983526
1 0.10625 0.06484375 0.178125 0.1296875
2 0.3796875 0.08046875 0.059375 0.1609375
0 0.89296875 0.3828125 0.0921875 0.053125
0 0.6796875 0.3484375 0.1875 0.121875
0 0.6521253103818634 0.20318644007330197 0.19195217535011294 0.3093307133774378
3 0.33828125 0.821875 0.1421875 0.296875
3 0.35546875 0.54296875 0.1078125 0.2203125
3 0.25625 0.5328125 0.14375 0.246875
0 0.15859375 0.496875 0.1078125 0.175
0 0.14299844355158714 0.6514871822796318 0.08816358767505647 0.15411905347041036
1 0.03828125 0.88515625 0.0765625 0.2078125
0 0.0625 0.7546875 0.125 0.175
3 0.4390625 0.47421875 0.059375 0.1296875
0 0.96171875 0.8890625 0.0765625 0.125
3 0.91640625 0.48828125 0.1328125 0.1578125
1 0.9171875 0.43828125 0.165625 0.0578125
1 0.749695861458102 0.796630437475412 0.06730743217453838 0.17446440445914585