0 0.11484375 0.0140625 0.0796875 0.028125
1 0.35078125 0.12734375 0.2609375 0.2546875
0 0.40234375 0.46484375 0.0734375 0.0703125
1 0.46953125 0.4046875 0.0609375 0.190625
0 0.9329054441675904 0.2782860439214668 0.09787390036914019 0.1447701081851685
0 0.5597392520025848 0.2639831384808516 0.08769786397194568 0.13150483363936125
1 0.646088959745294 0.17761546165923128 0.2192458574935407 0.2681434484924896
0 0.8024576781284616 0.24024352316868133 0.2393161304725 0.3630413603112004
3 0.82734375 0.4453125 0.2390625 0.109375
2 0.70078125 0.36171875 0.1796875 0.2765625
2 0.85390625 0.0984375 0.1921875 0.196875
2 0.5859375 0.075 0.171875 0.15
2 0.82265625 0.8890625 0.1890625 0.221875
0 0.5804207942598756 0.7492674499903017 0.1130378254152828 0.16310552000387926