1 0.10703125 0.39296875 0.2140625 0.0921875
1 0.18984375 0.3375 0.2984375 0.203125
2 0.30234375 0.3 0.0734375 0.246875
1 0.4203125 0.12734375 0.1625 0.2265625
3 0.5359375 0.1375 0.39375 0.234375
1 0.23984375 0.89453125 0.1984375 0.2109375
0 0.51796875 0.98046875 0.1640625 0.0390625
0 0.49997785668871886 0.506339861829102 0.14405563861970413 0.09454995159900634
0 0.6899308673323807 0.5067978832009283 0.17799359604505724 0.08849993949875797
0 0.8743604976542116 0.5065064708295335 0.12679172896477803 0.07102154800821019
0 0.9625 0.7671875 0.075 0.0875
3 0.85546875 0.86796875 0.2890625 0.1484375
3 0.7495454399964274 0.7557711935057787 0.4037798359055985 0.23506690905174513
2 0.5046875 0.89140625 0.33125 0.2171875