0 0.35390625 0.74375 0.0515625 0.03125
0 0.353125 0.40859375 0.053125 0.2078125
0 0.33984375 0.0796875 0.0796875 0.159375
0 0.33279084222043165 0.054934887824062195 0.06381884727034208 0.10447060087368061
0 0.3078125 0.01484375 0.08125 0.0296875
0 0.334375 0.31640625 0.090625 0.1171875
0 0.3212254687123176 0.2401093216196525 0.11333299985882564 0.15087412860909738
0 0.31283059783503936 0.4244297702328817 0.11158848933548189 0.1477127610179167
0 0.17838000312494612 0.45564601548322897 0.10268392619541977 0.1287809230620139
0 0.2836785080336821 0.08104409935506918 0.09512903142885679 0.15981271751493065
0 0.4453125 0.5015625 0.13125 0.18125
3 0.93515625 0.3828125 0.1296875 0.23125
0 0.9828125 0.240625 0.034375 0.125
1 0.7734375 0.03203125 0.25 0.0640625
0 0.66875 0.83203125 0.121875 0.1453125
0 0.60390625 0.93359375 0.1296875 0.1328125
1 0.4609375 0.88515625 0.1625 0.2296875