0 0.825589524346434 0.5443354093300479 0.17811709172016954 0.10450971715379591
0 0.9051309740221225 0.4841703059369461 0.08376707386326174 0.06193265494824054
0 0.08899132548152441 0.7950008502355557 0.15169095941492108 0.10999829952888866
0 0.08447932913497239 0.6709871517906946 0.1476307508107789 0.1455256964186109
0 0.054790054785243146 0.5390044199339815 0.09234323295387141 0.10636616013203692
0 0.2588190357105197 0.5281961846368987 0.1895182418823252 0.13202912441111075
0 0.2084547970746054 0.4668772672948151 0.16734323295387146 0.11292780989648107
0 0.3391417353862082 0.46796273072541733 0.1204136858759707 0.10570177879370349
0 0.4082247463432568 0.5706783361447693 0.14406937418757337 0.12025229434509228
0 0.5399133027566483 0.40501579698347323 0.21125687418757338 0.12613043892574036
0 0.3892547836819248 0.42523869703074146 0.10588753571381489 0.07790896946287021
0 0.3305149833576132 0.377171635390834 0.2130921095770769 0.14189213996249955
0 0.2667018993480816 0.3522392773795838 0.20640573295387146 0.11634533581546255
0 0.09370473011120235 0.3478134919414816 0.15500687418757347 0.12120920160240711
0 0.08886149715733092 0.24964939401500014 0.13488528896022584 0.13036958812453678
0 0.19031094886161426 0.27911342714402815 0.21336484496658029 0.15751713996249964
0 0.20742058238467856 0.22832261522129665 0.10556025324641087 0.05915896946287018
0 0.144774532060367 0.18059730617328734 0.09500458279171564 0.08007706220555537
0 0.4626456448838547 0.3264895472662972 0.11432732710967279 0.11452997464666641
0 0.39446266071216735 0.27533644184694517 0.1516636858759707 0.10843579952888857
0 0.5799967861175568 0.32561196950935295 0.1501011858759707 0.10829909849212935
0 0.6512660397710047 0.19496827078166792 0.12965231818121908 0.098709485014259
0 0.17050833238138327 0.7135369452873151 0.11394549756436803 0.09265497464666642
0 0.24891260714144486 0.18478793722879677 0.16531708279171564 0.0862286088597219