1 0.59453125 0.140625 0.1703125 0.15625
1 0.40643834239534576 0.06985861775233207 0.26405718281352525 0.0917603786991988
0 0.71171875 0.51484375 0.0640625 0.0890625
2 0.90390625 0.5265625 0.1921875 0.065625
2 0.97578125 0.334375 0.0484375 0.121875
2 0.925 0.49609375 0.15 0.1234375
3 0.44937253068325944 0.7435614282615584 0.2768357085166876 0.214090405007558
3 0.40559996745111737 0.836098267780567 0.19386669961943923 0.16717063140062188
2 0.571875 0.58046875 0.215625 0.0421875
1 0.6359375 0.63046875 0.0875 0.1421875
0 0.76796875 0.8734375 0.1765625 0.14375
3 0.9625 0.7609375 0.075 0.165625