0 0.4046875 0.4578125 0.1375 0.1625
0 0.8640625 0.07890625 0.09375 0.1578125
0 0.81015625 0.01875 0.0578125 0.0375
0 0.784375 0.50625 0.096875 0.065625
0 0.8817669861773705 0.4671875 0.1092871547112475 0.1328125
0 0.72916687404077 0.340625 0.11376684110137862 0.196875
0 0.7453595926139879 0.4828125 0.07083665990702759 0.096875
0 0.69921875 0.48828125 0.1296875 0.1015625
0 0.67421875 0.51953125 0.1046875 0.0390625
0 0.6545053636492099 0.4125 0.10430472376899794 0.10625
0 0.60390625 0.47109375 0.1015625 0.1359375
0 0.6553416079492267 0.3015625 0.0987866972858944 0.1390625
0 0.53359375 0.23125 0.0890625 0.11875
0 0.26839290102807667 0.825 0.11641123986054129 0.1453125
1 0.43515625 0.83984375 0.1078125 0.2671875