1 0.48515625 0.1015625 0.1296875 0.203125
1 0.11953125 0.18203125 0.2390625 0.3640625
3 0.334375 0.08984375 0.2125 0.1796875
1 0.2046875 0.1171875 0.228125 0.234375
0 0.04375 0.29921875 0.0875 0.1796875
0 0.862136468933992 0.1736791710113959 0.16535438045579803 0.23071496071058561
1 0.8703125 0.35234375 0.259375 0.2140625
1 0.92265625 0.20703125 0.1546875 0.2453125
1 0.64375 0.36796875 0.1875 0.1828125
0 0.5859375 0.1640625 0.071875 0.175
0 0.63203125 0.04296875 0.1328125 0.0859375
0 0.4875 0.9 0.125 0.1875
0 0.428125 0.92890625 0.115625 0.1421875
0 0.4524404753597827 0.8214081956185018 0.1048386917107738 0.1234075748547749
0 0.52421875 0.76875 0.0515625 0.14375
0 0.4298611853221642 0.6322558043860074 0.13158687551288217 0.20574919396136265
0 0.421465047983465 0.7719732758499601 0.07757585475263547 0.10498290653397521
0 0.3678744743711995 0.8206505244022182 0.14733920950527093 0.2096019400324213
0 0.3341334857399061 0.8762305903656529 0.12195720752810449 0.1990625463187275
0 0.3 0.978125 0.121875 0.04375
0 0.20625 0.97890625 0.13125 0.0421875
0 0.25390625 0.915625 0.1609375 0.16875
0 0.21059782665237706 0.9179900589341214 0.06188718775644109 0.10269266046291677
0 0.1546875 0.9609375 0.078125 0.078125
0 0.3439674476794538 0.6949613196874884 0.11252385771838505 0.12064644789030421
0 0.2860395425462575 0.7524506420610638 0.11060853064607841 0.1501883986760923
0 0.36307559193823524 0.5876197005809005 0.10891869665368965 0.1469906240689866
0 0.2546875 0.51640625 0.1 0.1140625
0 0.17756515075893411 0.8756955510762385 0.09067803262324477 0.15861732878371626
0 0.59375 0.771875 0.0875 0.225
0 0.5890625 0.5390625 0.078125 0.159375
0 0.7891061927365379 0.7515514981424823 0.1470845415204934 0.2033519400324213