0 0.52421875 0.8953125 0.0890625 0.09375
0 0.53828125 0.77734375 0.0609375 0.1296875
0 0.43203125 0.6183883264121194 0.184375 0.11357266237139499
0 0.48984375 0.5625 0.1578125 0.096875
0 0.3625 0.5523865973911625 0.115625 0.09129768657189175
0 0.278125 0.6450649767814618 0.1390625 0.105496541958086
0 0.1765625 0.4765625 0.20625 0.09375
0 0.321875 0.5049666967272326 0.1015625 0.06621587334017516
0 0.38671875 0.4765625 0.2078125 0.09375
0 0.45390625 0.4609375 0.2015625 0.0625
0 0.26640625 0.44140625 0.1109375 0.0234375
0 0.4875 0.807128118664793 0.1125 0.08034200585373252
0 0.5875 0.63828125 0.0375 0.1140625
2 0.653125 0.4484375 0.16875 0.0375