0 0.30390625 0.47890625 0.1640625 0.2015625
0 0.8685641350074231 0.09442270239553378 0.10160452283992143 0.18451884215265535
0 0.82265625 0.02578125 0.0609375 0.0515625
0 0.715625 0.54453125 0.103125 0.0703125
0 0.82890625 0.509375 0.1171875 0.140625
0 0.6850335035065029 0.36761013964152056 0.12207415309764613 0.2183139880142125
0 0.6809148123037873 0.5209398575293449 0.07744332654882306 0.1100168091359686
0 0.63984375 0.521875 0.1015625 0.115625
0 0.61875 0.43828125 0.059375 0.1203125
0 0.6265625 0.31953125 0.075 0.1546875
1 0.24609375 0.91875 0.2234375 0.1625
1 0.32890625 0.70078125 0.1640625 0.2421875
0 0.8219392820006339 0.7825844436891065 0.15817542740790563 0.22332239258219672