0 0.8495467358065725 0.6484713401097677 0.1899216980251018 0.113064716024817
0 0.93366211751569 0.6088554041215399 0.09160531153562204 0.065080654678545
0 0.11007202806386304 0.7187141846753633 0.1356347162236991 0.11867836935072659
0 0.110074423191216 0.5969300913430905 0.1536628254152828 0.15636018268618096
0 0.08329427282207574 0.4592210060073178 0.1149216980251018 0.11219201201463562
0 0.2887723172388348 0.49830332936822563 0.20568640036914027 0.13979084802672617
0 0.2451539227297907 0.4267550460295896 0.1810473457733484 0.12076812802354428
0 0.3744001341731278 0.4579243247135433 0.13513406847545256 0.11086586935072643
0 0.43269110039682684 0.5757027180537703 0.15947273442229637 0.1252010893539083
0 0.5787674591269852 0.44312767007476933 0.22579864126984167 0.13690220536281678
0 0.42708504318014134 0.4273106713876339 0.11458173658176474 0.08252269334818116
0 0.37401130551864253 0.36658170938095236 0.22982480721668547 0.1510010680299077
0 0.3136955667774095 0.3268465000397709 0.21728523442229636 0.1258737986950896
0 0.14292318938722848 0.2811420066836356 0.17051036397194572 0.1268908586887262
0 0.14291509253414592 0.18355848201781738 0.1586111412698416 0.13612040802036268
0 0.24392568244739818 0.23703856536440768 0.23395110271317865 0.1666624306969986
0 0.26597186073274315 0.19123571670113476 0.11181768198597286 0.06375451201463567
0 0.208110493521595 0.12888971069381694 0.10520673658176471 0.08241360534690845
0 0.5094283713732013 0.3478600760661788 0.1308470866740498 0.11706132535009015
0 0.44667924506275447 0.2823345260582246 0.1650218275747511 0.11433631468808994
0 0.6267055089424151 0.37498674474854166 0.16345932757475126 0.11431813335454458
0 0.7092898665928393 0.26275092142740475 0.14088342072720578 0.10312609468490823
0 0.18439210517718888 0.6602482513526355 0.1264204025286086 0.09671246268299924
0 0.3106940754152828 0.15818740670749812 0.17475777297895928 0.09571358402290801