1 0.1921875 0.13984375 0.215625 0.2796875
1 0.1390625 0.33203125 0.209375 0.1953125
0 0.8593297393730086 0.23516496916074434 0.08278592378986112 0.12008640340856651
0 0.51796875 0.4828125 0.0640625 0.10625
0 0.434375 0.46640625 0.109375 0.0734375
0 0.45539907168758303 0.6449468924548134 0.13786957146044046 0.18817393019392786
0 0.39104000056582694 0.6070435178602027 0.1178912641334943 0.16440914772652385
0 0.4120374960432711 0.7276599809285719 0.10630531094499088 0.12205800649282175
0 0.503125 0.775 0.09375 0.14375
0 0.38125 0.90859375 0.134375 0.1828125
0 0.3789074135015541 0.7789730649381035 0.08204893939369348 0.10602390340856656
0 0.3243327781554467 0.7330935491097909 0.14995349163225705 0.21023984496658024
0 0.2921244657401178 0.6774572037361735 0.1244621687014785 0.2004284683433748
0 0.2621957055633525 0.5187504054404568 0.12348616689245615 0.15201824188232518
0 0.16898129409796322 0.5250606810080021 0.13245173111680747 0.14436938311602718
0 0.21250556479017813 0.6179652013005416 0.16261726594251646 0.213583033278183
0 0.1668278946183616 0.6406174971606262 0.06321705223856364 0.10413412094116259
0 0.1132801707376434 0.5900368445628384 0.08139384215265535 0.09352390340856667
0 0.2965242814348071 0.8615867418856205 0.11379026232447184 0.11594437418757338
0 0.23853471901947812 0.8064004099046838 0.11246677973732648 0.1502648271096728
0 0.31328125 0.9484375 0.1109375 0.103125
0 0.13250380427472855 0.6849266047091082 0.09420810266810493 0.15931254464226868
2 0.6957662856186786 0.8411360998411395 0.24525934757972223 0.24156375730360083
3 0.69765625 0.4703125 0.1671875 0.08125