3 0.3040859736582039 0.13066299895316025 0.2288613190854491 0.1318721683123613
3 0.1515625 0.05078125 0.303125 0.1015625
1 0.7597314647794093 0.0816935964083684 0.32730790944452864 0.13572582655673635
0 0.8168394619507389 0.20413294728204895 0.2510817527304745 0.19175631458888914
3 0.490625 0.61328125 0.11875 0.2515625
1 0.30078125 0.39140625 0.3015625 0.1046875
1 0.1671875 0.503125 0.334375 0.221875
1 0.1015625 0.6125 0.203125 0.175
1 0.32672858811958444 0.7199391320275698 0.26846015027114645 0.22496885809187522
2 0.31896101903413543 0.8463379778672573 0.1787522347764936 0.1119584053945836
3 0.634375 0.7671875 0.16875 0.221875
1 0.8609375 0.91875 0.278125 0.1625