1 0.2140625 0.303125 0.20625 0.13125
3 0.21248519726707835 0.12716556723537256 0.18160220798203355 0.2023232070582587
2 0.87265625 0.259375 0.2546875 0.21875
0 0.6033730920949353 0.18841407241024272 0.08116569836338669 0.18224566016782512
2 0.3338666347458739 0.5863592780186089 0.2791369508104573 0.36243375809787715
3 0.10078125 0.6921875 0.2015625 0.275
1 0.040625 0.83125 0.08125 0.29375
1 0.43125 0.9296875 0.115625 0.140625
1 0.94921875 0.65859375 0.1015625 0.5703125
0 0.9635937632468439 0.43877572822839034 0.056309542102784604 0.13984467261537983
3 0.95625 0.94453125 0.0875 0.1109375
0 0.88984375 0.9546875 0.0828125 0.090625