0 0.442619812937129 0.21372997672658817 0.09163402985783757 0.17449201734563582
0 0.5086533582148647 0.15044018340226956 0.0551511083130606 0.08032384667409058
0 0.10821560108458592 0.8761999680139994 0.09783857806243948 0.16675224267981753
0 0.22319570647078021 0.9009737960295896 0.12901585518980258 0.1546158693507266
0 0.3469104624227085 0.9500663713796798 0.09424087939029935 0.08546588001272681
0 0.38408268861499517 0.7598868140515431 0.11511698165323567 0.18257723734881742
0 0.4352139174395605 0.8206339573917699 0.10094539734428025 0.16366360534690835
0 0.4508929387131911 0.6958248613939972 0.09442268657189175 0.11671588001272663
0 0.3628884237842723 0.6080879567154522 0.1070499515990063 0.13873633068109026
0 0.5365617522394952 0.5163651754057694 0.10899424668035032 0.2043795120146356
0 0.49832192973620054 0.6573168920671332 0.06776928298109546 0.10078179734245403
0 0.5369804296380047 0.7226060847389967 0.12462833703942984 0.20612382535009033
0 0.5514292698988885 0.7891759667409056 0.0995919756031114 0.19958292401336308
0 0.5327979654477707 0.9402635626989075 0.10541472872636941 0.11947287460218484
0 0.6250854593976465 0.9579601400381801 0.11458974082661796 0.08407971992363983
0 0.6105366251868869 0.8781390167488599 0.13869992739850953 0.20784995735199913
0 0.6605002637505685 0.8724708194223141 0.04901928298109546 0.1005636213399086
0 0.6976235347296115 0.942429330760632 0.07083974082661797 0.09144316000954475
0 0.6003702430661131 0.60772651941436 0.10220791549465283 0.11211928668045382
0 0.6398736254814745 0.683962302752996 0.09459540339440445 0.14640338001272682
0 0.6169032372123805 0.49542651408335986 0.09457722267624522 0.1432783800127268
0 0.749465752337691 0.4540031774347226 0.08821813836728971 0.12445565467854483
0 0.1976366493873837 0.8045891446928625 0.08189541549465282 0.1118829293443631
0 0.7071980017485158 0.8425475094286774 0.07279312626704133 0.1586488413430903