0 0.09765625 0.315625 0.1203125 0.10625
0 0.07729874648534334 0.08779348935954187 0.12133996071058575 0.16355945712440043
0 0.4890625 0.29296875 0.059375 0.1515625
0 0.54140625 0.046875 0.0453125 0.09375
0 0.5609375 0.3421875 0.084375 0.053125
0 0.6800725661728316 0.24168713834440608 0.1280651497095498 0.20760984577334832
0 0.68203125 0.3484375 0.0765625 0.040625
0 0.734375 0.34453125 0.14375 0.0484375
0 0.7639167191921503 0.2978486983388688 0.1114897717116218 0.11930880937615385
0 0.81953125 0.321875 0.1078125 0.09375
0 0.7494069170824545 0.19128781770948536 0.10669526385373888 0.1501582911775566
0 0.8609673093484063 0.10391012878368219 0.0980094685684687 0.13090764342930994
1 0.49296875 0.68984375 0.0515625 0.2703125
0 0.18109129487549466 0.7803979873569571 0.17334772456432465 0.31021321406423075
0 0.31193026427253284 0.9480489574381675 0.09611732878371626 0.09028264342931003
3 0.3939658223780847 0.8758049151808768 0.17926377667402046 0.2031016209117759
3 0.6296875 0.84921875 0.221875 0.3015625
1 0.953125 0.79375 0.09375 0.321875
1 0.6953125 0.915625 0.253125 0.16875