0 0.8043181716500566 0.49049661242007303 0.16428134793281676 0.0858450366905286
0 0.8721855945367306 0.5536028281486189 0.07644138648947987 0.051152247298576904
0 0.1422945288390554 0.16784619461127126 0.15999436613141405 0.09182202090551303
0 0.3468447216223699 0.03187641546031457 0.14993944324473985 0.03208299985882566
0 0.11560971776485858 0.2737020814853265 0.18094721622369908 0.12728908404557523
0 0.08493831353820698 0.39022245257436616 0.11654475478036197 0.09396137357870131
0 0.2851781454318948 0.42990512080669097 0.17515829117755652 0.10982856826055976
0 0.2345261057954977 0.4775466892790122 0.15384449568106334 0.09302049985882554
0 0.35382681831856894 0.4930568391660728 0.10989423658176474 0.087347352532014
0 0.42493225786268096 0.41235984698799333 0.13403264342930998 0.0996499314570917
0 0.531189157152087 0.5765504205808121 0.19340764342931002 0.10310813140062187
0 0.39491169570874995 0.5390364680770331 0.09599242288667424 0.06474431043863901
0 0.33715855490033364 0.5730327655026668 0.19743380937615385 0.1173526419239657
0 0.27737254472130085 0.5874523102974647 0.18978199568106335 0.09511362087727822
0 0.11890920264858026 0.5681045288686081 0.14350777297895925 0.10175846302712266
0 0.10259139265411758 0.6535492052052021 0.12868380937615384 0.1133484104104042
0 0.20143990283315039 0.6414047919522006 0.19833497532299776 0.1314151419239657
0 0.21303753932263003 0.6887803208913956 0.09645349784053163 0.04764781570031094
0 0.15137814851421375 0.7225491051628498 0.08525518198597286 0.06723227360693614
0 0.4540444686877093 0.6358806469738759 0.10590764342931003 0.09801183674699843
0 0.3871165869785916 0.6724559128294787 0.13978199568106325 0.09220145250377901
0 0.5609453107604299 0.6522252547675617 0.1365568661314141 0.09045694198043534
0 0.6156804804079015 0.7776116626177172 0.11896884793281667 0.08320588410204496
0 0.2201575154208201 0.25332793927901226 0.10616845928386878 0.07779034200867016
0 0.24625985193798633 0.7335236734939967 0.15067992288667417 0.0679294945971538