3 0.0234375 0.6234375 0.046875 0.13125
3 0.040625 0.38671875 0.08125 0.2546875
1 0.2421875 0.60546875 0.215625 0.1671875
1 0.3033081710871094 0.17568581912646014 0.21270590314042082 0.23027904349765968
3 0.0234375 0.303125 0.046875 0.259375
0 0.9274793892838602 0.5775507721687594 0.0768473079967011 0.12017984882113648
1 0.94453125 0.38984375 0.1109375 0.3046875
1 0.98125 0.22734375 0.0375 0.2328125
0 0.971875 0.14921875 0.05625 0.1515625
2 0.6179462987589941 0.2890254189361797 0.18889999326957535 0.3775705375661607
0 0.5421875 0.39453125 0.084375 0.1859375
2 0.54375 0.22265625 0.0875 0.2234375
0 0.92265625 0.0109375 0.0609375 0.021875
3 0.96953125 0.04296875 0.0609375 0.0859375
2 0.8826944235278849 0.43623736406981345 0.16211486975432585 0.20792919961943923
3 0.9671875 0.65859375 0.065625 0.0609375
2 0.4109375 0.75234375 0.1625 0.1265625
2 0.18125 0.72890625 0.25625 0.0796875