0 0.39765625 0.0484375 0.1046875 0.096875
3 0.38203125 0.25703125 0.1359375 0.2046875
0 0.3828125 0.36640625 0.134375 0.0671875
1 0.24453125 0.41015625 0.3765625 0.1390625
0 0.5740356155524766 0.19582578904903541 0.19304145020978147 0.10132637254713259
0 0.52421875 0.0609375 0.1484375 0.121875
3 0.23772757218652812 0.6048704555881192 0.2964517153566284 0.1709623933073793
0 0.0359375 0.5828125 0.071875 0.103125
0 0.95625 0.5125 0.0875 0.065625
0 0.96484375 0.7015625 0.0703125 0.078125
3 0.55 0.953125 0.165625 0.09375
3 0.54296875 0.778125 0.1859375 0.125
0 0.6340114989510928 0.6272866250557716 0.10125576929603194 0.06175985376405215
2 0.909375 0.78203125 0.18125 0.1203125
2 0.5375 0.67734375 0.175 0.1296875