0 0.2534580291714995 0.29520968923034496 0.1982471494796016 0.12794093460686645
1 0.2585117786056726 0.49564048580657233 0.2776823439616777 0.1579474120893325
3 0.567778315240404 0.400917359653009 0.2427274898232347 0.17439443244739827
0 0.7256394821328602 0.5605297964193439 0.16091756784239591 0.09907545496493206
3 0.915625 0.25 0.16875 0.140625
0 0.7203125 0.04140625 0.1625 0.0828125
0 0.8052661906368888 0.10390716147102372 0.19018898801421233 0.12275278685861987
0 0.6975200469230384 0.3508346213732013 0.17555327792830405 0.11091412091177588
0 0.409375 0.896875 0.040625 0.121875
0 0.390625 0.828125 0.078125 0.096875
0 0.3340274349826792 0.9101139959856053 0.13969766508343398 0.11017364126984167
0 0.2306523722286661 0.7353061582318212 0.20376016508343398 0.11427895280546388
0 0.3715982767966503 0.7801551881506108 0.10187676051544958 0.07193316162790726
0 0.3796875 0.74453125 0.1 0.1296875
0 0.31328125 0.6984375 0.1140625 0.059375
0 0.20078125 0.6859375 0.1453125 0.034375
0 0.90625 0.73203125 0.1875 0.1265625