0 0.21887868492157167 0.32421875 0.16924996974937903 0.0859375
0 0.0375 0.17109375 0.075 0.1296875
3 0.0359375 0.12109375 0.071875 0.1234375
0 0.6609375 0.4625 0.184375 0.034375
0 0.6640826214934634 0.36796875 0.14742951190385672 0.0953125
0 0.603125 0.41171875 0.06875 0.0765625
0 0.790625 0.04140625 0.1375 0.0828125
0 0.90390625 0.02890625 0.1640625 0.0578125
0 0.49453125 0.9140625 0.1484375 0.078125
0 0.5484375 0.85234375 0.040625 0.0484375
0 0.03515625 0.95078125 0.0703125 0.0984375
0 0.05078125 0.89140625 0.1015625 0.0828125
0 0.1265625 0.96484375 0.128125 0.0703125
0 0.22157345550783125 0.8171875 0.1896170119038567 0.0953125
0 0.08779335314669909 0.84921875 0.0941045240041051 0.0609375
0 0.06171875 0.8109375 0.1234375 0.109375
0 0.02890625 0.7953125 0.0578125 0.0875
0 0.1383478650505557 0.75390625 0.10210792154477706 0.09375
0 0.06982512402754622 0.71484375 0.13643746974937895 0.0859375
0 0.24622854274365286 0.7421875 0.13330337939029951 0.084375
0 0.2907012262904825 0.61796875 0.1160795179539809 0.078125
0 0.76640625 0.5046875 0.1421875 0.05
0 0.8641791120254936 0.809375 0.16448974687674217 0.0734375