0 0.11934829441188075 0.20224547415003985 0.2111523587069682 0.12991874813797324
1 0.41171875 0.0953125 0.4390625 0.190625
0 0.6296875 0.734375 0.078125 0.08125
0 0.0453125 0.9671875 0.090625 0.065625
0 0.0359375 0.86796875 0.071875 0.1234375
0 0.1540907089366172 0.7332471093866781 0.17113485376405232 0.10466188296032666
0 0.10228546981103212 0.6791738854415261 0.15024935079830276 0.08965331306795062
0 0.2213219712939069 0.6776735055815712 0.10637201680591399 0.08449062406898662
0 0.293537869507021 0.7687030740262053 0.13025518577927472 0.0965197431755744
0 0.3983739026245573 0.6162566242738744 0.19112901878308045 0.09779545285270289
0 0.2628847301911555 0.6373417580627707 0.09454317885919253 0.062106201819245574
0 0.20513323859411242 0.5947325729927481 0.19326452174882985 0.11193072745980874
0 0.14492790905034797 0.5739256133156196 0.18612318380210838 0.0897646290313853
0 0.028125 0.5734375 0.05625 0.096875
0 0.08203125 0.51484375 0.1640625 0.1109375
0 0.07890625 0.471875 0.0953125 0.025
0 0.32139224996281895 0.5461388693114756 0.10213018577927464 0.09520980024766904
0 0.25390625 0.50234375 0.1359375 0.0859375
0 0.42874183494379087 0.5433114298982269 0.1329345168059138 0.08572779238978612
0 0.09002425585713696 0.9032470862273143 0.10286501482874763 0.07497007485477489
0 0.7931532089366172 0.9332471093866783 0.17113485376405232 0.10466188296032666
0 0.7421875 0.878125 0.146875 0.090625
0 0.8603844712939068 0.8776735055815713 0.10637201680591399 0.08449062406898662
0 0.93203125 0.96015625 0.1296875 0.0796875
0 0.9703125 0.815625 0.059375 0.096875
0 0.9019472301911555 0.8373417580627706 0.09454317885919253 0.062106201819245574
0 0.8441957385941125 0.794732572992748 0.19326452174882985 0.11193072745980874
0 0.7839904090503479 0.7739256133156196 0.18612318380210838 0.0897646290313853
0 0.7359375 0.70859375 0.134375 0.1234375
0 0.718852181787761 0.662874643299409 0.09540534190105418 0.04499147642635144
0 0.68359375 0.62109375 0.0296875 0.0640625
0 0.9546875 0.7453125 0.090625 0.09375
0 0.8933600918638731 0.7023117865988179 0.13612318380210836 0.08743584160399784
0 0.7525706071869124 0.622960272745079 0.14923067885919247 0.06465331306795061