2 0.44296875 0.240625 0.1328125 0.35
1 0.25625 0.4375 0.30625 0.125
2 0.2265625 0.2125 0.3625 0.425
3 0.3596170184018529 0.24865817777533064 0.16127575599585597 0.18034724282842393
3 0.42158186331561964 0.11737840672393843 0.13601889081820956 0.140466287293461
1 0.390625 0.828125 0.2375 0.2875
0 0.471875 0.803125 0.075 0.159375
3 0.41640625 0.978125 0.1859375 0.04375
3 0.1328125 0.8578125 0.196875 0.284375
3 0.0359375 0.68984375 0.071875 0.3796875
0 0.0640625 0.553125 0.128125 0.10625
2 0.7188336606678045 0.7685043971052916 0.14231174028009033 0.24208335099579195