1 0.4234375 0.05078125 0.171875 0.1015625
1 0.6984375 0.45546875 0.25 0.1484375
3 0.64921875 0.278125 0.2796875 0.209375
3 0.174162577197031 0.611466285789383 0.20703491316955064 0.1485788836760255
1 0.17265625 0.934375 0.3453125 0.13125
1 0.77734375 0.5796875 0.2953125 0.1
1 0.60234375 0.66484375 0.1859375 0.2703125
2 0.8 0.8 0.4 0.196875
3 0.953125 0.909375 0.09375 0.18125
0 0.68671875 0.57265625 0.1578125 0.0859375
3 0.6569202190546806 0.6873296632612222 0.23339883636823097 0.19720205397461327