3 0.34568701056678713 0.26062544525429454 0.14497328243518837 0.15234427088084707
3 0.74921875 0.025 0.2421875 0.05
1 0.65625 0.0671875 0.253125 0.134375
1 0.7171875 0.18203125 0.375 0.1703125
0 0.44721665957805146 0.9285310836215844 0.14216535668871888 0.0898533612399266
0 0.48984375 0.953125 0.0796875 0.084375
1 0.1859375 0.94296875 0.30625 0.1140625
0 0.59140625 0.53828125 0.1234375 0.1078125
1 0.63046875 0.825 0.2015625 0.184375
2 0.9004520121562709 0.5038679477883774 0.19864458565349707 0.16046584308955403
2 0.640625 0.6328125 0.221875 0.184375