0 0.195750399878363 0.4814932820603669 0.17083974082661785 0.09359781574558709
0 0.13363674013924678 0.5468085905023534 0.07843407220870699 0.05448867694751698
0 0.8429647257013073 0.14829418749423323 0.16617951190385655 0.09820349512873605
0 0.6078488614363184 0.01685940665168225 0.15632272287263688 0.015227353895033996
0 0.8842396863754999 0.2607220495069421 0.18514768052176755 0.13603077759614016
0 0.9333725988450908 0.3810987792144026 0.11932269262201593 0.10051028896022585
0 0.7320646288993201 0.4213304926898088 0.18036018657189173 0.11876145697928915
0 0.7917259752103281 0.4715856371699217 0.15994769262201594 0.10121940097293472
0 0.6691742643397436 0.48741341436232 0.11616133118569749 0.09420574188232518
0 0.5819646349494443 0.40152473295057617 0.1365556444174139 0.10862279788867961
0 0.4946833244482022 0.5718587779998818 0.2006272347764936 0.11130351298564349
0 0.6319469751121322 0.5336338494275118 0.10039997579950324 0.07049550649282174
0 0.6969998033709632 0.5707032012939509 0.2038431383672897 0.12698306006354407
0 0.7627066166026799 0.5859111899298652 0.19745678298109545 0.10343646590774291
0 0.9258560563960255 0.5661050247501758 0.14750223477649343 0.11037621266133187
0 0.9438737616092692 0.6547271939870549 0.11225247678146175 0.119205741882325
0 0.8505293243500063 0.6429072581110843 0.20548745159900647 0.14107283360249454
0 0.8453469206610142 0.692030550724758 0.10185339149054791 0.051772780031772034
0 0.9143014537403056 0.728386836438573 0.08947156615858276 0.07186709172016936
0 0.584104893631847 0.6351321197200512 0.10996587334017516 0.10347164772652384
0 0.6600997670702181 0.6731736363591427 0.14430451190385654 0.09782166558343128
0 0.4740531827612626 0.6511780852240523 0.14273292154477701 0.09623189204448099
0 0.43575881810349043 0.7825274967502939 0.12394656010845857 0.08965460957707698
0 0.7731794665279251 0.23769187824146795 0.1082761083130606 0.08156937418757346
0 0.816708836253863 0.7376197402541769 0.15667724687674217 0.07616485389503395