2 0.843712849315428 0.18272226137704872 0.3125743013691441 0.15547101984959494
1 0.8783796679847775 0.06520104508038252 0.24324066403044498 0.13040209016076504
0 0.7390425953610953 0.03187271857072319 0.08755834980971962 0.06374543714144638
0 0.8696426324329642 0.49587507878822545 0.2607147351340714 0.15365165467194847
1 0.8427345990868726 0.6214765463232368 0.3145308018262546 0.2468237659206535
0 0.5608564477166349 0.9131568939230906 0.16587435079830276 0.09038105913900907
2 0.48739515961900165 0.3397044313504781 0.35387305239490824 0.2644479135632887
0 0.1919884536109529 0.5624528424325674 0.21478669467652328 0.14256429735218495
0 0.0788080212917193 0.4933647022335304 0.12081651878308033 0.0945205955329392
0 0.35756832714666864 0.7457276071148758 0.16195085475263546 0.10891273531769166
0 0.37921517547351347 0.8159480618296054 0.2864706936879401 0.14122442927905432
1 0.4755569817855734 0.6830927123677248 0.33350220258518865 0.18552239288512418
0 0.7983618345238614 0.36435755914351836 0.14087435079830257 0.08921666542531544
0 0.2916436719391103 0.020124101323907552 0.16453734387822055 0.040248202647815104