1 0.36953125 0.440625 0.1390625 0.246875
1 0.14910903371529924 0.43276772807898123 0.2825015775927424 0.2706208308506309
0 0.36015625 0.1125 0.1578125 0.09375
0 0.13128400237426846 0.7050044470617347 0.16798913354437933 0.08896410835322115
1 0.0609375 0.10234375 0.121875 0.1328125
3 0.359375 0.6296875 0.159375 0.171875
3 0.32819244312392615 0.6080695967712844 0.2210519490629279 0.1429281703877141
0 0.0921875 0.29609375 0.184375 0.1390625
1 0.53203125 0.40390625 0.1859375 0.2640625
0 0.7754813171013941 0.548981387094156 0.2794554824490227 0.16593333085063086
0 0.6441832236735341 0.11220051695411079 0.13232441818411544 0.09666529238978612
0 0.9734375 0.94453125 0.053125 0.1109375