1 0.31365871996493266 0.2303585924325268 0.23102745210802525 0.3544805474519924
3 0.40234375 0.39609375 0.2140625 0.3265625
2 0.11015625 0.08515625 0.1578125 0.1703125
3 0.2828125 0.0453125 0.178125 0.090625
0 0.1765625 0.50078125 0.140625 0.1171875
2 0.57734375 0.1 0.1359375 0.2
1 0.60859375 0.30078125 0.1984375 0.2921875
3 0.784375 0.48359375 0.14375 0.1515625
3 0.34296875 0.58984375 0.1203125 0.0609375
0 0.4204810588424329 0.8747306749420408 0.1585057954530477 0.22505303262324466
1 0.8125 0.73203125 0.2125 0.3453125