1 0.11640625 0.05625 0.2328125 0.1125
0 0.24839917492221736 0.31594961196137356 0.1929159772718286 0.14457979852673172
0 0.171875 0.35625 0.15 0.065625
0 0.4265625 0.1828125 0.065625 0.10625
3 0.384375 0.13984375 0.15 0.1546875
0 0.07421875 0.12734375 0.1484375 0.1234375
1 0.56953125 0.325 0.2203125 0.128125
1 0.93671875 0.32734375 0.1265625 0.1234375
0 0.48203125 0.06640625 0.0453125 0.1078125
1 0.88984375 0.253125 0.2203125 0.14375
0 0.76875 0.3421875 0.18125 0.09375
0 0.6762237605533068 0.10891727002681575 0.14075345941492107 0.10659919728589444
3 0.87109375 0.1453125 0.2578125 0.134375
1 0.66484375 0.05703125 0.2671875 0.1140625
0 0.8199953056026125 0.18703728016627438 0.1946966655834313 0.15718905917039336
0 0.396875 0.41640625 0.125 0.0546875
1 0.365625 0.57578125 0.1875 0.1796875
2 0.6975106051161453 0.6996240335204691 0.3901376249983524 0.26761237898444856
0 0.965625 0.62890625 0.06875 0.1484375
1 0.7734375 0.4609375 0.2625 0.14375
1 0.515625 0.73125 0.1125 0.221875