1 0.31566122740319774 0.713788633993784 0.36212518216314943 0.23795818817039455
0 0.5223293149602876 0.9343858860606986 0.21020563942190088 0.12345042431665547
0 0.8333950242936312 0.8375495432138464 0.17069285352912936 0.09514133374611511
0 0.9516456409836506 0.7784742578533737 0.09670871803269883 0.0917594685684687
1 0.8852487398391414 0.5536518862655864 0.2295025203217172 0.20877149420903168
0 0.9623745585127956 0.6313467007812792 0.07525088297440874 0.11468754631872749
2 0.8100093429556745 0.42619466624937574 0.311319698759889 0.20445217535011295
1 0.9720796000046444 0.4742983341558906 0.05584079999071108 0.11017982878371627
3 0.7540050288438015 0.26243822725041177 0.1263042361025528 0.1257705955329393
2 0.3225173078880957 0.18784687220695978 0.2649416062284217 0.188279211744043
2 0.15898852676920908 0.2386173519430801 0.24810930373891077 0.1921661910658786
2 0.4898268975197778 0.402718509096228 0.2451744805034755 0.23562509263745515
3 0.0989151257481682 0.8944242421421172 0.06759116431701002 0.07009848428423453