0 0.22655151049134825 0.4045112797596417 0.16164820533113405 0.07905221662612102
0 0.15248587318604517 0.4525260780624395 0.07484688730530312 0.048864746876741985
0 0.9115128468595792 0.2272155859592754 0.15870506175762458 0.08528403590796181
0 0.7295140037609238 0.03706224286972128 0.14966503087881247 0.043051084112563684
0 0.9129041991294349 0.34052410703651426 0.15818823620994635 0.12121244554888219
0 0.9351392488128658 0.46254909796132804 0.10571645407749272 0.08966246369925486
0 0.7399176770261111 0.4582878030763757 0.173313131037097 0.10411584913967822
0 0.7835252730277606 0.5171451734896847 0.15254598997087002 0.08837267447164336
0 0.6658293076674967 0.5070838513791734 0.10865959765100222 0.08343064441741391
0 0.6053668322781028 0.409840691836449 0.1308983105039836 0.09605790944452863
0 0.4817210806287503 0.5505515293668582 0.1918358105039836 0.09641243344863373
0 0.619471133215175 0.5427577309658647 0.09552310015828454 0.06148292154477701
0 0.6704282279631832 0.5907185079950319 0.1953699874635877 0.11049311416679294
0 0.7290303381505977 0.6176264416400572 0.18848348997087 0.0885817527304745
0 0.8848256970843709 0.6341604775480191 0.1402733105039836 0.0961124515990063
0 0.8962740109535666 0.7240860407797356 0.13907452335696532 0.1086033612399266
0 0.7957117212992657 0.6891201674395605 0.1957791644231918 0.12455561416679295
0 0.778768262207208 0.7343417638487643 0.096585494985435 0.044304511903856716
0 0.8344355890085275 0.7815485619551703 0.08467652837152997 0.06454428903121964
0 0.5498058394042389 0.627523095525441 0.10429034639736087 0.09434087334017516
0 0.6100697379923131 0.677882164709086 0.1384380258642473 0.0867283612399266
0 0.44297917788404095 0.6198691559284872 0.13526756175762475 0.08514768052176755
0 0.37479381604727385 0.7343356560266832 0.11789820533113407 0.07879768657189175
0 0.8243561761681815 0.29547016138943627 0.10369931301126618 0.07402837334017516
0 0.7409811057015749 0.7708468904103933 0.14869356426490726 0.06335449375348397