2 0.02109375 0.23828125 0.0421875 0.1734375
0 0.2614924633151999 0.15915030878812392 0.20345527210332381 0.12456940564770322
1 0.21484375 0.34609375 0.2828125 0.1265625
0 0.66171875 0.91875 0.1765625 0.09375
0 0.7265625 0.86953125 0.046875 0.0578125
0 0.10605349089530698 0.8381605442066477 0.18925637978345566 0.11947272868809904
0 0.07109375 0.77109375 0.1421875 0.1015625
0 0.18880380641385547 0.788962177751027 0.11986988229073817 0.0955973079967011
0 0.25133724716351313 0.8971216702291794 0.14371655925034227 0.11034176959604132
0 0.3885597655059132 0.7494236192921074 0.21094952335696499 0.11385922618081654
0 0.23837790907942247 0.7513090650563301 0.10507995658477531 0.07018813103709683
0 0.18365095665128228 0.6973286072179136 0.2129666644231918 0.12952969028743927
0 0.1220375067304246 0.6650412929530063 0.20438127461060623 0.10273986975432585
0 0.078125 0.58359375 0.15625 0.1421875
0 0.06947009936686174 0.5368420851145899 0.10453438730530311 0.051438131037097004
0 0.028125 0.48203125 0.05625 0.0734375
0 0.31601482726353797 0.6628663421742187 0.11554609514371972 0.10796091567683312
0 0.25124528510195454 0.6046841176427548 0.1512108105039836 0.09963159012915472
0 0.43214829262380194 0.6756284181176084 0.14804034639736088 0.09797816191590938
0 0.5083734749936824 0.5550862490755633 0.12910848997087018 0.09118259263643722
0 0.03359375 0.984375 0.0671875 0.03125
0 0.11201295203242875 0.4989843839400908 0.16298338479802066 0.07499530298213611