0 0.16328125 0.0953125 0.1171875 0.190625
1 0.3703125 0.125 0.15 0.25
0 0.96015625 0.203125 0.0796875 0.203125
3 0.590625 0.046875 0.1625 0.09375
3 0.7734375 0.1109375 0.178125 0.221875
0 0.6928564872696534 0.1759526560795363 0.12053331838861112 0.15400257775694434
1 0.70703125 0.253125 0.2421875 0.19375
1 0.2703125 0.89296875 0.209375 0.2140625
0 0.09781413136197967 0.8971066117344438 0.10243793502986129 0.18048716531583314
3 0.43203125 0.46171875 0.1546875 0.2234375
0 0.190625 0.3625 0.103125 0.025
3 0.88828125 0.93671875 0.1828125 0.1265625
0 0.53046875 0.63125 0.0421875 0.203125