1 0.7208056762735351 0.8899382739099586 0.3084294710040611 0.20812377204008917
1 0.8064838440753054 0.7700883032304593 0.3870323118493893 0.23092602005090673
0 0.9573163564138065 0.5906264278724149 0.08536728717238695 0.11389996268299925
0 0.9751954688445927 0.5177429112030969 0.04960906231081452 0.07125792934436319
3 0.8002584207272058 0.09232638255891404 0.2871972162236992 0.12044195870463462
1 0.7019570303802148 0.30300134790741334 0.36235550740125555 0.2212419373806341
1 0.4302055390180882 0.1372876306095026 0.2973918414544118 0.20643400270527096
3 0.32618507479697395 0.344119980625411 0.206827398209672 0.18196016669318063
3 0.1910312199243269 0.22372675930936473 0.36403912091177604 0.17442148138127053
0 0.09844080659837666 0.3405153646562732 0.16043445712440044 0.11584427068745358
1 0.249263738427466 0.7664227893061831 0.33867817550756785 0.19286239871099795
0 0.4899876704134389 0.8261683172740483 0.1370970866740496 0.11713405068427188