2 0.12200936578822867 0.40081049452561146 0.22111650626826407 0.24472354547482594
3 0.2639422926499648 0.4059542978719219 0.11116093123013897 0.2823906887450242
3 0.3378175101648955 0.3170881160469799 0.1388144589655557 0.33034802768032884
3 0.5060206898764232 0.4007734134617912 0.06693684612402784 0.19317167984777567
3 0.4737179893633329 0.34667350387997065 0.09735300436840308 0.2927551857792746
3 0.17109375 0.0203125 0.2578125 0.040625
2 0.46484375 0.659375 0.1359375 0.11875
3 0.18609462205649283 0.1624854821683218 0.14597234232430584 0.30254136266130083
3 0.64296875 0.06328125 0.1671875 0.1265625
1 0.6877097138121177 0.17836780874633681 0.21777460714194471 0.30234504448624283
1 0.88828125 0.1109375 0.2234375 0.221875
1 0.67890625 0.58515625 0.2015625 0.2671875
0 0.41796875 0.90390625 0.1421875 0.1921875
0 0.62109375 0.76484375 0.1234375 0.0921875