0 0.15859375 0.3953125 0.1953125 0.06875
0 0.3578125 0.065625 0.121875 0.13125
2 0.04609375 0.34765625 0.0921875 0.1640625
0 0.37421875 0.39921875 0.0890625 0.0609375
2 0.76640625 0.1078125 0.4671875 0.215625
3 0.52421875 0.3078125 0.2109375 0.2375
0 0.97421875 0.35703125 0.0515625 0.1140625
3 0.028125 0.61328125 0.05625 0.2109375
0 0.15600110074754098 0.9006948773170487 0.19224281094499088 0.13005707146044046
1 0.93671875 0.4984375 0.1265625 0.1375
3 0.828125 0.61484375 0.34375 0.1953125
0 0.465625 0.95234375 0.09375 0.0953125