0 0.6339492694751699 0.8282544705547205 0.09198076866768634 0.1739362526992924
0 0.5891919228837367 0.9013241950349112 0.054461403408566686 0.08058807178554303
0 0.7693187901780418 0.1355369421351263 0.09801258035608366 0.16190984937994451
0 0.969330247157331 0.3301427375756673 0.03545803327818291 0.15404888257342347
0 0.6536937901780419 0.1267754035430625 0.13551258035608366 0.164751429463857
0 0.5259545738632619 0.09446962117477606 0.09878414772652384 0.11671574855010747
0 0.5443029736183805 0.2963756632913248 0.11560918344033873 0.18664974025173767
0 0.4810393145277711 0.24788969648480386 0.10116485389503396 0.16370914772027054
0 0.4995592637964224 0.3702266377715156 0.09415119480442442 0.11948555103961844
0 0.6037070215070601 0.4366347330022752 0.10706029788867966 0.1438702444009227
0 0.46693549877888874 0.557347206857766 0.10968646590774292 0.2049261435710857
0 0.465248493503883 0.4160001564428475 0.06887845941492117 0.10196616431701
0 0.41277232994904656 0.35974923382746776 0.12533873944669321 0.20767263527271584
0 0.382075709007884 0.29968714959437026 0.10022964529089187 0.1995282485501075
0 0.35584267126547414 0.13775491204192494 0.10722393912238157 0.1532452444009226
0 0.2619290300317721 0.12127596183214348 0.11813416558343129 0.15251153859206376
0 0.3043404468330194 0.22669809025638213 0.1378932865245938 0.21174482863402008
0 0.25934159253094824 0.24123326432165443 0.05171823295387146 0.1022262734452168
0 0.2068108818982112 0.18185734170627463 0.07186709172016936 0.09439046265733611
0 0.38371784983454893 0.4831625004242072 0.10188187418757347 0.1153900468904336
0 0.32796668181548566 0.41808102946850145 0.094669392044481 0.14917305103961845
0 0.3981269975610727 0.5934846937855115 0.09464211850553053 0.14761055103961845
0 0.28611396712226356 0.6575570039486922 0.08806483603812651 0.12838695435896633
0 0.7060023583592608 0.21812337657336078 0.08000687418757338 0.11373245850815117
0 0.22411320454365713 0.2791350834079049 0.07454780681713329 0.15857136182749906