1 0.346875 0.08125 0.225 0.1625
1 0.1421875 0.21875 0.23125 0.2
3 0.95625 0.096875 0.0875 0.19375
3 0.91328125 0.0703125 0.1734375 0.140625
3 0.7390625 0.2171875 0.234375 0.203125
0 0.5997371710206024 0.13237512100248416 0.09796144154108041 0.1989738311856975
2 0.9203125 0.23515625 0.159375 0.1671875
1 0.18046875 0.4671875 0.1859375 0.296875
3 0.36790449782192186 0.7220764077942087 0.15789403417751763 0.32586358411256366
3 0.06484375 0.97109375 0.1296875 0.0578125
1 0.6875 0.4828125 0.128125 0.328125
1 0.53359375 0.98125 0.1171875 0.0375
0 0.8693198968057075 0.8757018984244347 0.10284751834239998 0.15213519262201594
2 0.6029447390464333 0.8514660094679698 0.10474029044572379 0.27087610226293624
3 0.8258988542484126 0.7798444977605048 0.17867789561857333 0.2884908491396782