0 0.6163597564429077 0.22582293182908933 0.09301472267624522 0.14809514342930993
1 0.50625 0.01796875 0.178125 0.0359375
1 0.765625 0.34140625 0.2875 0.3171875
0 0.66328125 0.43125 0.1953125 0.1375
1 0.21484375 0.56796875 0.1484375 0.1359375
1 0.2515625 0.6453125 0.075 0.253125
0 0.26953125 0.8375 0.0390625 0.1625
0 0.24140625 0.7234375 0.0953125 0.1625
0 0.17165825127654627 0.8934154541897398 0.06609769867214013 0.0854554410852714
3 0.2366519922013599 0.8717895805001866 0.09937380698520056 0.16724566162790713
2 0.55546875 0.58515625 0.2265625 0.1703125
0 0.651518988979906 0.8514015276024377 0.0917067527304745 0.19174501387966067
3 0.92890625 0.9828125 0.1359375 0.034375
3 0.7359375 0.8578125 0.1375 0.284375