0 0.25374533501648716 0.44081754602958956 0.16744233363936134 0.08156017735518084
0 0.19465711956423404 0.5010096113542263 0.0773914184866706 0.049292022676635835
0 0.870790345308291 0.14984348344999462 0.1632650166698994 0.08775563335454448
0 0.6409438643940863 0.011360596753632362 0.1506377287881726 0.009557908020362698
0 0.9108415183368894 0.25963665412153986 0.17831696332622116 0.12238517202418073
0 0.9529809630363572 0.37807811879372144 0.09403807392728573 0.09193405601527208
0 0.7692429181968065 0.4070099987666772 0.1788580657615139 0.10666926535645338
0 0.8287931324411117 0.45765543610754056 0.15714256242753386 0.08924540802036277
0 0.7102184756233706 0.46798331409131394 0.11457242515463051 0.08406701201463562
0 0.6251422318322885 0.38191799741404175 0.1360328369733413 0.09836586935072641
0 0.5437481948686457 0.5417555267345424 0.19840529121570666 0.09753062269254435
0 0.6762897568371378 0.5112969620862233 0.10028678454774678 0.06204656134627218
0 0.7402245821415493 0.5487247840944957 0.20124324879205205 0.11317380402608972
0 0.8033463354755291 0.5666304467695408 0.19464256242753386 0.08968176002545328
0 0.9437172754638912 0.5551855114576306 0.11256544907221766 0.09691245735199913
0 0.961877215162389 0.6429491407940395 0.07624556967522196 0.10924882535009015
0 0.889315528508007 0.6253883761139039 0.20382611485312827 0.12569198535963508
0 0.8853931741158603 0.6729537194461767 0.10044628121376711 0.04487724267981754
0 0.9532342494202719 0.7104269947883126 0.08804187606301568 0.06502611067790856
0 0.6317262980528444 0.606000387412451 0.10921524545807201 0.09493178668045381
0 0.7052274419937077 0.6458810474219959 0.1445150166698994 0.08753745735199914
0 0.5256516412351033 0.6164737160645879 0.14126247091226496 0.08593859468490823
0 0.4921053018458661 0.7409646387253155 0.1220022878817268 0.07947041868236297
0 0.8065202933417386 0.2326099827736769 0.1075571506088231 0.0746192866804539
0 0.8583681595719928 0.7147866834420404 0.1519768303053816 0.06420904535327185