2 0.6590912414779156 0.6759356470189534 0.4276317829929862 0.23945222166884045
0 0.6819106669930804 0.8196878010717293 0.1631171518694554 0.09790246071058561
0 0.6834722443777006 0.8715050121965998 0.1701008576783142 0.08732883374611511
1 0.857360030270472 0.8529477189782442 0.17422151784613932 0.16225605913900906
0 0.2998570288205796 0.7297646985094767 0.1879987526992924 0.09750435442427943
3 0.5501916833893273 0.5611025514860141 0.19979020290907384 0.19147267824559702
0 0.3696171122284845 0.5127077851510758 0.20383724025173774 0.1215968258882322
0 0.430499103104922 0.30934949875714574 0.13006785352912936 0.09324919396136275
0 0.339057886923101 0.2745142723307943 0.1216400468904335 0.10531254631872758
0 0.16440050642426998 0.30322781554914996 0.14472234937994446 0.10171666542531543
0 0.14569897323079095 0.2396361964425621 0.1029133576783142 0.08419952564056317
0 0.012795828622409088 0.7161729636060699 0.025591657244818176 0.08572348428423435