1 0.63125 0.284375 0.14375 0.290625
1 0.80703125 0.15624281468579823 0.1984375 0.2608686840799308
1 0.83359375 0.375 0.1390625 0.109375
2 0.2359375 0.8160522661488191 0.2703125 0.3016040932742364
3 0.16796875 0.5668530063651733 0.159375 0.2365219943004168
0 0.03671875 0.65234375 0.0734375 0.3078125
0 0.8234375 0.5281320792190967 0.08125 0.165953614741389
0 0.79453125 0.670211129655937 0.096875 0.19287979065319458
0 0.71484375 0.9462846268061454 0.05625 0.09818423328249999
1 0.6015625 0.93984375 0.2375 0.1203125
1 0.47734375 0.884375 0.0765625 0.23125
3 0.81171875 0.8729360861529509 0.1390625 0.12042421561506948
2 0.56015625 0.50859375 0.1453125 0.1578125
3 0.56328125 0.6209060331506595 0.15625 0.2489492591180557