3 0.9294977586872839 0.972348848186064 0.1410044826254321 0.05530230362787201
0 0.7762108977931845 0.7661926960893041 0.19849584980971963 0.09521262959490713
0 0.07887829996063137 0.6366790852498146 0.1092423488211364 0.08273317049962933
3 0.16508246642535312 0.249539253157546 0.13921369171077375 0.13050628916129609
3 0.3239268617098987 0.5561391506129161 0.2533345415204934 0.21833706277120335
2 0.07069313787017178 0.26385673991523134 0.12562603558899427 0.17913927879370348
0 0.6088921107213155 0.5763995898214803 0.20254667984777566 0.07999773270518488
3 0.13319177376317723 0.5176549746466664 0.2336587114824372 0.23218494929333283
0 0.7832555103801233 0.11756926837962814 0.11217634783255334 0.07831907257314792
3 0.8691465894295962 0.10484367591976684 0.16329317885919253 0.07189270678620341
0 0.7703058187065306 0.39201290230985963 0.12697367688202627 0.059373582940740466