3 0.6701888479074134 0.6425349664344175 0.29584085335772625 0.19679648919430762
2 0.7912564205920034 0.5035418139165211 0.26161130402608956 0.2072943734375269
0 0.34274455323045927 0.737336316123834 0.1857204186823629 0.1263636208772784
0 0.23437226328772937 0.32205919759504303 0.13726473734881744 0.12197995776545092
3 0.28272302120468773 0.9305472608056924 0.13361247867599957 0.07648544724210708
0 0.016975677951956755 0.7542401789674301 0.03395135590391351 0.0977696420651398
2 0.16081822664704634 0.1350667027861277 0.226472688017181 0.13966725768074628
0 0.4702932239815463 0.10845391097510157 0.19822041868236298 0.12709166297065302
2 0.7535864346355924 0.18485970335082505 0.23179653469127146 0.19462777346576182
2 0.917109848583731 0.5571078877211013 0.1420795066836355 0.13319047355046648
0 0.9071257739099586 0.6099976692911324 0.14031701201463562 0.11591196828879458
0 0.8898639065484145 0.8186747192770149 0.09474997334499946 0.09139781570031084
2 0.5753859725891399 0.5371942900272362 0.2723851720241807 0.19386891026922992