3 0.390625 0.24375 0.178125 0.3
3 0.3616748484012069 0.3844542088274808 0.1801225346004111 0.16507152985783763
0 0.021875 0.3765625 0.04375 0.165625
1 0.721875 0.07421875 0.246875 0.1484375
3 0.8143980114058875 0.10506214549756851 0.23286553262324466 0.15600560206654457
1 0.83984375 0.403125 0.2609375 0.19375
0 0.50546875 0.20390625 0.0515625 0.1921875
0 0.56640625 0.08671875 0.1328125 0.1734375
3 0.666459213002493 0.2715870910464506 0.2359560405319101 0.19351469242562408
1 0.20625 0.93515625 0.196875 0.1296875
3 0.08046875 0.60625 0.1171875 0.2125
1 0.5762055806067098 0.7790551991631195 0.16592206623507266 0.3149533551898026