0 0.315625 0.028125 0.146875 0.05625
3 0.346875 0.1703125 0.084375 0.190625
2 0.86484375 0.33828125 0.2609375 0.1421875
0 0.4562149374651379 0.18515625 0.10337786116879615 0.0921875
0 0.7995651048072213 0.1359375 0.2326935057494442 0.159375
0 0.33203125 0.73359375 0.1140625 0.1015625
0 0.03125 0.6125 0.0625 0.1125
0 0.0875 0.78671875 0.175 0.1234375
0 0.02265625 0.83671875 0.0453125 0.1078125
0 0.09034451263018398 0.865625 0.15107306738935158 0.1015625
0 0.1265625 0.97421875 0.13125 0.0515625
2 0.6265625 0.521875 0.453125 0.225
1 0.9109375 0.4828125 0.178125 0.146875
1 0.9359375 0.5953125 0.128125 0.221875
2 0.459375 0.896875 0.140625 0.20625
1 0.571875 0.77890625 0.365625 0.2765625
1 0.475 0.74609375 0.171875 0.2421875
3 0.4453125 0.81015625 0.1125 0.1328125
3 0.778125 0.93515625 0.29375 0.1296875
1 0.8328125 0.8875 0.334375 0.20625