3 0.7360219929692366 0.3584124636992548 0.13216180262104177 0.17418290944452863
3 0.83203125 0.11953125 0.0828125 0.2390625
1 0.9421875 0.39921875 0.115625 0.2203125
3 0.7609375 0.0703125 0.1875 0.140625
2 0.56796875 0.68828125 0.1234375 0.3578125
0 0.3659049422480559 0.7708271470496927 0.08761171561506957 0.13955337939029935
0 0.08532317021222237 0.5629726986721402 0.052254790653194515 0.09716589149054773
0 0.6875 0.95703125 0.0875 0.0859375
0 0.64921875 0.546875 0.0390625 0.075
0 0.88515625 0.97265625 0.0734375 0.0546875
3 0.95625 0.5828125 0.0875 0.146875
0 0.8183253466927087 0.6449327884420446 0.060067290653194404 0.09721134328594587
2 0.9546875 0.9234375 0.090625 0.153125
2 0.87109375 0.57265625 0.1265625 0.1265625