1 0.940625 0.1046875 0.11875 0.209375
2 0.1078125 0.38125 0.215625 0.084375
0 0.1171875 0.9328125 0.08125 0.134375
0 0.00859375 0.81640625 0.0171875 0.1828125
0 0.009375 0.93359375 0.01875 0.1328125
2 0.11095574538529758 0.7620356840857401 0.18383867650277405 0.28758623119538135
0 0.049094883752900144 0.7435644804039587 0.054708915354909224 0.1356934590920577
3 0.59296875 0.3796875 0.1265625 0.08125
0 0.6621293873591964 0.48342495077878755 0.07469363342392396 0.1315969924781526
0 0.89765625 0.86640625 0.2046875 0.2671875
0 0.9765625 0.7109375 0.046875 0.1375