1 0.803125 0.353125 0.39375 0.153125
0 0.6164459447351897 0.049864922340750614 0.1243849303072194 0.07542120031656911
3 0.21514640579726613 0.9266356739901033 0.208452395460829 0.11376829796757129
0 0.33995294363888123 0.8576847486798517 0.17240576805616747 0.10959762351524951
0 0.31090533909971035 0.9645425024407756 0.11322917549789598 0.0688529515702104
2 0.08984375 0.63828125 0.1796875 0.2078125
0 0.3125 0.45546875 0.1625 0.0515625
2 0.4953125 0.8890625 0.0875 0.16875
0 0.021875 0.76640625 0.04375 0.1046875
1 0.60078125 0.6 0.1234375 0.25625
1 0.9296875 0.65703125 0.140625 0.2171875
3 0.903125 0.4859375 0.19375 0.1125