0 0.9028705531745004 0.24268089721629407 0.14601361485312836 0.1305616824962884
2 0.7968779655729393 0.9008586516273083 0.20076450091808393 0.19828269674538354
1 0.4916157360358606 0.6863911171402834 0.18871104000775868 0.21525758706427264
0 0.1564603886015378 0.9379414925367682 0.0995532030344175 0.1141244549975255
3 0.28466384755500906 0.5688406897323777 0.10717373970819626 0.3027775192218769
3 0.2559484004396453 0.41120193012143924 0.12477582788948541 0.2896976650834338
0 0.5735024333204022 0.37527655472495447 0.13695709243335302 0.24832903663473135
0 0.6356517469558842 0.4020714280852743 0.12694462152108804 0.16379026232447186
0 0.5882987727096394 0.5015867492070305 0.09920225879399176 0.1670037935321364
0 0.6327345567983443 0.5627599445936177 0.07678538273097572 0.1020405348257091
0 0.471764848014051 0.45860363183960445 0.07573306576151388 0.10820864767057933
0 0.426341035586517 0.5440973965389256 0.11495480455162621 0.169385165083434
0 0.35079851483373165 0.4122498530067892 0.09339879788366642 0.1340275192218769
1 0.18364309468007106 0.460764838873295 0.2010512854658308 0.3092532485296619
1 0.7761960960571969 0.13169140829757056 0.11160666394474283 0.14742827792830412
1 0.3681922774207451 0.11266261080870532 0.21361544515850978 0.19633716870147847
2 0.8599508899786636 0.6146820499752561 0.17168303667377885 0.19725121551297525
0 0.504178348473093 0.34025974558898586 0.10733375212603206 0.13320200361804463