0 0.3838318667513029 0.4502683684341776 0.06913204827463026 0.11896060015828454
0 0.4430211964527152 0.4270414685924623 0.10867514951546742 0.17156877461060632
0 0.090625 0.534375 0.084375 0.06875
1 0.05390625 0.521875 0.1078125 0.09375
0 0.4203125 0.63515625 0.121875 0.1328125
0 0.85546875 0.921875 0.1046875 0.15625
1 0.94765625 0.95859375 0.1046875 0.0828125
3 0.709375 0.9203125 0.18125 0.159375
2 0.64296875 0.71171875 0.1890625 0.2859375
0 0.91484375 0.6125 0.1109375 0.0875
3 0.6012050370498907 0.8244594085506971 0.16277205967459646 0.3431088054894186
3 0.8 0.7125 0.228125 0.2875