0 0.4375 0.0546875 0.125 0.109375
0 0.3171875 0.0171875 0.09375 0.034375
0 0.27758851327274725 0.1856151620782691 0.11974750539858477 0.17936133068109025
0 0.2280630325687792 0.1271754060709513 0.10414581618646537 0.15888519867918122
0 0.20915689937065576 0.2528475680696786 0.0974688410815748 0.11197383601209036
0 0.29434719293709694 0.33594242608208713 0.11018232863402008 0.13553860534690845
0 0.11790124687650039 0.4355413420591791 0.11347419461070399 0.19958292401336308
0 0.15998477094641705 0.292936218730088 0.06984074855010754 0.09760225334181775
0 0.123314487752938 0.2299544133911337 0.127655093780867 0.20130905601527208
0 0.11031850289978502 0.1641203280553611 0.1022998962703781 0.1963306546785449
0 0.13046875 0.034375 0.1046875 0.06875
0 0.04765625 0.01796875 0.0953125 0.0359375
0 0.06171875 0.08984375 0.1234375 0.1796875
0 0.0140625 0.0875 0.028125 0.1
0 0.05488195123546671 0.3487947727164068 0.10492614357108562 0.10737724267981755
0 0.03359375 0.27421875 0.0671875 0.1421875
0 0.0421875 0.4609375 0.084375 0.140625
0 0.46171875 0.1296875 0.0765625 0.109375
0 0.83203125 0.075 0.1171875 0.15
0 0.92421875 0.04453125 0.1046875 0.0890625
2 0.749306457459244 0.29763171471195243 0.23710187137526875 0.24473288669636234
0 0.6234375 0.0609375 0.11875 0.121875
0 0.07734375 0.65234375 0.1171875 0.1453125
0 0.16953125 0.621875 0.1046875 0.084375
2 0.05625 0.871875 0.1125 0.24375
0 0.6604169431375896 0.7785662780871778 0.12673121120744354 0.16851473734881744