2 0.2903131806174568 0.3573589379078609 0.44551468403881633 0.29365591152294623
3 0.1793473139322304 0.4959868356343847 0.2247829186823629 0.11952511606989855
3 0.5331568506524552 0.09535994967898373 0.2250920013526354 0.14608761606989862
3 0.5497336339513204 0.34892528044210447 0.24069882001909004 0.144797851459402
0 0.46401485729631986 0.2645014618538483 0.17134883601209036 0.0920353157455871
1 0.4933825419319122 0.4928486043053664 0.2966226507001803 0.2520024253226639
0 0.6576081265913671 0.5430962459461055 0.11041133601209037 0.09097164772652384
0 0.6055445452339592 0.7213127491925164 0.18877269334818117 0.11264782467404082
0 0.8958513718969139 0.7435836209477532 0.19197041868236298 0.1189523717519414
3 0.8331921186346378 0.22134615666156812 0.17094994135899882 0.19200804220663673
1 0.9591182719605473 0.27382450000659053 0.057595418682362974 0.11660684740221221