1 0.1390625 0.4296875 0.221875 0.2
1 0.0390625 0.4609375 0.078125 0.1375
1 0.664239112272847 0.21914830619529252 0.2618129350298613 0.18538638059640905
1 0.53359375 0.5609375 0.3828125 0.0625
1 0.569177266148819 0.6822348043862702 0.2696631090418057 0.25446392921692806
1 0.26015625 0.65390625 0.0203125 0.1421875
1 0.35078125 0.83515625 0.2015625 0.1953125
0 0.680293991263194 0.8147750667107421 0.133795731382639 0.11625352103089917
0 0.34921875 0.659375 0.1984375 0.121875
3 0.93203125 0.925 0.1359375 0.15
0 0.8090547708984717 0.8277807570089466 0.19498780452090295 0.13038462008095947
0 0.871875 0.603125 0.25625 0.146875