0 0.06796875 0.61484375 0.1359375 0.0984375
0 0.0359375 0.559375 0.071875 0.084375
0 0.12119620560602709 0.5596473299490465 0.10671360831306043 0.08154210064862308
0 0.19565532924078982 0.6539252098186629 0.12708065046753828 0.09127165665497756
0 0.30517629586691086 0.4964457207757115 0.19268746974937906 0.08929214529089187
0 0.16441494048071661 0.5174286022701808 0.09564884328594588 0.0594761858759707
0 0.10450867535540605 0.47340982102059287 0.19277837334017517 0.10491714529089183
0 0.06796875 0.4546875 0.1359375 0.071875
0 0.2234375 0.44375 0.1 0.05
0 0.33515625 0.4390625 0.1328125 0.040625
0 0.01796875 0.79140625 0.0359375 0.0703125
3 0.64296875 0.9875 0.2859375 0.025
2 0.60390625 0.47265625 0.2078125 0.1078125