0 0.11171875 0.328125 0.1109375 0.121875
0 0.604721966222656 0.24055631671074212 0.1137726156156063 0.18821705223856355
1 0.8437158477644522 0.21389972071289948 0.1756649418392609 0.28803998982323475
3 0.98671875 0.16484375 0.0265625 0.1734375
3 0.94375 0.25625 0.1125 0.265625
1 0.18956886113039334 0.8114553149017197 0.1890302208490434 0.2233157485296619
3 0.4356163794756577 0.7444193803692665 0.09494556285771356 0.3196374706013579
3 0.4859375 0.590625 0.065625 0.303125
0 0.1953125 0.4953125 0.13125 0.2125
0 0.12481320029646614 0.4836368521022781 0.12508954721387228 0.16855964947960161
0 0.14399656882525705 0.598269240161919 0.0942945735222315 0.17473440637700666
0 0.0807006372975783 0.6490228346894236 0.07475634727034208 0.1067280348257091
0 0.27569388985782706 0.5840130676152533 0.0751203683170294 0.11297803482570909
0 0.2973953136341724 0.682321092830024 0.11010158404557516 0.17867827792830404
0 0.41299646878290475 0.5676997501115416 0.089076452503779 0.138633132066747
1 0.49609375 0.65859375 0.0453125 0.3234375
0 0.27734375 0.45625 0.1046875 0.134375
2 0.90859375 0.47734375 0.1609375 0.1765625
3 0.62578125 0.44921875 0.1734375 0.1203125