1 0.4734713129095086 0.4208209585086764 0.1362876964259822 0.3864357526208936
0 0.0203125 0.5953125 0.040625 0.046875
0 0.12421875 0.02890625 0.0859375 0.0578125
0 0.35703125 0.71328125 0.0984375 0.1890625
0 0.2859375 0.9703125 0.059375 0.059375
1 0.171875 0.9578125 0.24375 0.084375
1 0.040625 0.89921875 0.08125 0.2015625
3 0.3818451002481765 0.9199407765227037 0.14426028896022594 0.12786178901808826
3 0.1171875 0.7 0.1625 0.1625
0 0.7805768806869858 0.846099165633077 0.0766636858759707 0.10011871838316741
1 0.72265625 0.721875 0.1078125 0.20625