0 0.1234375 0.49609375 0.225 0.0671875
3 0.55625 0.04296875 0.1875 0.0859375
0 0.978125 0.296875 0.04375 0.115625
3 0.77421875 0.37734375 0.2484375 0.2640625
3 0.86796875 0.1421875 0.2640625 0.21875
1 0.33125 0.91953125 0.375 0.1609375
3 0.53828125 0.92421875 0.1890625 0.1515625
0 0.02734375 0.88828125 0.0546875 0.0828125
0 0.17238647241007699 0.6620123880489978 0.12066292848861027 0.10130905601527207
2 0.21875 0.58984375 0.359375 0.1203125
1 0.3828125 0.5953125 0.39375 0.13125
0 0.60390625 0.77890625 0.0921875 0.1015625
3 0.98125 0.9359375 0.0375 0.125
0 0.965625 0.7328125 0.06875 0.115625
1 0.8765625 0.85 0.246875 0.240625