1 0.4671875 0.25234375 0.165625 0.1328125
1 0.93203125 0.20234375 0.1359375 0.1703125
3 0.59609375 0.16875 0.0921875 0.15
0 0.32958828192137435 0.45516474506291604 0.2416634731635293 0.16788240349472244
0 0.4 0.55703125 0.3 0.2640625
3 0.446875 0.8328125 0.20625 0.171875
0 0.01953125 0.45390625 0.0390625 0.1296875
3 0.3767564851882635 0.8249317311952078 0.21942752775932117 0.18608688962701408
0 0.615625 0.43125 0.13125 0.165625
3 0.6720108235603564 0.7393280716196525 0.17151165946843888 0.144407229482778
0 0.98046875 0.76171875 0.0390625 0.1203125
0 0.859375 0.978125 0.1 0.04375