2 0.86015625 0.7058185681331361 0.2796875 0.2800794027172232
3 0.7078125 0.7184673571558777 0.2109375 0.15580359981466554
0 0.27734375 0.8253100571637269 0.1140625 0.08835815027015244
3 0.36328125 0.9102951484560539 0.4421875 0.17940970308789234
3 0.1359375 0.7313095421027844 0.2 0.13667165389834962
1 0.31875 0.6189434952754945 0.3515625 0.2279018330244426
0 0.23671875 0.5465476509031246 0.1578125 0.10394843393541642
0 0.17578125 0.4858259165122213 0.165625 0.10265875244707061
0 0.065625 0.37416667549789595 0.1140625 0.09304565027015244
0 0.0984375 0.2354687632468439 0.165625 0.0948462524470707
3 0.49453125 0.6532069117877158 0.2265625 0.1907242368379741
3 0.4203125 0.4443651359270002 0.184375 0.12050101687504107
0 0.56484375 0.39316227839260437 0.171875 0.12475200725639413
1 0.61953125 0.27710325797418434 0.384375 0.2259226707733905
0 0.6734375 0.14070445570459886 0.1421875 0.09246529691210789
3 0.8484375 0.3069718403656547 0.1171875 0.15721727767481414
1 0.91640625 0.41637661141704696 0.15625 0.12108137023308566
3 0.98359375 0.9523166006172736 0.0328125 0.030833337748948253