0 0.16969331382089176 0.36799663041861697 0.17548178903121975 0.08994320357377186
0 0.09046890125310511 0.4258993137264337 0.08154998184962739 0.05487318380210837
0 0.9146796026557198 0.12519114023008657 0.16927724082661796 0.09750103558899427
0 0.9178722594679698 0.2476882227396006 0.16167381908544912 0.13312020060802235
0 0.946768898228043 0.38241604981190713 0.10211701190385654 0.09945085475263546
0 0.737393898228043 0.39094742730195564 0.1850113251355733 0.11688770555093812
0 0.7878024435057787 0.45294074992563793 0.16304542154477702 0.10037136760421675
0 0.6581649404807166 0.4496313606097724 0.11772383118569749 0.09696252471457925
0 0.5876847897185907 0.3470594589366172 0.13966246369925486 0.10879136266130089
0 0.4578558682720096 0.5109057361226546 0.20840337334017517 0.11003021049385424
0 0.6087098411446465 0.4922618709898957 0.10194429508134384 0.06976335475263547
0 0.667008154474559 0.540655608632606 0.20849427693097128 0.12565521049385406
0 0.7316882780111259 0.5661384282905388 0.2020988311856975 0.10040054250907655
0 0.9042627147794093 0.5731657252110585 0.15059996369925485 0.10923703163466172
0 0.9161945673369332 0.6703126392415034 0.14129768657189173 0.12135502965749527
0 0.8093678504162245 0.6395175784808192 0.20858518052176755 0.14128021049385406
0 0.7926707089256768 0.6901860819408603 0.10495112041330898 0.04957818874502422
0 0.8564332270760495 0.7391382350968903 0.09258747579950324 0.07250635277546902
0 0.5362848744203296 0.5897218028148378 0.10995678298109546 0.10445668973360736
0 0.6055025070320829 0.6407948714841873 0.14740224082661796 0.09660969764227278
0 0.41834794067710834 0.5890599110275143 0.1458397408266178 0.0965460306460784
0 0.3488570764121195 0.7192050088600676 0.12548178903121965 0.08790585969555131
0 0.8228233798812786 0.2062594095074585 0.1114011083130606 0.08420785672980183
0 0.751804814410067 0.7332476738419145 0.16289088544042335 0.07380886760421675