1 0.209375 0.2328125 0.140625 0.259375
2 0.6965645078968359 0.549809565240404 0.32918857201231544 0.2000088025772479
2 0.35078125 0.39453125 0.1421875 0.2171875
1 0.42890625 0.03046875 0.2984375 0.0609375
1 0.8140373124461497 0.33650173903026526 0.2731385599120669 0.23143586499257687
1 0.68203125 0.64140625 0.4578125 0.1171875
3 0.45028842983439643 0.3713282818850329 0.16976812021691715 0.18384381275401332
1 0.4612446314334028 0.5093605483933764 0.10063632513557327 0.11461577792830405
0 0.040625 0.78125 0.08125 0.071875
1 0.35625 0.86640625 0.153125 0.2015625
0 0.48671875 0.7171875 0.1609375 0.034375
3 0.75859375 0.90234375 0.1671875 0.1953125