0 0.075 0.29609375 0.15 0.1109375
0 0.00859375 0.25234375 0.0171875 0.0640625
0 0.4640625 0.1484375 0.05 0.10625
0 0.43515625 0.25703125 0.1078125 0.1234375
0 0.30576689601428475 0.12083496236321559 0.2098871285298145 0.13460624813797323
0 0.4421875 0.115625 0.09375 0.08125
0 0.43828125 0.06796875 0.1015625 0.1359375
0 0.3640625 0.0453125 0.121875 0.090625
0 0.415625 0.015625 0.146875 0.03125
0 0.25390625 0.053125 0.1515625 0.10625
0 0.7233337953937818 0.4411239993763183 0.19532452335696499 0.11676377667402046
0 0.5849221647523961 0.48382942204034396 0.14036423871722903 0.10484166542531544
2 0.89296875 0.91328125 0.2140625 0.1734375