0 0.316535976683266 0.1357767537249776 0.11672493344863373 0.1978240385920637
0 0.375 0.34453125 0.121875 0.2109375
0 0.51640625 0.415625 0.0640625 0.06875
0 0.5308433954975685 0.2116843678275618 0.11171018052176755 0.14121884108157462
3 0.653125 0.32890625 0.234375 0.2421875
3 0.76015625 0.21328125 0.0796875 0.1921875
0 0.275 0.41953125 0.08125 0.0609375
0 0.81796875 0.384375 0.0359375 0.13125
1 0.51953125 0.8390625 0.1765625 0.321875
0 0.678125 0.97734375 0.103125 0.0453125
0 0.6796875 0.47421875 0.0875 0.0484375