0 0.05387956431339933 0.16693837368955317 0.07748225478036197 0.0921059592838688
0 0.6496915144979695 0.07854664520579471 0.10732804595791859 0.15709329041158943
2 0.7155437453765215 0.4046320195920985 0.21531982109634615 0.251879082355113
0 0.8817368491694344 0.2516002498523417 0.054584975322997664 0.1233163864894796
2 0.6911040384090047 0.8831377513935014 0.0853739003691402 0.14240634793281687
3 0.4012659901347343 0.6830816988002942 0.1729902236249547 0.34408756631598403
2 0.2955061459025453 0.6579593877260973 0.1181444324473981 0.24098355027685514
1 0.11059451805093898 0.884548573412698 0.11029235965300903 0.21558303207825807
2 0.19538172579364826 0.9576973743078622 0.09705427513842757 0.057570272978959024
2 0.3263718214101131 0.4676953331303054 0.15841088217054294 0.14086243676633484
3 0.15582068708010186 0.5673215006183089 0.15029559839424209 0.25704864126984167
0 0.2140244108619401 0.59393526295681 0.058892941085271475 0.06912953423772628
3 0.04928318553894237 0.7243107826965668 0.07411502775932124 0.18525518198597268