1 0.47578125 0.17578125 0.0484375 0.3515625
3 0.2078125 0.1296875 0.240625 0.259375
0 0.28550521976744336 0.31788932741251086 0.07373549352159507 0.1288541754978958
0 0.2872505875969004 0.18628466334736035 0.145889898209672 0.18437997840045367
0 0.18359375 0.45546875 0.1203125 0.0671875
0 0.18341989049464927 0.42324400472450546 0.08240958667404978 0.11824405771188111
3 0.049297609496125494 0.30969491461330473 0.09536826650055427 0.22314981252120453
1 0.69140625 0.446875 0.2015625 0.084375
0 0.78515625 0.46171875 0.0953125 0.0546875
3 0.31953125 0.90703125 0.1703125 0.1859375
1 0.58515625 0.6359375 0.1703125 0.284375