0 0.0734375 0.17890625 0.146875 0.1140625
1 0.13671875 0.3703125 0.2734375 0.078125
1 0.23203125 0.05078125 0.2140625 0.1015625
0 0.4234375 0.12421875 0.16875 0.1234375
1 0.49609375 0.36484375 0.2234375 0.0890625
2 0.7703125 0.065625 0.2125 0.13125
2 0.48614545567489414 0.21752983250776997 0.264923394391219 0.20717476095825482
2 0.6380864139517801 0.6403102069910414 0.3944404760284247 0.23970477874093507
2 0.8953125 0.6859375 0.209375 0.221875
1 0.6984375 0.91171875 0.371875 0.1765625
0 0.37109375 0.94609375 0.0640625 0.1078125
1 0.9375 0.4546875 0.125 0.090625