1 0.06015625 0.3140625 0.1203125 0.15625
1 0.32421875 0.0890625 0.2109375 0.178125
0 0.31953125 0.43125 0.1359375 0.075
0 0.2539849961011772 0.3520526495125111 0.12014996268299924 0.12376777210332364
3 0.1859375 0.44921875 0.159375 0.0390625
1 0.965625 0.3890625 0.06875 0.159375
0 0.650738533378407 0.07201242616818133 0.16217383068109026 0.1109328029821361
1 0.45 0.15234375 0.040625 0.2109375
1 0.096875 0.54921875 0.19375 0.1609375
1 0.37890625 0.86015625 0.1015625 0.1859375
0 0.06484375 0.64765625 0.1296875 0.0640625
1 0.77109375 0.55859375 0.2703125 0.1796875
1 0.51171875 0.78828125 0.1640625 0.1421875
0 0.9015625 0.5078125 0.146875 0.078125