0 0.7292414376962127 0.7271718492338477 0.1756351650834338 0.10651808762187223
3 0.15282718113749202 0.9639177474927175 0.12103619629109837 0.07216450501456499
2 0.2702592633405247 0.7957229916202229 0.44542312188998184 0.25321855753448264
1 0.3323011606724197 0.6399563764182434 0.24536116689245624 0.15691054420664746
0 0.14550716756982474 0.6033188797834557 0.1500619549975256 0.09485316191590946
0 0.21985431309269748 0.39954667359439183 0.17300148801421236 0.11580215940862688
0 0.27916735809517185 0.31078570196592176 0.19108974672063966 0.13348976458147632
0 0.08691125904511154 0.24434704506457736 0.15073034034363303 0.04806909012915472
2 0.10264580167273674 0.30642950791755885 0.1795790366347314 0.12223401583511766
3 0.10675236827193717 0.14663697077054025 0.1811415366347314 0.1222794799417403
1 0.47359238749381405 0.23999714350700224 0.3280851356847917 0.18739967775102695
3 0.38889756218818633 0.3802835112162641 0.20728131275401324 0.17452394154108042
3 0.6974503686106214 0.38848142227424365 0.20300324852966192 0.18220004922121244
0 0.7459365355030776 0.5396634890464334 0.17753185775648744 0.08317151583511766
0 0.861606964608464 0.15690011632260656 0.25539790818602903 0.1400412929530063
0 0.9692711369279872 0.9080199986133447 0.06145772614402567 0.05465405925034226