0 0.9046875 0.16640625 0.190625 0.1140625
1 0.8203125 0.03046875 0.290625 0.0609375
0 0.5328125 0.01171875 0.165625 0.0234375
1 0.5015625 0.2375 0.225 0.203125
2 0.91328125 0.04453125 0.1734375 0.0890625
0 0.7411211547957965 0.62734375 0.16997784200867017 0.1015625
3 0.55234375 0.73125 0.3265625 0.234375
3 0.4140625 0.45078125 0.05 0.1671875
3 0.43515625 0.4921875 0.0921875 0.128125
3 0.4515625 0.5875 0.125 0.1375
1 0.46796875 0.971875 0.1578125 0.05625
1 0.4109375 0.859375 0.04375 0.2125
0 0.6581350785721419 0.53046875 0.1471017841302798 0.084375
1 0.5592278707361038 0.46875 0.28143055247554416 0.1640625