0 0.47201209688114476 0.2822987107335878 0.2144465439906485 0.2959863040260897
0 0.1688782093333438 0.11378233135740798 0.0982743244848352 0.1432056546785449
1 0.5131610055990774 0.11075097473740583 0.2299279888018452 0.21186584269572592
2 0.3796405398182417 0.644825435391452 0.14766086307689896 0.2593033693507266
0 0.5759953215618282 0.6127049207510871 0.11449132033565021 0.15119996801399935
0 0.48163705724017375 0.8673009667409056 0.10118583693238996 0.11982269867918127
0 0.5668482323543532 0.44448163208145075 0.10980382033565021 0.1511454240133631
1 0.6247340165735176 0.976319788709407 0.14164397095570572 0.0473604225811858
2 0.870715825711013 0.6239536927911761 0.16089456888575776 0.2485295013526354
0 0.1289166441725636 0.7443419880251352 0.12841211037760658 0.17009541868236297
0 0.04553164594641706 0.7276079266788631 0.09106329189283412 0.16678860534690845
0 0.7210919047692405 0.11160659209894999 0.1424746103776066 0.1702590506842719
0 0.7303377728205168 0.051504886099586325 0.1272262734452168 0.05143632535009015