0 0.3625 0.2515625 0.20625 0.096875
0 0.2234375 0.2859375 0.103125 0.028125
0 0.15859375 0.2546875 0.2078125 0.090625
0 0.09765625 0.25546875 0.1953125 0.0890625
0 0.05625 0.2125 0.1125 0.146875
0 0.0328125 0.16328125 0.065625 0.0546875
0 0.27362346144059463 0.2044180977175091 0.11453870435383653 0.10635295157021041
0 0.19985114474303883 0.1714441248353978 0.14875001324684387 0.10266566191590928
0 0.3852430077197303 0.18165889614729874 0.14713294954451311 0.10105769780928667
0 0.415625 0.046875 0.10625 0.09375
0 0.06171875 0.115625 0.1234375 0.08125
1 0.278125 0.7671875 0.38125 0.215625
0 0.1796875 0.9890625 0.15 0.021875
0 0.06484375 0.94765625 0.1296875 0.0984375
0 0.065625 0.884375 0.13125 0.103125
0 0.1622073010036411 0.4854705547645028 0.19337303248413756 0.12893865690134437
0 0.661306999915182 0.4538558080632081 0.19806053248413757 0.12907504922121243
1 0.6699751278679978 0.6526199169969813 0.28051093393541643 0.16581418276559176