0 0.12142375071608864 0.3009288374701687 0.08577496268299925 0.12424232878371635
3 0.175 0.36484375 0.209375 0.2015625
3 0.16328125 0.13984375 0.1453125 0.2796875
1 0.22578125 0.08828125 0.1078125 0.1765625
0 0.01328125 0.81875 0.0265625 0.19375
0 0.1796875 0.79609375 0.2 0.3140625
0 0.22109375 0.92421875 0.1171875 0.1515625
0 0.76796875 0.92109375 0.1015625 0.1578125
0 0.710561165420087 0.9002994830458892 0.09331474267981754 0.10116870181924557
0 0.8429913100731785 0.7940772541383383 0.1302885786919079 0.19190501778268043
2 0.6790737133990878 0.7469947005809006 0.2000567333704529 0.28260710049533805
0 0.4046875 0.9421875 0.1125 0.115625
3 0.38459700739972424 0.7654002140203546 0.11718859468490823 0.13976032092583351
0 0.63203125 0.60859375 0.0953125 0.1390625