0 0.43224696529589773 0.7897215479758666 0.11201867080279086 0.1765325748547749
0 0.4977355714804136 0.8442955779596559 0.06338479282674854 0.08238016046291677
0 0.08890469082960659 0.18742076323456633 0.11950338887180564 0.17220894789030416
0 0.19876029207044382 0.13090958995136806 0.15729831981405518 0.2004452638537389
0 0.3183186752422663 0.0692742690255346 0.11364687278026224 0.13300089867609244
0 0.36287243253173335 0.26732647125906495 0.13789275595208475 0.19019696856846863
0 0.4109928582782028 0.20278878226010094 0.1190663462971587 0.16595894789030413
0 0.42914228871624915 0.32186411393930137 0.1067413089182919 0.12333480024766903
0 0.34540679106203764 0.4168727069910413 0.12077095792955621 0.14579199710451593
0 0.5174513998444435 0.48439403908452655 0.1345163836760257 0.20872864474715097
0 0.4767931848775218 0.35312907651191394 0.08221120248167466 0.10661818114108117
0 0.5119055122331456 0.2853037216733497 0.15035990496334897 0.21258139081820956
0 0.5259240895887694 0.21846082403071457 0.12470434110137862 0.20204199710451584
0 0.5035295555640972 0.06876275062142714 0.12455152179152655 0.1375255012428543
0 0.5912152258626849 0.046185679488451314 0.1331945482746301 0.09237135897690263
0 0.5814253265993191 0.12632467390688004 0.1630784262506726 0.2162885876750565
0 0.6305348159556574 0.12559477378304554 0.06346120248167449 0.1057448858558109
0 0.6651936752422662 0.05311830624803424 0.08144637797604233 0.09568068114108116
0 0.5786399081423168 0.38887817783582146 0.11567926634364482 0.11752144789030412
0 0.6144624296817417 0.31089657299725726 0.11339550050420293 0.15167812406898662
0 0.5968275434078262 0.49627114681857487 0.11005197921687966 0.1484075748547749
0 0.7275094608564223 0.5205540552145769 0.1024908514929388 0.12936647642635143
0 0.17822963476130632 0.24633553680821488 0.09380426634364492 0.11650260339082215
0 0.6763882653352388 0.14915639826631688 0.09384782500983527 0.1616695541766105