1 0.2046875 0.0609375 0.234375 0.121875
2 0.5234375 0.26640625 0.153125 0.2453125
0 0.5484375 0.12265625 0.103125 0.1671875
1 0.4484375 0.29609375 0.24375 0.1859375
2 0.6609375 0.1234375 0.121875 0.246875
0 0.7033543256788353 0.2921342276646965 0.10542386228216216 0.15458480024766902
1 0.5046875 0.63359375 0.190625 0.3515625
3 0.3140625 0.44140625 0.175 0.1046875
1 0.3540155277074778 0.5836089441662505 0.21291533870851378 0.25313792431665566
2 0.87890625 0.8859375 0.2203125 0.228125
1 0.92578125 0.72109375 0.1484375 0.2296875