0 0.4001197027801856 0.19499021591915727 0.20712757775694418 0.12980382325581447
1 0.8190276532512971 0.31730439544112 0.30718494929333306 0.2434238371354751
1 0.8068708229024546 0.4384982749907693 0.3203684544771292 0.25203737353266964
1 0.4746447917996769 0.5064004804171267 0.4272431710652773 0.28374605335917413
3 0.5944016342595383 0.5849586721207071 0.26759618605101815 0.14610874614248867
3 0.6908304090472239 0.841361261572534 0.2258967016024071 0.1667426187523077
0 0.3358702155033352 0.9293652159191573 0.1810927580585183 0.09861438001107459
3 0.14893543496620534 0.8372439744001472 0.252947217153796 0.1917821915466967
0 0.13063166017851965 0.5758349074658541 0.19585788708777754 0.14306528685861988
0 0.11341051470291705 0.4827252575581391 0.2268210294058341 0.18346904379845022
2 0.04381162271416718 0.6214756793650792 0.08762324542833436 0.19142364126984165
3 0.07398306583382006 0.6776267473791064 0.1479661316676401 0.1203496776670363
2 0.20129689175240872 0.6738533004337388 0.33532907313879584 0.2809634099298641
0 0.3436756302070377 0.30736910240863696 0.14917837672018502 0.12453652991878954