0 0.08203125 0.01328125 0.1015625 0.0265625
0 0.203125 0.01875 0.134375 0.0375
0 0.3198436405769446 0.1505877499967047 0.1357232137152085 0.19447847727182857
0 0.3884111494106598 0.11039517247999484 0.11802656743868063 0.1723034683433748
0 0.3655756742962849 0.23650765908731425 0.10443553970326391 0.12521028003177204
0 0.25358547378319474 0.2899990775134146 0.12220492116215294 0.15051028896022575
0 0.3937409611497573 0.4400417621715693 0.13154485999173637 0.21627165665497755
0 0.4004059223964239 0.29021904017474653 0.07903549620027786 0.10758640340856669
0 0.4359375 0.23984375 0.10625 0.2203125
0 0.46015625 0.18046875 0.0578125 0.2078125
0 0.4765625 0.04765625 0.025 0.0953125
0 0.4578125 0.375 0.0625 0.121875
0 0.45 0.4890625 0.078125 0.153125
0 0.15078125 0.05 0.0921875 0.1
1 0.565625 0.70390625 0.153125 0.2296875
1 0.53203125 0.9078125 0.0859375 0.184375
3 0.76328125 0.946875 0.2015625 0.10625