0 0.0640625 0.12421875 0.128125 0.1015625
3 0.084375 0.4765625 0.16875 0.171875
0 0.188706058757845 0.1783690677664495 0.17353523442229637 0.13308405773721593
2 0.38671875 0.23515625 0.0640625 0.2046875
3 0.3328125 0.034375 0.171875 0.06875
3 0.271875 0.61640625 0.29375 0.0453125
2 0.0953125 0.37578125 0.190625 0.1765625
0 0.559375 0.01328125 0.184375 0.0265625
2 0.75234375 0.053125 0.3140625 0.10625
3 0.4625 0.20703125 0.0875 0.1609375
3 0.5109375 0.4765625 0.184375 0.2
1 0.30078125 0.94765625 0.2359375 0.1046875