0 0.03671875 0.17109375 0.0734375 0.0984375
0 0.090625 0.0390625 0.18125 0.078125
2 0.3515625 0.27421875 0.234375 0.1859375
0 0.525 0.25 0.1125 0.1
0 0.80234375 0.03125 0.1421875 0.0625
2 0.8838945698093674 0.3287861043053663 0.22252165665497756 0.1304080689919978
0 0.09711513880136535 0.6820395637202875 0.12326595048646735 0.08181483603812652
0 0.19033903328147828 0.6210554249222173 0.07107615909060953 0.04497730925276535
3 0.4484375 0.734375 0.040625 0.13125
1 0.20653718303989219 0.9011559821463878 0.17140344155801374 0.0654728157455871
2 0.9546875 0.94296875 0.090625 0.1140625
1 0.50390625 0.6875 0.0703125 0.16875
0 0.6073879857965405 0.6659254143689106 0.13910913879807013 0.09458757142762994
0 0.50234375 0.70234375 0.0671875 0.0578125