0 0.12602190855069706 0.15987536165559385 0.08063754922121244 0.19855621838316742
3 0.03671875 0.06875 0.0734375 0.1375
2 0.93515625 0.16171875 0.1296875 0.2828125
0 0.6830544732113157 0.1434658050572172 0.07434208511458973 0.1965932001845701
1 0.675 0.0796875 0.175 0.159375
1 0.59921875 0.44609375 0.1453125 0.1265625
3 0.8376737770513817 0.1510348804725 0.0983084340192331 0.2698700138796607
2 0.92578125 0.44609375 0.1484375 0.1265625
2 0.09453125 0.8625 0.1890625 0.275
3 0.4265625 0.5890625 0.10625 0.159375
0 0.4421875 0.68984375 0.075 0.1359375
3 0.07578125 0.6171875 0.0765625 0.215625
3 0.03984375 0.71015625 0.0796875 0.1421875