2 0.0484375 0.25546875 0.096875 0.1765625
0 0.286801800656684 0.10995293039203738 0.20482469810012063 0.1288045901960187
1 0.28544958333468645 0.3149678126060225 0.28590427973732646 0.15814983901489227
0 0.5125 0.4953125 0.0875 0.06875
0 0.6 0.49140625 0.121875 0.0765625
0 0.7846074575995174 0.4212674310250096 0.210337713703953 0.11496034500534211
0 0.6411540287212736 0.4553919159640671 0.10508364767057934 0.07073414065150559
0 0.5782755704443877 0.4156275223173366 0.21428158525525037 0.13069447241000381
0 0.540625 0.396875 0.14375 0.10625
0 0.50078125 0.3359375 0.0640625 0.14375
0 0.6973807745374021 0.3532589862898199 0.11626016508343395 0.1054365228654909
0 0.624387009838081 0.31235867857793886 0.1502257293077852 0.09882442431676956
0 0.8123030896662644 0.34083588655997243 0.147100729307785 0.09871529691210786
0 0.8614509978522934 0.20949660652290553 0.12802318068726598 0.09181053248413758
0 0.509375 0.23984375 0.08125 0.0765625
3 0.55859375 0.97109375 0.1796875 0.0578125
2 0.4953125 0.70390625 0.053125 0.2203125