2 0.0453125 0.26328125 0.090625 0.0921875
3 0.41796875 0.18046875 0.1421875 0.2578125
1 0.30546875 0.26953125 0.2140625 0.0796875
2 0.878125 0.1546875 0.24375 0.309375
1 0.59296875 0.1546875 0.2078125 0.309375
2 0.13984375 0.52578125 0.2796875 0.4078125
3 0.26953125 0.9578125 0.2453125 0.084375
0 0.04609375 0.82890625 0.0921875 0.2546875
0 0.98125 0.55625 0.0375 0.21875
0 0.95546875 0.759375 0.0890625 0.221875
0 0.946875 0.81953125 0.10625 0.2109375
0 0.9375 0.95390625 0.125 0.0921875
0 0.83828125 0.95546875 0.1359375 0.0890625
0 0.8765469316722058 0.8864785690855914 0.1622553778516064 0.2234042797373263
0 0.8268077475267646 0.863627567276569 0.06149630937615384 0.10911605042954128
0 0.7750938556386142 0.9193143232694627 0.08120803207825791 0.1008055834462283
0 0.94296875 0.62421875 0.1140625 0.1234375
0 0.8885801549926187 0.6854450135676673 0.11293769586563354 0.15852955223856355
0 0.94765625 0.50625 0.1046875 0.15625
0 0.8272772054263575 0.42139247964646936 0.10216088217054295 0.13616322930778518
0 0.7865041201365837 0.817912275553455 0.091863732262828 0.16988313206674716