2 0.4828125 0.34765625 0.146875 0.1640625
2 0.85078125 0.15703125 0.1140625 0.3140625
0 0.603125 0.06953125 0.06875 0.1390625
2 0.92421875 0.39453125 0.1515625 0.0703125
2 0.24765625 0.58203125 0.2328125 0.3046875
0 0.01171875 0.65 0.0234375 0.146875
1 0.5265625 0.7859375 0.065625 0.2875
0 0.6375 0.47109375 0.096875 0.0828125
0 0.9234375 0.8578125 0.153125 0.2
0 0.9554811247214975 0.6058851744477493 0.06415450135263541 0.14473417984777565
3 0.8989498613939972 0.6465300790866539 0.07051468403881636 0.2886751808363588
0 0.98671875 0.48828125 0.0265625 0.1171875
0 0.56484375 0.81796875 0.0109375 0.0796875