1 0.46484375 0.28125 0.2453125 0.315625
1 0.60703125 0.16796875 0.1640625 0.2953125
0 0.21439233829710216 0.12482581725932593 0.12206351687504098 0.19381338606495563
1 0.26640625 0.3125 0.2734375 0.253125
0 0.03515625 0.190625 0.0703125 0.18125
2 0.73046875 0.10546875 0.0828125 0.2109375
0 0.1015625 0.48359375 0.121875 0.0890625
3 0.57109375 0.9546875 0.1453125 0.090625
0 0.73359375 0.52890625 0.0890625 0.1390625
0 0.73828125 0.84765625 0.0984375 0.1953125
3 0.97421875 0.54609375 0.0515625 0.2140625
3 0.8896824487419049 0.6912486874032882 0.18345737386128266 0.25647262485506805
0 0.9625 0.7453125 0.075 0.15
1 0.93984375 0.859375 0.1203125 0.28125