2 0.109375 0.053125 0.1625 0.10625
0 0.2099662207430871 0.2989295156311293 0.11428512485506807 0.18316292848861018
1 0.04453125 0.275 0.0890625 0.259375
0 0.5640625 0.04765625 0.1125 0.0953125
0 0.8001923501400828 0.12829866698885853 0.11689994182452992 0.17716802000387935
0 0.7256230427135187 0.1843416307741217 0.10290134364130096 0.13877519970043756
3 0.959375 0.053125 0.08125 0.10625
0 0.9476898771017861 0.354254744419302 0.09814994182452992 0.17563747091226495
2 0.57578125 0.67578125 0.2328125 0.2734375
0 0.7625 0.91328125 0.134375 0.1734375
0 0.9389050663412419 0.7795254245749021 0.10392170970237728 0.15127519970043757
0 0.96796875 0.7609375 0.0640625 0.26875
1 0.88515625 0.68125 0.1796875 0.284375