0 0.17124972860037674 0.31489590726804007 0.13922764192396553 0.20033373195336796
3 0.35546875 0.50625 0.3015625 0.165625
3 0.29921875 0.184375 0.2515625 0.36875
0 0.02421875 0.3515625 0.0484375 0.290625
3 0.96484375 0.25546875 0.0703125 0.4703125
0 0.69296875 0.56640625 0.0671875 0.0453125
2 0.440625 0.9078125 0.271875 0.184375
2 0.375 0.6578125 0.29375 0.1375
1 0.190625 0.9484375 0.29375 0.103125
1 0.5484375 0.8875 0.221875 0.225
3 0.30662505745486734 0.7152090962796668 0.22607519454068417 0.2224706863123343
1 0.44878944162749945 0.7656495720092574 0.14000191567207612 0.13350142946385707
3 0.7792581916274994 0.7261205176456468 0.21421223137238704 0.23246099295103023