3 0.07578125 0.53203125 0.1515625 0.0953125
3 0.58828125 0.52578125 0.0828125 0.1078125
1 0.4439838876799188 0.4263503447644501 0.35425220452587247 0.1978589813812704
0 0.5216361890077786 0.3460094114417222 0.15987496974937904 0.0877919960216353
0 0.56171875 0.27890625 0.1359375 0.0890625
0 0.58671875 0.02578125 0.0859375 0.0515625
3 0.2637969388113869 0.47268790073995126 0.22288402985783762 0.17601924936345306
3 0.3179703126425414 0.2506770880808144 0.18495678298109547 0.10214539735836252
0 0.1599078277678519 0.20587202339272456 0.1725022347764936 0.10981244668999893
1 0.1421875 0.09140625 0.284375 0.1828125
1 0.94453125 0.29375 0.1109375 0.1625
1 0.72109375 0.17890625 0.1828125 0.2203125
1 0.871875 0.0828125 0.25625 0.165625
2 0.9359375 0.16171875 0.128125 0.1390625
1 0.49296875 0.9046875 0.2578125 0.190625
2 0.3859375 0.6078125 0.359375 0.05625
1 0.32578125 0.67265625 0.3203125 0.1859375
0 0.15849181527481998 0.7006209020528157 0.11924087939029934 0.0857567813494537
3 0.07890625 0.70078125 0.1578125 0.1984375
3 0.8859375 0.94921875 0.228125 0.1015625
1 0.953125 0.79921875 0.09375 0.1734375
1 0.7359375 0.628125 0.16875 0.096875
0 0.8461856953524904 0.8446532600652243 0.1661795119038567 0.09723972135581711
2 0.73984375 0.909375 0.2203125 0.15