0 0.084375 0.08203125 0.125 0.1640625
1 0.275 0.10703125 0.15625 0.2140625
2 0.74765625 0.17109375 0.2359375 0.3421875
1 0.77421875 0.378125 0.1984375 0.1625
0 0.453603735439177 0.7908145703853815 0.09409654002227175 0.16620818787965277
0 0.38864235411358566 0.8493732592149648 0.05401588534372674 0.07779899810013902
0 0.5453125 0.4734375 0.10625 0.028125
0 0.37734375 0.53046875 0.1140625 0.1421875
0 0.30078125 0.52578125 0.0953125 0.1328125
0 0.17504983207349661 0.5589522002287498 0.08733746268299925 0.12231271751493064
0 0.9640625 0.94296875 0.071875 0.1140625
0 0.97109375 0.51640625 0.0578125 0.1140625
0 0.9002401887332697 0.6831124795796871 0.11319198535963508 0.19633209897381948
0 0.942472047382225 0.5516254370266316 0.06831474267981755 0.09843880642076393
0 0.909375 0.52421875 0.128125 0.1296875
0 0.896875 0.490625 0.103125 0.0625
0 0.8445345340547249 0.5968853452710066 0.10281701201463563 0.11017639342673621
0 0.80859375 0.52734375 0.0984375 0.1359375
0 0.8238867740690423 0.7028632415475344 0.09534995735199914 0.13968205547083343
0 0.6969248320734966 0.7386397002287498 0.08733746268299925 0.12231271751493064