0 0.03828125 0.1890625 0.0765625 0.096875
0 0.19140625 0.384375 0.1578125 0.03125
0 0.03515625 0.07265625 0.0703125 0.1296875
0 0.27890625 0.034375 0.1015625 0.06875
0 0.0781728827971381 0.12346074677854615 0.1138508576783142 0.0803147347764936
2 0.4457808995943703 0.2154528040583344 0.21423121120744354 0.1683601563212706
0 0.7494727394265451 0.14225269515609867 0.20142263527271584 0.12299311416679296
1 0.7203125 0.33046875 0.284375 0.1390625
1 0.20078125 0.48671875 0.2578125 0.1734375
0 0.18515625 0.87421875 0.2890625 0.1453125
0 0.0203125 0.7453125 0.040625 0.090625
3 0.0765625 0.6609375 0.153125 0.165625
0 0.971875 0.7578125 0.05625 0.090625
0 0.371875 0.9046875 0.084375 0.096875
0 0.36875 0.78828125 0.078125 0.1296875
0 0.33984375 0.659375 0.0203125 0.09375
0 0.49536927034493905 0.6747783279642436 0.1883306394219007 0.11510789129415606
0 0.4468241039533366 0.6112425479100143 0.16527164772027056 0.09935562626704134
0 0.5699422952400484 0.6283578459182244 0.12104805103961844 0.09285109621281222
0 0.6379720900558894 0.7326140747427898 0.1438702444009227 0.10547836123992678
0 0.7585661647412174 0.5927526649054776 0.20816954274124874 0.10897606596219109
0 0.6157158139113804 0.5934833970496927 0.10520956348717307 0.06933178298109546
0 0.5601869417109191 0.5408396652000652 0.21247853444287887 0.12461924668035032
0 0.49850315789274 0.5100254815550398 0.2012091477202705 0.09956470452587256
0 0.3703125 0.4859375 0.08125 0.10625
0 0.36171875 0.425 0.0640625 0.05
0 0.43046875 0.45 0.2015625 0.1
0 0.4390625 0.40546875 0.10625 0.0109375
0 0.6835410087225771 0.5095401891059745 0.11550844606059663 0.1021897347764936
0 0.6176190881817897 0.45371236992232955 0.15085395020978148 0.09458631303532483
0 0.7954257020838812 0.5226856046006274 0.14761055103961845 0.0930056323171656
0 0.859375 0.4265625 0.128125 0.053125
0 0.41567288279713815 0.8390857467785462 0.1138508576783142 0.0803147347764936