0 0.6069282897743 0.23679640141626895 0.0982853157455871 0.17142156134627215
0 0.5653504902607673 0.15660891474376917 0.05761367694751698 0.07877952800763603
0 0.7212176972466471 0.9368123933799979 0.10234552434972918 0.1263752132400043
0 0.9333882349890569 0.7836741381285396 0.05426258035608385 0.15528748400699968
0 0.6056472443245478 0.9329055960375439 0.13995461850553054 0.13418880792491236
0 0.4747966647792429 0.9541351586966804 0.10012845941492117 0.09172968260663908
0 0.49925869683960994 0.7645572274029059 0.12350350405718977 0.18421246268299923
0 0.4336921980574259 0.8052089520607699 0.10590690097293472 0.16057496801399934
0 0.45691328409555243 0.6835794000636335 0.09735801542127547 0.11829656134627217
0 0.5633502447282895 0.629337890077951 0.11023984496658024 0.14031701201463562
0 0.43058042938644425 0.49104645472627 0.11758078652459392 0.20288973734881743
0 0.42341103734196334 0.6331794107256337 0.07364778003177204 0.10239884134309048
0 0.36939964732607733 0.6833424953850885 0.13326033360249454 0.20619655068427195
0 0.33557802638491474 0.7407731873806341 0.10809669236879245 0.19653064934754488
0 0.30308135187302965 0.9013652420432707 0.11193871266133196 0.14814769334818118
0 0.20933135187302968 0.9002743620305441 0.12271257142762995 0.13889996268299926
0 0.2547450377490004 0.8054709393698165 0.14578760714144492 0.2079045013526354
0 0.20978709375535484 0.7846311806969986 0.05489778003177213 0.10218066534054522
0 0.15492626989209293 0.8386914246896808 0.07345686525911974 0.0914613413430903
0 0.34427869075052997 0.5556805720480432 0.10662392126547413 0.11215564934754471
0 0.2846349095009419 0.6151550220400891 0.10097393912238158 0.14645792401336308
0 0.36260772524652896 0.4457152260502705 0.09935689204448091 0.14331474267981753
0 0.2522390154245708 0.36707151070177113 0.0927796095770769 0.12449201734563582
0 0.6584916006552136 0.8640861547580867 0.08472164772652384 0.11033861067790873
0 0.17614847930701402 0.7420436913589988 0.08085235389503401 0.1571590666772721