0 0.3932665526336834 0.22526063787631045 0.08163290268936266 0.16765110831306052
0 0.4557761906429102 0.15765095705995538 0.049328385343726744 0.07684430113146816
0 0.41640625 0.671875 0.0890625 0.05625
0 0.3285286065802312 0.6186606590517452 0.10154541335136287 0.13339428298109546
0 0.47734375 0.51796875 0.0640625 0.1984375
0 0.4625 0.65546875 0.0625 0.0890625
0 0.47734375 0.6609375 0.0640625 0.078125
2 0.759650789902959 0.48197424618937107 0.14291694271163422 0.332059041958086
3 0.8501779819382757 0.22232705629782962 0.21937035471036168 0.3231294695529872
0 0.9390625 0.06953125 0.121875 0.1390625
3 0.653125 0.109375 0.15625 0.21875
3 0.146875 0.95390625 0.18125 0.0921875
0 0.566782584579913 0.9088078943192182 0.08453972668681722 0.14891928903121965
1 0.88359375 0.93203125 0.1890625 0.1359375