0 0.2828125 0.01953125 0.171875 0.0390625
0 0.10078125 0.01953125 0.2015625 0.0390625
0 0.065625 0.01875 0.13125 0.0375
0 0.20546875 0.0453125 0.1140625 0.090625
0 0.12922804057927673 0.06919157677596574 0.14807496801399936 0.11082239258219673
0 0.3046875 0.05390625 0.128125 0.1078125
0 0.3234375 0.184375 0.090625 0.1
0 0.02421875 0.1265625 0.0484375 0.090625
0 0.97109375 0.26328125 0.0578125 0.1078125
0 0.41328125 0.04765625 0.0890625 0.0953125
0 0.5033035292807296 0.18616107078307192 0.1858295066836356 0.1346626843053107
0 0.44453125 0.2328125 0.1515625 0.115625
0 0.5602978692711847 0.25344374604327113 0.11989542401336299 0.10466092378986111
0 0.6525950046149115 0.17209084746818065 0.14191587468172653 0.1183073439616777
0 0.7263217639242762 0.34468182044438767 0.20452496268299925 0.13095783016686777
0 0.5933098165977304 0.30168317220798146 0.10399770401018138 0.08040455223856355
0 0.5257586899268215 0.3364543198785608 0.20783177601845376 0.14674660447712728
0 0.46328125 0.346875 0.1890625 0.121875
0 0.42109375 0.37578125 0.1046875 0.1078125
0 0.63203125 0.38828125 0.1140625 0.0828125
0 0.55546875 0.40625 0.1484375 0.046875
0 0.73984375 0.4 0.1453125 0.059375
0 0.475 0.0234375 0.1125 0.046875
3 0.18828125 0.57890625 0.3390625 0.2984375
3 0.06484375 0.63984375 0.1296875 0.2078125