0 0.42143078369569603 0.5008110593484061 0.1002070856534969 0.16352315260503386
0 0.4088383125245881 0.3767742458661708 0.10183528763096845 0.11999147642635144
3 0.158433029004119 0.6964682775025899 0.15010853268728983 0.23125861621110388
0 0.13271820893796232 0.4296082632345664 0.0899908514929388 0.12878427956950458
1 0.7696108296245375 0.6938674307313055 0.2041404688253195 0.2244307274598089
3 0.7132251637654253 0.41432763399829325 0.12847346932952242 0.36730312406898663
3 0.5717592935830531 0.27434695099518525 0.1146080752619369 0.23583480024766904
2 0.4853626076971251 0.3614531528144308 0.1716771661112139 0.36152831306795064
3 0.5408760082978732 0.08274391770162703 0.20362701659574647 0.16548783540325407
0 0.8561724984105161 0.2728571098054721 0.07894409084927716 0.12671235731976357
1 0.48768811231182757 0.9327309933849716 0.16135239926336595 0.10251718610347993
1 0.3779906842195696 0.9668406277930401 0.07762225544788173 0.040993181141081435