2 0.16064878138294486 0.24560066462445648 0.1279325209219632 0.34335110534690844
0 0.28359375 0.234375 0.0328125 0.18125
3 0.87578125 0.1015625 0.2484375 0.165625
0 0.61484375 0.4296875 0.1234375 0.159375
2 0.06171875 0.59921875 0.1234375 0.1796875
3 0.21640625 0.796875 0.1671875 0.296875
0 0.21796875 0.98046875 0.0640625 0.0390625
0 0.18604752304799507 0.893318359922049 0.1359050333397988 0.17329314401654478
1 0.6640625 0.9109375 0.275 0.178125
2 0.93359375 0.5890625 0.1328125 0.159375
0 0.85234375 0.9765625 0.0859375 0.046875
3 0.5904961648628266 0.7517581159293669 0.11741012485506808 0.17619996801399934
0 0.5078591369830395 0.7261319546069573 0.07589230455162621 0.16478975334181775