1 0.45 0.32734375 0.21875 0.4078125
3 0.2533110939090338 0.4793179007334887 0.17907740870767305 0.21225200725639404
0 0.12724959091380889 0.5204835924734533 0.13963296279135698 0.19995041469812272
0 0.04921875 0.384375 0.0984375 0.159375
3 0.52421875 0.171875 0.0703125 0.34375
0 0.0765625 0.0171875 0.1125 0.034375
0 0.8655655903656548 0.6087945804077359 0.13396331614940155 0.17166172359113005
1 0.940625 0.61328125 0.11875 0.1921875
2 0.7571454220393349 0.393563939208076 0.2642361479078998 0.28233138347992953
0 0.6546875 0.6484375 0.1375 0.121875
2 0.0546875 0.9078125 0.109375 0.184375
2 0.2984375 0.77421875 0.234375 0.1296875
1 0.7859375 0.81328125 0.209375 0.2078125
3 0.5984375 0.8390625 0.078125 0.225
3 0.8796875 0.83359375 0.159375 0.2484375