0 0.446875 0.19453125 0.084375 0.1140625
0 0.3385916711654873 0.1479693470138954 0.16709425684847723 0.08968437697836444
3 0.21196904896502602 0.08919745533620986 0.2230608369323898 0.129968540252776
3 0.62890625 0.07578125 0.2796875 0.1515625
3 0.7435187373519527 0.14317230438627018 0.35937869046151916 0.22426517412854546
0 0.5140625 0.559375 0.05 0.059375
1 0.6989436336223307 0.3353730924913396 0.36610228714217125 0.2308427227490643
3 0.10897410352912935 0.6851883067611194 0.16387601369695445 0.17044305404758595
0 0.21820739357108562 0.7095885204650723 0.11231166846619489 0.06502521370395287
0 0.44375 0.809375 0.090625 0.059375
2 0.3434945039486922 0.8842343956344145 0.21150803029369403 0.141813443011738
3 0.5515625 0.87890625 0.125 0.1046875