1 0.9375 0.0875 0.125 0.175
0 0.97734375 0.3296875 0.0453125 0.11875
2 0.121875 0.653125 0.24375 0.28125
1 0.22421875 0.47734375 0.1890625 0.1765625
2 0.2546875 0.5984375 0.128125 0.309375
3 0.2109375 0.878125 0.171875 0.24375
0 0.29765625 0.775 0.0421875 0.196875
1 0.445962649268003 0.6772549307991778 0.17124193738063412 0.3552498685927999
2 0.4453125 0.93984375 0.253125 0.1203125
3 0.70703125 0.83984375 0.2515625 0.3203125
0 0.7230433172740482 0.6214546224727705 0.07803518801718105 0.1296821828135251
0 0.6701081265913672 0.7415243833471854 0.15218176002545328 0.19361203163466173
0 0.88828125 0.4765625 0.1265625 0.175
0 0.8557745486155479 0.5559185112943444 0.08573860001590834 0.12062551779449712
3 0.9360512999284124 0.7033572439941389 0.10723288669636233 0.22301568874502423