0 0.28882295070052144 0.2868370952048731 0.08812086189159736 0.16535940637700666
0 0.3366441612815979 0.3634715162812007 0.05174564437666671 0.0776203889641522
0 0.43515625 0.06875 0.1046875 0.1375
0 0.5125 0.01484375 0.1 0.0296875
0 0.5056792231176046 0.08284007123329787 0.09219011284152785 0.13904256784239594
0 0.59296875 0.1578125 0.0328125 0.121875
0 0.4578125 0.50859375 0.1125 0.0390625
2 0.22734375 0.96875 0.1296875 0.0625
2 0.47109375 0.859375 0.1828125 0.28125
1 0.91015625 0.6109375 0.1796875 0.24375
3 0.81015625 0.55859375 0.1140625 0.1390625
2 0.9 0.971875 0.19375 0.05625
0 0.8640625 0.97578125 0.075 0.0484375