3 0.911264808320625 0.05118035878133024 0.03502961664124982 0.029525673916276605
2 0.9019866061920142 0.3567618553212891 0.08645056553881965 0.22674818380210837
0 0.7732037234988542 0.155606579123835 0.09102765634451408 0.15512785178688593
0 0.66993586597566 0.2794022233826164 0.1010209053945836 0.1820723537640523
0 0.0997123253224654 0.15938427026595509 0.08063436379145843 0.11099584980971958
2 0.14311617999586815 0.11276127965749523 0.13735714247680564 0.13360036167271766
0 0.8173499538346535 0.9121576680591396 0.12078789152687505 0.15946252471457925
3 0.6007079677023619 0.9128023834215476 0.213884581306389 0.1743952331569048
0 0.4888801149288202 0.9175057653602202 0.07678331838861112 0.1467423488211363
1 0.4200911344961117 0.7788942515200559 0.17282708947451422 0.38324753460041094
0 0.2977641524478827 0.8886446418245045 0.101637848023889 0.14151102076024671
2 0.22778995924989628 0.5314422954748259 0.22445971181534743 0.2542258794672147
2 0.19929932370694478 0.4139855400376186 0.1570877610179168 0.10942803262324471
1 0.4341613669255905 0.24325784045536047 0.19128222948277784 0.17014003954332696