3 0.18359375 0.334375 0.3671875 0.15
0 0.7881269747774041 0.08827810674099838 0.1900237024816745 0.10631600405718977
1 0.51484375 0.07265625 0.2921875 0.1453125
3 0.731947666615417 0.19094518506848718 0.2818284262506726 0.2140387751605081
1 0.80859375 0.36640625 0.3453125 0.0859375
2 0.1078125 0.46015625 0.215625 0.1015625
2 0.0625 0.5 0.125 0.1625
3 0.2421875 0.59453125 0.253125 0.1796875
0 0.10741184236188639 0.6463747991097908 0.20717835149293878 0.1284637394466932
0 0.23644305054354406 0.8584463307664161 0.19388067599857095 0.13915577759614023
1 0.86875 0.96875 0.2625 0.0625
0 0.48345091041123067 0.5543544890429514 0.1696890591703934 0.19491485389503396
0 0.7390625 0.9609375 0.1375 0.078125
3 0.44770370659217384 0.8373539496756883 0.11794088887180565 0.16904210064862307