0 0.52265625 0.078125 0.0671875 0.1375
0 0.6512819402418183 0.22108895974529413 0.1896147717116218 0.12431528685861988
0 0.5975169313504781 0.28189724938169114 0.1669392510334573 0.10572597316352947
0 0.7276774662966663 0.2800517520025848 0.11984592721213971 0.09803458667404978
0 0.7997772522763116 0.17888857263750566 0.14393839867609248 0.11359902991878953
0 0.90859375 0.340625 0.1828125 0.11875
0 0.7750768511190198 0.32226833281653844 0.10461903349844608 0.07213342072720579
0 0.7148627890845265 0.3701260394795135 0.21341614474715104 0.13362973010335963
0 0.650271596156621 0.394195792718716 0.20592897642635144 0.1066667119047624
0 0.521875 0.3984375 0.065625 0.1125
0 0.58359375 0.440625 0.1890625 0.096875
0 0.8426581492997741 0.4190617921004073 0.11574062406898662 0.1102341980251019
0 0.77265625 0.45234375 0.1515625 0.0734375
0 0.94296875 0.41875 0.1140625 0.1
0 0.57109375 0.040625 0.1171875 0.08125
0 0.440625 0.65546875 0.096875 0.0984375
0 0.028125 0.73359375 0.05625 0.0984375
0 0.06953125 0.6328125 0.1390625 0.1125
0 0.19182770347638467 0.795843140033224 0.2111258986760923 0.11790460055371046
0 0.04765625 0.7765625 0.0953125 0.071875
0 0.04453125 0.82421875 0.0890625 0.1328125
0 0.11140814929977419 0.8737492921004073 0.11574062406898662 0.1102341980251019
0 0.05859375 0.921875 0.1171875 0.103125
0 0.22892313503175057 0.8742277583241063 0.14797092721213972 0.0998369185677376
0 0.29296875 0.97734375 0.1296875 0.0453125
1 0.5953125 0.55390625 0.2125 0.1296875
0 0.6666330742356024 0.5984872786821719 0.1814383986760925 0.1160021391103733
0 0.822484967949296 0.5834001040974547 0.19324919396136267 0.13545304595791854