2 0.17890625 0.571875 0.3546875 0.15625
2 0.46640625 0.546875 0.2140625 0.20625
1 0.3151566640674514 0.36203229030573303 0.3507465293602715 0.222802623536567
0 0.30485386871417963 0.21575822384587257 0.15119996801399935 0.11361402179152655
3 0.56953125 0.15859375 0.0796875 0.1203125
2 0.64921875 0.1921875 0.0796875 0.1375
1 0.67734375 0.3828125 0.1359375 0.2875
0 0.46650953138922463 0.8321102075022276 0.16853291868236298 0.1273158888718057
0 0.47109375 0.6828125 0.1421875 0.065625
0 0.32305897605027045 0.8007013063972763 0.16982269867918126 0.10398764951546742
1 0.03671875 0.83359375 0.0734375 0.1453125
3 0.57578125 0.75703125 0.0671875 0.2140625
0 0.06875 0.975 0.1375 0.05
3 0.8046875 0.69375 0.390625 0.0875
2 0.7046875 0.91796875 0.190625 0.1640625