1 0.1671875 0.1140625 0.334375 0.228125
2 0.28125 0.18046875 0.1375 0.1921875
1 0.8328125 0.325 0.334375 0.228125
1 0.090625 0.9640625 0.18125 0.071875
3 0.175 0.8078125 0.35 0.225
0 0.0359375 0.7609375 0.071875 0.1625
2 0.21270179521832092 0.6698449792356612 0.209904162970653 0.20843266823232476
0 0.934375 0.95625 0.13125 0.0875
1 0.93203125 0.790625 0.1359375 0.240625
0 0.4876940899425316 0.789878216222656 0.17225297355046648 0.15018055247554418
3 0.49375 0.93046875 0.2875 0.1390625
1 0.44453125 0.4640625 0.1890625 0.05
0 0.90234375 0.51328125 0.1953125 0.1484375
2 0.71171875 0.5421875 0.2953125 0.20625
0 0.62734375 0.46328125 0.1453125 0.0484375