2 0.49375 0.3859375 0.05 0.1625
0 0.2805413623654925 0.5305640094993967 0.182688131037097 0.11254202283992143
1 0.29240617953339354 0.33726771087887775 0.2599325926364372 0.1399919934412793
2 0.5921875 0.3203125 0.146875 0.1375
0 0.783543308063208 0.09897757406243227 0.1746937746106063 0.10588258706427264
0 0.5359375 0.1421875 0.034375 0.11875
3 0.621875 0.4453125 0.20625 0.1625
0 0.740866411586705 0.22524350294067608 0.17929034639736088 0.10300324852966192
1 0.6203125 0.73984375 0.203125 0.1015625
1 0.84375 0.76640625 0.3125 0.1546875
3 0.83515625 0.89296875 0.3296875 0.1859375