0 0.5276899853543723 0.7621207518549264 0.08747662091177588 0.17521884793281667
0 0.4606340908453282 0.8372196838408994 0.05334384793281686 0.07966651603912886
0 0.8564922270210407 0.0616066182170532 0.09488860271317848 0.1232132364341064
0 0.7385933281930599 0.055440411014211 0.12982480721668566 0.110880822028422
0 0.6120901873846437 0.023548264576411224 0.09583173658176473 0.04709652915282245
0 0.5768676789036539 0.20111340068290726 0.11453976866002265 0.18473355027685517
0 0.5234410926910295 0.14851812924510752 0.09605058451458141 0.1633196252307126
0 0.509761719619785 0.27699358266888013 0.09158432757475125 0.11790699568106326
0 0.6006987978128451 0.3513043653654469 0.10548614126984165 0.1405830320782579
0 0.4265022293373926 0.47139322717792426 0.10500408235511305 0.20590764342931003
0 0.46242684222960406 0.3235972748338858 0.06724566162790709 0.10234255243632351
0 0.4227320889904016 0.26311965222406675 0.1222917119047624 0.20857156847545255
0 0.40584378007567307 0.19884640114433264 0.09542882325581452 0.202181866131414
0 0.42172600323920245 0.05116557449243214 0.10342299352159508 0.10233114898486428
0 0.3265334191860464 0.04035728485603508 0.11255816162790726 0.08071456971207017
0 0.3448445257567364 0.11872690700442876 0.1347917119047624 0.20937260487264706
0 0.29331230413436654 0.1336998673680317 0.04713342072720579 0.10416586829088237
0 0.25469918954411197 0.06848467998338803 0.07113212523071262 0.09014294108527147
0 0.35930303979328054 0.39089300123661774 0.10358367982650449 0.1108955320782579
0 0.3179153786267987 0.32040932295127267 0.0935869185677376 0.14915699568106336
0 0.3448622031192308 0.5069685842100397 0.09182415946843889 0.1459318661314141
0 0.2101076688815046 0.5700669663805826 0.08749760487264702 0.1269816070321154
0 0.7669104904392761 0.12513548427463808 0.07868380937615385 0.1108559592838688
0 0.24730938926725682 0.17165974475821272 0.06792558451458142 0.1615172933370249