0 0.7665912479127077 0.7777538165530706 0.264391114741389 0.08583195454365704
0 0.6680284209747217 0.6806821732907737 0.3321254350298613 0.17760244317957136
0 0.5254610208984717 0.5937843709378672 0.18859233415618065 0.11730805113509035
0 0.8157963865897913 0.5441424756436801 0.18074346656499998 0.11560918344033873
3 0.6105289647620482 0.4647474817327602 0.3260209053945836 0.18374334902377001
1 0.6660730627859373 0.32816114528759655 0.3377208183886111 0.14958653733537278
1 0.5115881973789582 0.1824377678536122 0.28372430262104176 0.17831946347211086
2 0.16972408643729137 0.36404668344033875 0.30585256933854177 0.12247856655636599
2 0.11714133425308985 0.507718816963403 0.21602765634451399 0.15527170129724616
0 0.9351659420606246 0.45243799106495575 0.1097399823325695 0.08469437418757338
1 0.1664275937523952 0.7743120275961402 0.22071646276527795 0.22251374837514692
0 0.07904616807647546 0.6249648181812191 0.15809233615295093 0.13260576866768653