1 0.2421875 0.0359375 0.24375 0.071875
0 0.021875 0.415625 0.04375 0.19375
0 0.41640625 0.53203125 0.1046875 0.2140625
3 0.39375 0.353125 0.15 0.24375
2 0.92578125 0.2984375 0.1484375 0.44375
3 0.5821054817483924 0.30124159222317043 0.2263847223568522 0.2741053957806082
1 0.6964398957788372 0.2940905258454509 0.18916856524648934 0.31759853060296184
1 0.85390625 0.5125 0.1953125 0.253125
3 0.25078125 0.91796875 0.2203125 0.1640625
3 0.36796875 0.9078125 0.1484375 0.184375
3 0.3328125 0.72265625 0.215625 0.1671875
2 0.4390625 0.76953125 0.059375 0.2359375
2 0.73515625 0.74140625 0.2515625 0.2046875
1 0.73515625 0.96796875 0.1953125 0.0640625
3 0.7828125 0.8828125 0.125 0.234375