0 0.43984375 0.31171875 0.09375 0.1515625
3 0.27265625 0.1921875 0.1609375 0.271875
2 0.19140625 0.3265625 0.1703125 0.196875
1 0.73828125 0.071875 0.15 0.14375
3 0.9265625 0.25234375 0.0625 0.1890625
3 0.98203125 0.79296875 0.0359375 0.234375
0 0.7109375 0.634375 0.046875 0.1203125
0 0.715625 0.2984375 0.078125 0.14375
0 0.5953125 0.25625 0.096875 0.1609375
0 0.46875 0.48515625 0.090625 0.159375
1 0.0890625 0.721875 0.13125 0.196875
1 0.13359375 0.88828125 0.1703125 0.2234375
3 0.17578125 0.6546875 0.0765625 0.2
0 0.1375 0.1046875 0.0890625 0.209375