0 0.17655008900274255 0.18406320707099405 0.15149237765916687 0.13729836463846717
1 0.39296875 0.1984375 0.2734375 0.221875
1 0.46640625 0.5421875 0.1265625 0.296875
1 0.0265625 0.859375 0.053125 0.190625
3 0.09609375 0.4859375 0.1921875 0.171875
1 0.64609375 0.89765625 0.2328125 0.2046875
1 0.58515625 0.43984375 0.1109375 0.2609375
0 0.915625 0.9640625 0.1625 0.071875
0 0.953125 0.428125 0.09375 0.09375
0 0.8306681185411111 0.34160645163378656 0.12303876291777768 0.05496602570316254
0 0.6140040293509373 0.5118539901513494 0.11297408510611114 0.09202035672980183
3 0.67890625 0.6640625 0.2984375 0.159375
3 0.81328125 0.62421875 0.3734375 0.2484375
2 0.91015625 0.8796875 0.1796875 0.228125