0 0.2707184293163031 0.11575070238457327 0.12155134783255317 0.06944086729005097
2 0.8578125 0.4921875 0.284375 0.075
2 0.90703125 0.30859375 0.1859375 0.2453125
0 0.91953125 0.02265625 0.1609375 0.0453125
2 0.675 0.0609375 0.31875 0.121875
1 0.309375 0.65546875 0.28125 0.2046875
3 0.62109375 0.94375 0.2765625 0.1125
3 0.790625 0.934375 0.253125 0.13125
0 0.6635824085560563 0.789259883495516 0.15496602570316256 0.12274767447164336
1 0.86171875 0.884375 0.2765625 0.2125
1 0.92734375 0.97578125 0.1453125 0.0484375