1 0.50703125 0.39921875 0.2453125 0.0609375
2 0.32597464592416525 0.7121802747896719 0.4057143197775986 0.2554339512062228
0 0.12890625 0.98125 0.1703125 0.0375
3 0.40859375 0.484375 0.2234375 0.109375
1 0.6 0.84375 0.059375 0.203125
3 0.53046875 0.7734375 0.1984375 0.18125
2 0.75078125 0.6578125 0.2421875 0.25
1 0.8921875 0.72890625 0.215625 0.2234375
1 0.91796875 0.55390625 0.1640625 0.1859375
1 0.90390625 0.45390625 0.1921875 0.0484375
2 0.8921875 0.8984375 0.215625 0.184375
3 0.96640625 0.665625 0.0671875 0.15