2 0.57421875 0.36015625 0.3109375 0.4171875
1 0.66640625 0.0390625 0.1265625 0.078125
1 0.3828125 0.63359375 0.2125 0.1515625
3 0.69296875 0.36640625 0.0734375 0.2640625
3 0.6 0.6703125 0.178125 0.078125
3 0.325 0.59765625 0.159375 0.2234375
0 0.7515625 0.259375 0.04375 0.134375
0 0.753125 0.2984375 0.046875 0.21875
0 0.8140625 0.03515625 0.0875 0.0703125
0 0.9241722795083221 0.6167289149519173 0.11063113342392406 0.1326426669304741
0 0.77109375 0.08359375 0.0828125 0.1390625
3 0.9484375 0.80390625 0.103125 0.1890625
1 0.84296875 0.94296875 0.2140625 0.1140625