2 0.93046875 0.2015625 0.1390625 0.165625
0 0.6872787540976774 0.31341192570130955 0.13244996801399936 0.11076944198043534
0 0.3828125 0.509375 0.053125 0.109375
0 0.36328125 0.5671875 0.0921875 0.090625
0 0.2921875 0.4671875 0.134375 0.096875
0 0.18107311274663268 0.6259511811041557 0.20261701734563572 0.1023646787556686
0 0.3284384614099055 0.6095511783321454 0.09914657200827222 0.06667083148532651
0 0.35 0.6578125 0.11875 0.11875
0 0.38359375 0.684375 0.0515625 0.09375
0 0.26710206675681397 0.7059109678652715 0.105796561346272 0.101409852532014
0 0.33828125 0.75703125 0.1421875 0.0921875
0 0.14996911075745034 0.7037730732398829 0.14158861067790857 0.09100297355046649
0 0.09369293344204044 0.8324371285580245 0.12120338534372674 0.08356990514873246
0 0.521778834062679 0.8576969208631608 0.1711852040101814 0.08491957352223167
0 0.44905040607095126 0.9143571735645839 0.07868862133990877 0.0529877630835923
0 0.96484375 0.43359375 0.0703125 0.0296875
0 0.9796875 0.94375 0.040625 0.090625
0 0.93359375 0.840625 0.1328125 0.103125
0 0.82265625 0.975 0.2015625 0.05
0 0.96015625 0.97578125 0.0796875 0.0484375