1 0.3265625 0.0796875 0.271875 0.159375
2 0.69296875 0.0921875 0.1859375 0.134375
3 0.7015625 0.053125 0.203125 0.10625
3 0.40065337927265315 0.8098611611547437 0.31932237552445353 0.24490579454985523
0 0.2991822771934163 0.6224305938242157 0.21631392946385705 0.14001490870767305
3 0.234375 0.98984375 0.175 0.0203125
3 0.20466545043349602 0.763278793916883 0.2348038203356503 0.1578026094333122
1 0.9515625 0.76328125 0.096875 0.2078125
2 0.89140625 0.32421875 0.2171875 0.2859375
3 0.73359375 0.540625 0.2671875 0.16875
0 0.94765625 0.6265625 0.1046875 0.178125