0 0.14937953604555892 0.1742143337944415 0.12519067394668237 0.19693248746358769
0 0.35546875 0.0765625 0.0328125 0.153125
0 0.4375 0.07421875 0.13125 0.1484375
0 0.5609375 0.05 0.096875 0.1
0 0.5453125 0.2375 0.1125 0.1625
0 0.6067927786286932 0.19814226411925798 0.09649184697528099 0.15089256175762475
0 0.5890625 0.290625 0.090625 0.05625
0 0.6734375 0.265625 0.121875 0.10625
0 0.70390625 0.23828125 0.0984375 0.1609375
0 0.7287471401478415 0.09518841184940234 0.10484648091420468 0.1386653463973609
0 0.8198025748453697 0.08295884798020652 0.11565643515656987 0.13742109514371967
0 0.7795446234779421 0.18280808379444152 0.13405549091614422 0.1909552721033238
0 0.8236454387804141 0.1989702928864993 0.048277745458072195 0.09493206677218975
0 0.8736133589340745 0.14325750197855705 0.06756987939699588 0.08302310015828454
0 0.3881861709025666 0.16124034303214857 0.07860297424624481 0.10360838479802066
0 0.8573668634760023 0.23675744939213228 0.07136430121764618 0.14860263605166182
1 0.3125 0.41875 0.053125 0.2
0 0.07240270574017753 0.7302631276718847 0.11932331121958599 0.201438131037097
3 0.1739813101323242 0.7809882048689156 0.163168906068835 0.22297816191590947
0 0.11015625 0.3359375 0.0890625 0.034375
1 0.2796875 0.59609375 0.11875 0.2390625
1 0.17275300529083393 0.5945733317493775 0.2263700209219633 0.34796144154108044
0 0.37421875 0.9234375 0.0703125 0.153125
0 0.4078125 0.98125 0.053125 0.0375
0 0.4491239287784744 0.4144515742275301 0.11377494182452988 0.17165970282385157
0 0.509375 0.38203125 0.096875 0.1265625
0 0.49319305104846844 0.4885626756394559 0.08979556576151389 0.10705163354437941
0 0.39271494786426975 0.5490706151354724 0.10251870636839736 0.12924488229073816
0 0.5261177660416797 0.6704180808914477 0.10580294515850959 0.18857441818411544
0 0.5263405198347015 0.533381082145089 0.06690019970043756 0.09391513605166182
0 0.5768345984730929 0.48081602329045803 0.12168303667377885 0.19215405925034226
0 0.607398814384388 0.4229724310497322 0.09773535364324068 0.18522209765100203
0 0.68203125 0.384375 0.1328125 0.13125
0 0.726770438780414 0.3708452928864993 0.048277745458072195 0.09493206677218972
0 0.77578125 0.3375 0.0671875 0.0375
0 0.6062036208928683 0.6007026259560251 0.09878792848861018 0.10263691818411544
0 0.6605242011982497 0.5396347453146395 0.09365388939893542 0.13522209765100204
0 0.5927792364949026 0.7075974836361569 0.09196384364130097 0.1336141335443795
0 0.7025211561895212 0.7734390954729241 0.08587334030732112 0.11629024122451134
0 0.7604918634760024 0.4086324493921323 0.07136430121764618 0.14860263605166182