1 0.62890625 0.215625 0.0421875 0.346875
2 0.57734375 0.14921875 0.1453125 0.1921875
2 0.9796875 0.234375 0.040625 0.159375
2 0.95625 0.33359375 0.0875 0.1109375
0 0.9640625 0.096875 0.071875 0.146875
0 0.71796875 0.03125 0.0765625 0.0625
1 0.4184597239696483 0.8229615613578478 0.16652782340579578 0.34266289152687524
0 0.29296875 0.94765625 0.0765625 0.1046875
0 0.01796875 0.45078125 0.0359375 0.1234375
0 0.8385068399415647 0.8253793529609729 0.08465279691210785 0.14404224715020852
0 0.825 0.94921875 0.090625 0.1015625
3 0.9171875 0.49296875 0.165625 0.2078125
3 0.92421875 0.42265625 0.1390625 0.0671875
1 0.71171875 0.8890625 0.1234375 0.221875