2 0.328125 0.36328125 0.403125 0.2421875
1 0.0640625 0.33984375 0.128125 0.2734375
3 0.03515625 0.121875 0.0703125 0.24375
3 0.296875 0.4578125 0.190625 0.103125
3 0.35703125 0.246875 0.3453125 0.19375
0 0.96328125 0.090625 0.0734375 0.13125
1 0.38984375 0.58046875 0.2796875 0.1421875
3 0.1578125 0.54296875 0.271875 0.0671875
3 0.1421875 0.61015625 0.284375 0.2015625
0 0.06796875 0.66953125 0.1359375 0.1671875
0 0.4765625 0.91171875 0.10625 0.1578125
2 0.7125 0.86328125 0.365625 0.2734375
0 0.90703125 0.94765625 0.1859375 0.1046875