3 0.253125 0.07578125 0.159375 0.1515625
0 0.01875 0.3953125 0.0375 0.184375
2 0.89609375 0.2015625 0.2078125 0.28125
0 0.9484375 0.10859375 0.103125 0.1484375
3 0.96875 0.28671875 0.0625 0.2859375
1 0.43828125 0.6546875 0.2453125 0.309375
0 0.593019382124479 0.6393696314334028 0.12736519984749997 0.1694681383672898
0 0.06171875 0.559375 0.1234375 0.11875
0 0.24027101614881907 0.8896953217177277 0.127292464665139 0.1663431383672897
0 0.2102796173068401 0.6340174934588965 0.106325348023889 0.13809996369925476
3 0.3796875 0.83515625 0.2625 0.3296875
0 0.20859375 0.9828125 0.1421875 0.034375