2 0.49765625 0.07578125 0.2015625 0.1515625
2 0.325 0.07578125 0.28125 0.1515625
0 0.57109375 0.16640625 0.0578125 0.1203125
1 0.54609375 0.74921875 0.1078125 0.2515625
0 0.5106087878779269 0.6956984462006137 0.13122342378986113 0.1274908514929388
0 0.1440564529613607 0.7712569130091207 0.15202724672063966 0.13828623986054148
0 0.05 0.72421875 0.1 0.1359375
2 0.13671875 0.89609375 0.2640625 0.2078125
1 0.7879016282215598 0.5326407073484785 0.3369555246489437 0.2508512138816409
0 0.65078125 0.478125 0.1015625 0.128125
2 0.8546875 0.92890625 0.290625 0.1421875