3 0.3720896652000653 0.29289915241244585 0.23669199980360833 0.13106014422102225
0 0.50703125 0.30625 0.0859375 0.071875
0 0.39376974336070064 0.3938031222600206 0.1179056383672897 0.12411927693097127
1 0.61171875 0.2046875 0.1234375 0.21875
1 0.371875 0.55859375 0.259375 0.0796875
0 0.5953125 0.93125 0.090625 0.084375
0 0.7682884752103281 0.8919986859827166 0.1896261022629364 0.09797493344863391
0 0.6316060866466465 0.89745327956325 0.0941136143631847 0.06304542154477702
0 0.6125 0.84921875 0.125 0.1140625
0 0.58125 0.82109375 0.0625 0.0890625
0 0.6983117976154267 0.8150316650036735 0.10210792154477702 0.09434087334017516
0 0.6378555657657994 0.7631191861791082 0.13487496974937904 0.08671927088084708
0 0.8053930445903645 0.8242481046006273 0.13330337939029951 0.08514768052176755
0 0.8719260387366322 0.712138990041051 0.11608860831306042 0.08036018657189174
0 0.56484375 0.66875 0.0296875 0.065625