0 0.182124266735486 0.4049387262555674 0.1713637449116173 0.08844942559888343
0 0.10355885346107443 0.46203525327936035 0.0806635018090223 0.05253185775648763
0 0.9068730404799187 0.16361004636127077 0.16552318068726635 0.09593437697836445
0 0.7152188862506186 0.0016543953535306188 0.1592864687923356 0.0033087907070612375
0 0.9054190038451871 0.28055188489588156 0.1611565852552502 0.13154432835784552
0 0.9260070635469827 0.4080251096811109 0.1047494549975255 0.09586577792830409
0 0.7243626763918529 0.4201510526928489 0.18369332654882306 0.11558513568479181
0 0.7703878273417926 0.47850910730626167 0.1609994549975255 0.09881371551297527
0 0.6450569566950063 0.4765072732942067 0.11552318068726616 0.09331398801421234
0 0.5831511782008751 0.37924717096478605 0.13961577792830404 0.10704229534115868
0 0.4509893741532894 0.5373196997976013 0.20359639077317443 0.1088371687014785
0 0.5968750842391976 0.5187666943705344 0.10015048620519007 0.06757700361804453
0 0.6513268888526105 0.5649965632082984 0.2058958751693421 0.12298155585660826
0 0.7108723072154046 0.5883654641582381 0.19833568068726617 0.09765400723608923
0 0.8766234599743665 0.5921444821369196 0.1489088907731741 0.10597111827193721
0 0.8826067870890167 0.6861025220510113 0.13698210085908258 0.11625352103089917
0 0.7820236109243063 0.65787238071201 0.20819535956550989 0.13712594301173803
0 0.7638601091152839 0.7071287522633076 0.10229284034363317 0.048990777928304044
0 0.8222591073062617 0.7523726532132472 0.09102114767057934 0.07177318068726617
0 0.522594379241672 0.6130356727738084 0.11132700361804453 0.10244332654882307
0 0.5862574095448252 0.6618992186807938 0.146773180687266 0.09495173111680728
0 0.41038098428462605 0.6134627979431505 0.14364818068726604 0.09478795680654795
0 0.3375875361845055 0.738818002036165 0.12448874491161739 0.08599281094499087
0 0.8147021506112555 0.24245542062610176 0.11174308344622821 0.08065021370395282
0 0.7227504302370402 0.7482384311415513 0.15804487336031983 0.07216932835784533