1 0.278125 0.0359375 0.18125 0.071875
1 0.16221209104645062 0.18056340038117077 0.16749761397040128 0.3315215577372161
3 0.51640625 0.27109375 0.1046875 0.3078125
3 0.1296875 0.51953125 0.06875 0.0609375
0 0.5140625 0.51484375 0.071875 0.0703125
3 0.31171875 0.503125 0.1140625 0.09375
0 0.225 0.48046875 0.115625 0.1390625
0 0.40859375 0.9609375 0.0734375 0.078125
0 0.35625 0.57265625 0.08125 0.0453125
0 0.45 0.6125 0.090625 0.125
0 0.28931040135130104 0.7281517609468666 0.08705561416679294 0.1971927893919517
0 0.31328125 0.59140625 0.0578125 0.0828125
0 0.2703125 0.5875 0.103125 0.075
0 0.21869389520298094 0.6502612503529359 0.09120678298109546 0.10527830517696728
0 0.171875 0.6015625 0.08125 0.103125
0 0.21257063934924844 0.7630797687687874 0.07890677088084716 0.1389252630835925
0 0.08725247678146184 0.8250476897025353 0.07411018657189175 0.1199022472985769
1 0.76953125 0.678125 0.1703125 0.25625
1 0.65859375 0.6203125 0.1546875 0.140625
0 0.771875 0.93046875 0.159375 0.1390625