1 0.3217899607026732 0.9535441070321153 0.1993987024816745 0.09291178593576924
0 0.4283895219667535 0.9855438810908087 0.11432457995351389 0.028912237818382636
2 0.5475665848203178 0.7233976411129581 0.45483959135348007 0.2982486443521607
1 0.650812281097806 0.5760195982373586 0.3927330752619369 0.25538122146548636
1 0.8420198401805858 0.7788406168973812 0.3159603196388282 0.21161263263196836
0 0.8897876637654253 0.5011149375323021 0.12541489926336596 0.10292234577334831
1 0.8036105911013787 0.24749048734773185 0.29730060694082033 0.18082370758582575
2 0.8936235859055985 0.28903524212809384 0.19290803788306973 0.2005773982096719
1 0.46178907785982676 0.24191830119970584 0.24218677204362815 0.2379562846991516
0 0.19721847946898116 0.2288525925341459 0.12955609604505716 0.09541023442229637
0 0.09539353553728144 0.28532503315799207 0.15822739926336585 0.10502506631598418
2 0.9482675272394083 0.5419587854651187 0.10346494552118343 0.22237325262089377
3 0.04902626994994115 0.3896830636950905 0.05456680372251177 0.15749112739018098