0 0.3622456821124542 0.21727775292856846 0.11728257909743345 0.17763952174882985
0 0.40878558438826734 0.1336229945256115 0.06600737939699589 0.08366934585538689
0 0.2163137496616443 0.9271249382135516 0.11776106909549375 0.12626802273741297
0 0.02268137362287414 0.7931969016731552 0.04536274724574828 0.1604865138401646
0 0.33323018269218235 0.9161317469970693 0.15471893515657004 0.1402323636498842
0 0.4606696564793852 0.9288479698110322 0.10959788273097573 0.10257585475263511
0 0.4474515346684331 0.7378383092406284 0.14486544515850963 0.19122186068413444
0 0.510732913606387 0.7734137119023667 0.12276730455162621 0.16851918973360736
0 0.49327395982306343 0.6534341343357686 0.10994856909549373 0.12594968775644108
0 0.3879804240673686 0.607890824069376 0.12723166394474275 0.14689885771838504
0 0.5294659066485631 0.4580752133852415 0.14014599425012406 0.20971719269935693
0 0.5287329698250032 0.6005982944118807 0.08510806576151389 0.10780718281352523
0 0.5818740742171498 0.6459306990507855 0.1560260857653933 0.2134788626613009
0 0.6124386769423065 0.7007481916364117 0.13195085697722053 0.20471135771838486
0 0.6384277367847666 0.8593127667315518 0.12799693849054988 0.15627385771838495
0 0.7319066698153047 0.8492745804579854 0.13466152667183912 0.14252969269935684
0 0.6917756195157423 0.7590289238419146 0.17034367728066221 0.2171768656270503
0 0.7374388058802603 0.7338087479484716 0.06623052000387944 0.10548067885919252
0 0.7909147501206861 0.7845780690892792 0.08408769970043757 0.09530718281352506
0 0.6127728721008163 0.5154155281002584 0.11881338606495576 0.12008168973360753
0 0.6698362019471558 0.56993193175058 0.11836684697528081 0.1527668557412186
0 0.5998260751352337 0.4069318660469799 0.11667680121764637 0.15114068874502423
0 0.7152435231686814 0.3189132598114696 0.10564370636839726 0.13044618676785796
0 0.2809659231492847 0.850518675856262 0.0966832945496865 0.11606535178688589
0 0.7738225870940274 0.6887217410283893 0.09881962152108806 0.16131418479069168