3 0.90703125 0.08359375 0.1796875 0.1671875
0 0.69765625 0.04609375 0.1140625 0.0921875
3 0.4487593995911433 0.36627317405313387 0.2857891723195232 0.298457870703362
1 0.93359375 0.6890625 0.1328125 0.259375
1 0.44453125 0.8890625 0.2265625 0.221875
1 0.32521127770116154 0.7964493806890445 0.2080050090451115 0.24446016669318063
1 0.3375 0.90390625 0.209375 0.1921875
0 0.27109375 0.625 0.1046875 0.13125
0 0.3562355483933764 0.7031175513605896 0.11443871551297517 0.15748633068109025
2 0.7609375 0.74140625 0.23125 0.3640625
0 0.8832694391665508 0.8076276167647682 0.1365527329258299 0.19209768801718105
2 0.9640625 0.834375 0.071875 0.33125
0 0.9859375 0.73046875 0.028125 0.0515625
0 0.9170568617132165 0.6776315814369498 0.10103131275401304 0.16982269867918126
2 0.83515625 0.6546875 0.1671875 0.190625
3 0.31328125 0.60078125 0.1109375 0.0828125
2 0.55859375 0.9203125 0.1859375 0.159375