1 0.4634416459900053 0.29293847528501493 0.2684804420993359 0.3503499127367947
3 0.3636706242783836 0.41315499362190433 0.24379715756743253 0.18800940940281485
1 0.3188288893749768 0.7242358858957777 0.27581344499481997 0.2404327787978712
3 0.25628173180754416 0.8974499874129865 0.19212334160399785 0.14799044515850995
3 0.7899890676205737 0.5005448416359553 0.1737501389561828 0.35506962152108806
0 0.7011448914418914 0.5031274498211238 0.12650264970954977 0.20956593182259015
0 0.6164339052956302 0.3668388766427441 0.14612594499482015 0.2298464809142046
0 0.058184757652995064 0.4217477121182732 0.1036815798171736 0.18746779121570664
2 0.14312064557572052 0.16887806150945006 0.17410539578060832 0.22901730455162622
1 0.7955949822173197 0.087190283774595 0.2003040227450789 0.17438056754919
0 0.3183111983045889 0.031553404691709086 0.08525260339082212 0.06310680938341817
3 0.5039209809789746 0.5768193966466235 0.25023124813797326 0.22589204667571855
0 0.7428271615008832 0.7277609169403669 0.09495724317557439 0.13383260818516848