0 0.08173695598421439 0.7325419487823537 0.08824087672018496 0.1220022878817268
0 0.16152361785967762 0.8578930219607332 0.1038070881245368 0.14033769970043758
0 0.3212499323743072 0.8231359004396452 0.09527141819055522 0.18462983363936125
3 0.4493713897261585 0.5024091990722177 0.20097461404351816 0.18705294515850976
0 0.4513064536751402 0.6310125601323242 0.06982306738935158 0.10653678454774695
0 0.3578989147966681 0.6968126454386755 0.09130708812453676 0.13931733363936125
1 0.42038439316652837 0.2751768904377056 0.2055622436384253 0.3813450790974334
1 0.6123969444388433 0.3324160792181196 0.231968918756203 0.3462684484924896
0 0.6482522808199537 0.0044174645341692135 0.1066204383600926 0.008834929068338427
0 0.7401766491987964 0.04811979604749862 0.11339670160240711 0.09623959209499724
0 0.863163321771159 0.7199489326921824 0.12816183063166625 0.20593074879205203