3 0.5094559725529069 0.679900167854911 0.24348454169936512 0.2662400801000249
3 0.1663103439565854 0.34720630595163704 0.16004756756361252 0.34967705423577733
3 0.25231134309865555 0.1815609224072576 0.14387699828414036 0.33047241316955056
0 0.30213653219896064 0.42755773251552975 0.08869409012915472 0.15089256175762475
0 0.2843232434025894 0.5568731594751339 0.14896165188677948 0.23694973370266403
1 0.3567150689502678 0.5906738464638679 0.179161280416594 0.36272262351524953
1 0.4440645855768082 0.11855010853806178 0.23062082884638357 0.23710021707612355
0 0.704523116984346 0.8436120122072079 0.07143238229073816 0.09418792069139777
3 0.6076126085380618 0.150146820203909 0.1750982545523465 0.2767396594086269
3 0.6235114270261112 0.43537962655125745 0.15785326708875883 0.1669554824490227
0 0.921744338546309 0.4337272321863253 0.03573892319868044 0.04787521034569906
2 0.26481810781314596 0.9321232120615587 0.12220527210332373 0.12220527210332363