0 0.30895727564507236 0.5271492287555415 0.18307367328319835 0.10832267202418037
0 0.04375 0.39921875 0.0875 0.1328125
1 0.29453125 0.3234375 0.2296875 0.16875
1 0.6875 0.5515625 0.328125 0.096875
1 0.565625 0.0546875 0.3125 0.109375
0 0.94609375 0.1640625 0.1078125 0.14375
2 0.8921875 0.49140625 0.215625 0.2171875
0 0.04296875 0.62734375 0.0859375 0.0546875
0 0.31015625 0.94921875 0.1734375 0.1015625
1 0.58671875 0.6609375 0.3546875 0.121875
2 0.48984375 0.84609375 0.1609375 0.2484375
1 0.80234375 0.93203125 0.3953125 0.1359375