3 0.09453125 0.0625 0.1484375 0.125
0 0.0359375 0.03828125 0.06875 0.0765625
2 0.09908674188562046 0.21950181951045772 0.19495358441327343 0.351826299589726
1 0.2598236444834082 0.28800613362233063 0.23281604869945838 0.2860362788438014
1 0.3578125 0.2984375 0.0625 0.290625
0 0.0734375 0.47109375 0.115625 0.1359375
2 0.0234375 0.38359375 0.046875 0.3109375
3 0.904551943186162 0.23272848300227517 0.06923301542127547 0.12227866431700996
1 0.89140625 0.05546875 0.2171875 0.1109375
3 0.6750126733006596 0.3412826537435552 0.21653648376465034 0.24735228714217125
1 0.8373428981368563 0.13923766951510208 0.12284893912238175 0.15442923610255282
0 0.13374415990468372 0.8346854211654872 0.07723643019392785 0.1338081601678251
3 0.2078125 0.60078125 0.1 0.1234375
1 0.25703125 0.928125 0.2140625 0.14375