0 0.21721158355287112 0.40743586597565995 0.17824116013203684 0.09458906743868067
0 0.13427265296847307 0.45169305262104176 0.08277283524981471 0.05494337955902786
0 0.9220828856736578 0.26962227507305636 0.12083876324231468 0.09793096656500015
0 0.781123569415602 0.06436846456822982 0.16007762902925898 0.047386759118055684
0 0.9118986584350933 0.38602852507305635 0.123709485014259 0.13074346656500016
0 0.9240583229024546 0.5154802889407647 0.07369036116879606 0.09371493882958344
0 0.7445464801597694 0.5003423321594104 0.18980337672018485 0.11980727298576407
0 0.78347298765264 0.5654413085080563 0.1679871653158333 0.1021469943004167
0 0.6615391990569918 0.5453807688047922 0.12369036116879606 0.09487870174736131
0 0.6105419185198618 0.43929311654434083 0.14523317049962933 0.10941398043270852
0 0.4661392246931492 0.5776263050895838 0.20943237153638866 0.11246755167111129
0 0.6100259257299084 0.579409623478195 0.10601484561740726 0.07107752583555574
0 0.6577901909984735 0.6329716877827437 0.21392438190398125 0.12816528685347245
0 0.7144311702632882 0.6656036562476049 0.20562386635259244 0.10458231648875013
0 0.8641482062670383 0.6902250625921188 0.1357214694628702 0.10763327488562506
0 0.8550965435431033 0.7847381287965286 0.11283077360990709 0.1133377610179167
0 0.7756332189437052 0.744529396463959 0.21671719123481453 0.14226415444465293
0 0.7535634378409274 0.7909861691653826 0.10593693317629622 0.05236389342673622
0 0.805302303627872 0.8438579024478827 0.0952140466541664 0.0723854526972918
0 0.527575719226529 0.6628202291015283 0.11826056738935158 0.104108231382639
0 0.5843732319031958 0.7205067489531602 0.15208876324231468 0.09865831838861112
0 0.4169505775206031 0.6477199463321185 0.15038956220555538 0.09705945079743064
0 0.33346555131879774 0.7608544195466322 0.1310927580585183 0.09037303970326391
0 0.8512242900562506 0.33686302003906327 0.114784252874722 0.08219686379145834
0 0.7090130639954645 0.8259599279990979 0.162674948727685 0.07707425911805572