0 0.8010888809872707 0.64818462820727 0.17400518577927465 0.09657244355406328
0 0.8780532876033416 0.6032838451749781 0.08185217787060921 0.055907748818873594
0 0.09714016311622378 0.775729175497896 0.13519735376405226 0.10145835099579195
0 0.09314638840164444 0.6585689573490614 0.13816052768032888 0.13588791469812272
0 0.06361144421941274 0.5272544699629331 0.08825868676785786 0.09825893992586625
0 0.25708953018896785 0.5464930872007938 0.18758752471457935 0.12357145317271012
0 0.20997976684309502 0.4816567716843644 0.16501218775644105 0.10562006134007813
0 0.33486702030313614 0.5024008360196675 0.11944501977166348 0.09778771397248338
0 0.3993207925462576 0.6099702885594054 0.14345552273741297 0.11266866950744614
0 0.5278702623944707 0.471694016959859 0.20764535672980172 0.11803078130301117
0 0.3826214293906651 0.4681820926430894 0.10280134783255317 0.07224207694917481
0 0.32733175152005584 0.4132019267638404 0.2114070266917457 0.13376490870767302
0 0.266683411596168 0.3798785060752678 0.2025121877564411 0.10692959019601869
0 0.10085282315515491 0.3499032854793625 0.15283052273741302 0.11299605172143128
0 0.09778221988539423 0.25539931733052795 0.13133752471457935 0.1216071598887993
0 0.1939688117864484 0.2993254213215447 0.21347886266130084 0.14631947241000381
0 0.21084063539871387 0.253886435749515 0.10359984387822048 0.053546640651505585
0 0.15086345752810454 0.1987425787632733 0.09349001482874764 0.07347719473518963
0 0.45415157809807083 0.3856449003549705 0.11513952174882984 0.10699902286549072
0 0.3901089827369755 0.32645838411290173 0.15082235376405234 0.10200398801910052
0 0.5679421640676259 0.40210076877395745 0.14763368676785796 0.10033236061443876
0 0.6374177228511437 0.2882862946346732 0.12856535178688588 0.09186509618646843
0 0.17096498227986495 0.7112152969121078 0.11431185079830275 0.0866865228654909
0 0.25075071098814566 0.21861362386128266 0.16080484882113638 0.07894843393541642