1 0.071875 0.4515625 0.14375 0.234375
2 0.57109375 0.459375 0.1984375 0.21875
0 0.512607440752732 0.15239860814235034 0.14625155917039337 0.19605194906292792
0 0.34921875 0.9125 0.1390625 0.175
0 0.28671875 0.93671875 0.1203125 0.1265625
0 0.30762999967102383 0.8383635372135256 0.10506954827463008 0.12000627461060631
0 0.38359375 0.78828125 0.0703125 0.1421875
0 0.278125 0.659375 0.134375 0.18125
0 0.27444615907384834 0.7892273552393565 0.08053944183801284 0.10369931301126609
0 0.22209133741820777 0.8353725810244617 0.15159462303236387 0.2055633413827959
0 0.19064994930270682 0.889520523423472 0.12761081981405514 0.19706887978345583
0 0.1609375 0.98359375 0.125 0.0328125
0 0.1125 0.921875 0.1625 0.15625
0 0.06967081378509583 0.9282684378466637 0.06480518119435104 0.10168217194503928
0 0.028125 0.96640625 0.05625 0.0671875
0 0.19538173592526897 0.7108954182506225 0.11411676634364501 0.11559155925034226
0 0.13972159780976798 0.7657480543022844 0.11484873986054138 0.14835859514371955
0 0.2109375 0.62265625 0.1125 0.1078125
0 0.04140625 0.8859375 0.0828125 0.153125