0 0.49361240669066164 0.12225961058508492 0.11652377081949084 0.1428464389258032
2 0.64921875 0.175 0.0796875 0.35
0 0.81953125 0.046875 0.1046875 0.09375
2 0.58671875 0.55859375 0.0453125 0.2984375
3 0.32190048812292416 0.5865991201458088 0.12799909623477373 0.2976340684754525
0 0.2604635379383541 0.521503848708009 0.125577398209672 0.18699695712440043
3 0.22946956353820697 0.7478451056478395 0.12663685533407243 0.3006589389258032
0 0.03828125 0.8921875 0.0765625 0.215625
0 0.040625 0.97890625 0.08125 0.0421875
1 0.53671875 0.82734375 0.1453125 0.3265625
1 0.8640625 0.884375 0.21875 0.23125