3 0.0640625 0.24140625 0.128125 0.3953125
1 0.10078125 0.0859375 0.2015625 0.171875
0 0.11640625 0.36875 0.1015625 0.140625
0 0.7428390122971494 0.17385109316516267 0.11256312818904775 0.19500627461060632
1 0.61875 0.12578125 0.21875 0.2515625
1 0.67109375 0.071875 0.1484375 0.14375
3 0.21953125 0.9640625 0.2171875 0.071875
3 0.3671875 0.9390625 0.125 0.121875
0 0.34453125 0.5375 0.1265625 0.196875
2 0.09140625 0.584375 0.1828125 0.290625
0 0.28186969032671777 0.908837510095637 0.13826475879399175 0.1661371285298145