0 0.5905295085493748 0.22518826396461758 0.0802356267092362 0.1595945119678473
0 0.5429654839480902 0.15524009308680511 0.046985409194305564 0.07292966014423614
0 0.7655709957285062 0.8902826678405896 0.08477765634451409 0.15345361474138883
0 0.9543282904657634 0.6977100420812838 0.04248105357097245 0.14778418977951394
0 0.6535794887946521 0.9046017006099994 0.11933449430041669 0.1620662017473613
0 0.5326669235401729 0.9331832551309024 0.09000936379145834 0.10984908510611113
0 0.5372310562333327 0.7370895051309023 0.10232883225631965 0.16947865824437508
0 0.4791269622935063 0.7845106722089926 0.08779355357097245 0.14883884992375
0 0.48888578163204804 0.6671595180486801 0.08368662860909737 0.10657861474138901
0 0.5856893528704509 0.6008785949866662 0.09509690729444457 0.12714568787965277
0 0.4462112384134024 0.48778179578409686 0.0949527433504862 0.18804682028847228
0 0.4531853241851036 0.6242641564414232 0.06148432028847228 0.09200696846486131
0 0.4058550760849647 0.6784620003812496 0.11061411094166687 0.18997299620027785
0 0.3795094752112841 0.7368563818401386 0.08706750816812506 0.1847399823325695
0 0.36417214988881874 0.8925978887739927 0.09687761284152785 0.13655705547083344
0 0.2747641577726034 0.9095145914712844 0.10777874525034736 0.13524912860909738
0 0.30834168360815906 0.8087872396476733 0.12311411094166687 0.19026393692972227
0 0.2641559257243743 0.7949799659963193 0.04277068787965286 0.09313305737069441
0 0.216734758646284 0.8530840599361456 0.06282861474138901 0.08266833605604162
0 0.36953832921909674 0.5614024401607636 0.09295252583555565 0.10210932028847228
0 0.3196461255718745 0.6250298354873609 0.08590374525034736 0.1347399823325695
0 0.37748007541937467 0.4550251535916316 0.08270601006798621 0.13154224715020835
0 0.2641092128621872 0.3944169215434025 0.07918096656500015 0.11428201196784729
0 0.6987484780610757 0.809070341852534 0.07267639342673622 0.10319904160312499
0 0.22829181411711744 0.7591158543890623 0.06275718597979178 0.14669446846486114