1 0.25625 0.665625 0.396875 0.046875
1 0.509375 0.08828125 0.059375 0.1765625
1 0.49765625 0.01484375 0.0828125 0.0296875
0 0.35703125 0.63359375 0.2453125 0.1109375
0 0.312829118876469 0.09962542233303504 0.20274833693238978 0.1255158990890261
0 0.21411155081590386 0.538635847830931 0.18279103444287886 0.12949407095872498
3 0.409375 0.41796875 0.259375 0.1765625
3 0.35546875 0.53828125 0.3671875 0.2328125
1 0.1796875 0.9109375 0.359375 0.178125
1 0.81953125 0.79296875 0.3359375 0.2078125
1 0.671875 0.76875 0.265625 0.159375
1 0.58984375 0.8734375 0.1015625 0.159375