0 0.05078125 0.23671875 0.1015625 0.1234375
3 0.66875 0.4515625 0.159375 0.075
0 0.77265625 0.05234375 0.1578125 0.1046875
2 0.91953125 0.25234375 0.1609375 0.3203125
1 0.0859375 0.65 0.171875 0.209375
0 0.26558451573458713 0.7370018522048608 0.16638406847545245 0.11308449430041687
3 0.48203125 0.775 0.2140625 0.190625
2 0.740625 0.68515625 0.303125 0.2171875
0 0.77734375 0.50390625 0.1484375 0.0296875
0 0.76171875 0.95390625 0.2078125 0.0921875
1 0.68984375 0.93828125 0.2015625 0.1234375
1 0.8546875 0.5796875 0.290625 0.18125
3 0.7457657641934277 0.8070565130146872 0.28341088217054294 0.137650696047778
2 0.97265625 0.64453125 0.0546875 0.2265625