1 0.20020149612002935 0.20767617458062534 0.29421420950527094 0.20978026918604192
3 0.2984375 0.0375 0.2625 0.075
2 0.71484375 0.29140625 0.2921875 0.1359375
1 0.409375 0.60625 0.31875 0.278125
1 0.4515625 0.4171875 0.234375 0.115625
1 0.040625 0.70703125 0.08125 0.2046875
2 0.8033981388959359 0.8647477114340978 0.2874840484405755 0.23616093123013915
1 0.8828125 0.67578125 0.234375 0.2140625
1 0.9359375 0.4953125 0.128125 0.171875
3 0.9171875 0.946875 0.165625 0.10625
0 0.715625 0.390625 0.121875 0.0625
3 0.70390625 0.9453125 0.2703125 0.109375