0 0.04921875 0.0875 0.0984375 0.175
0 0.06139890578071725 0.12584103353746592 0.11340458511458991 0.19658052273741297
0 0.090625 0.2671875 0.115625 0.125
0 0.18359375 0.26640625 0.1234375 0.1265625
0 0.14009455562243261 0.18349968323345464 0.1512682979675713 0.2106085306460784
0 0.18367707106183886 0.16065509083810897 0.05755173871722903 0.10066584486680377
0 0.23764550554329045 0.20995741247320804 0.07607441818411545 0.09361734882113648
0 0.11171875 0.03671875 0.1046875 0.0734375
0 0.21771710194065114 0.11713058391802669 0.08418844655564542 0.157934516805914
0 0.93125 0.30703125 0.121875 0.0453125
1 0.74140625 0.29765625 0.1734375 0.0640625
2 0.328125 0.475 0.1625 0.290625
3 0.06953125 0.47578125 0.1390625 0.2328125
2 0.925 0.8953125 0.15 0.209375
0 0.9671875 0.58828125 0.065625 0.1984375
1 0.8146268573509274 0.6533823961987666 0.17349029044572378 0.2770612015966055