0 0.1796875 0.16171875 0.1375 0.1765625
0 0.25 0.18984375 0.115625 0.1203125
0 0.2229539605139223 0.08792983725264722 0.10587303248413757 0.12521028003177204
0 0.1078125 0.0515625 0.121875 0.103125
0 0.2546875 0.04453125 0.08125 0.0890625
0 0.3140625 0.0984375 0.146875 0.196875
0 0.3515625 0.146875 0.121875 0.20625
0 0.4390625 0.178125 0.159375 0.14375
0 0.48515625 0.19609375 0.0609375 0.1078125
0 0.5453125 0.22734375 0.08125 0.0453125
0 0.40078125 0.046875 0.1109375 0.09375
0 0.5203671630536603 0.15324078611426142 0.09015875244707061 0.1670977711033185
2 0.403125 0.9140625 0.190625 0.171875
0 0.45469005543444635 0.6113787942319362 0.14313990870767287 0.20862279788867966
1 0.25670891242068805 0.6657002812462928 0.18358634863353912 0.29365236282348767
2 0.725 0.80859375 0.190625 0.3828125
2 0.74765625 0.33671875 0.2359375 0.1734375
3 0.840625 0.990625 0.209375 0.01875