0 0.53984375 0.03984375 0.1640625 0.0796875
0 0.55546875 0.13359375 0.1484375 0.1390625
0 0.59140625 0.24609375 0.0765625 0.0984375
0 0.4152421591638971 0.29983225596754354 0.1805466980251019 0.12103908404557524
0 0.4701008374492421 0.3425588112856851 0.1591327729789594 0.1026685156438413
0 0.35181191240309956 0.36657170591107385 0.11498225478036198 0.0938703683170294
0 0.2741560842100396 0.2909262347796818 0.13922079117755662 0.10773544724210718
0 0.17734375 0.4515625 0.1984375 0.096875
0 0.3129205906884446 0.41475857692952633 0.09951794108527139 0.07117632096198286
0 0.371875 0.43984375 0.203125 0.1203125
0 0.434375 0.45 0.19375 0.1
0 0.5734375 0.4234375 0.1125 0.109375
0 0.5875 0.4734375 0.084375 0.053125
0 0.5140625 0.46484375 0.203125 0.0703125
0 0.26015625 0.48125 0.1109375 0.0375
0 0.468013113049095 0.12007686653323954 0.10969397748246604 0.0842223525320139
0 0.709375 0.03046875 0.159375 0.0609375
2 0.828125 0.43203125 0.315625 0.1359375
3 0.684375 0.38984375 0.109375 0.2015625
0 0.09296875 0.6265625 0.1859375 0.153125
0 0.4796875 0.96640625 0.115625 0.0671875
0 0.57265625 0.83984375 0.1140625 0.0671875
0 0.22578125 0.9640625 0.1640625 0.071875
1 0.10859375 0.95703125 0.2171875 0.0859375
0 0.87734375 0.8140625 0.2453125 0.190625
2 0.71171875 0.946875 0.1640625 0.10625