0 0.36084538069638966 0.86875 0.11642769984750015 0.16875
0 0.3114831199628133 0.96328125 0.09858427678548623 0.0734375
0 0.07272386559441028 0.67421875 0.08510496466513903 0.165625
0 0.03645579122187541 0.4921875 0.05240026101791675 0.103125
0 0.653780269851632 0.06171875 0.10443553970326391 0.1234375
0 0.6245668549577432 0.14921875 0.10454464247680573 0.128125
3 0.5240648939954171 0.496875 0.16243379692145865 0.3328125
1 0.32917192771475745 0.58203125 0.228275696047778 0.275
0 0.3630046798989589 0.7265625 0.091608231382639 0.109375
3 0.13346842306201398 0.0953125 0.1718776128415279 0.134375
2 0.43148900218420155 0.14453125 0.20549150626826407 0.2359375
0 0.6438870847248616 0.509375 0.11893575721819474 0.209375