1 0.36443193328295687 0.15622141091543376 0.3367385733609078 0.2265067777436113
2 0.5765625 0.315625 0.146875 0.215625
2 0.2641570239099587 0.4416347510084062 0.22967041335136287 0.14876455397461327
0 0.17235932789627748 0.5360788836760255 0.15283519334818116 0.11997328243518837
0 0.315625 0.571875 0.1375 0.075
0 0.0875 0.13046875 0.175 0.1234375
0 0.0953125 0.04609375 0.165625 0.0921875
1 0.7796875 0.51171875 0.259375 0.1953125
0 0.69296875 0.06328125 0.0859375 0.1265625
2 0.28515625 0.93046875 0.3359375 0.1390625
0 0.91328125 0.95234375 0.1734375 0.0953125
1 0.7203125 0.8765625 0.140625 0.246875
3 0.88828125 0.8453125 0.2234375 0.221875