2 0.89765625 0.06953125 0.2046875 0.1390625
0 0.59140625 0.015625 0.2078125 0.03125
1 0.6177311811943703 0.1734375 0.29374948424818437 0.153125
0 0.353125 0.9609375 0.1125 0.078125
0 0.25390625 0.9703125 0.1265625 0.059375
0 0.0828125 0.94453125 0.165625 0.1109375
0 0.20722398695394456 0.95 0.10873701333591956 0.06875
0 0.26793808847115325 0.8953125 0.22126870636839727 0.1265625
0 0.3171875 0.8640625 0.184375 0.1
0 0.35390625 0.78515625 0.1109375 0.1390625
0 0.37578125 0.7359375 0.0671875 0.05
0 0.13877661801793034 0.86015625 0.12273561151914833 0.10625
0 0.20905703817159083 0.803125 0.15803538273097573 0.0984375
0 0.0484375 0.87109375 0.096875 0.0953125
0 0.34140625 0.69765625 0.1359375 0.0734375
1 0.8578125 0.775 0.284375 0.21875
3 0.4796875 0.75859375 0.140625 0.1265625