2 0.46015625 0.28125 0.2984375 0.1375
1 0.16015625 0.09921875 0.2796875 0.1984375
3 0.57109375 0.084375 0.0765625 0.14375
1 0.0984375 0.325 0.196875 0.05
3 0.02890625 0.24609375 0.0578125 0.2078125
3 0.128125 0.2484375 0.25625 0.19375
1 0.30703125 0.428125 0.3421875 0.15625
3 0.05234375 0.66015625 0.1046875 0.1828125
0 0.37824667808588064 0.4803491570543751 0.14738406010845856 0.09519739258219673
0 0.01953125 0.48828125 0.0390625 0.1390625
0 0.02421875 0.809375 0.0484375 0.11875
0 0.1 0.98125 0.2 0.0375
3 0.20530810607356537 0.6541540699901024 0.2700862827847038 0.24377209068231737
0 0.0546875 0.39140625 0.109375 0.0828125