3 0.3853235495016628 0.6889337938007806 0.3086902868586199 0.20860869395056164
2 0.2534251025562952 0.5468264289476522 0.27501619370616515 0.21674018728260194
0 0.7210793792358823 0.7862859944193019 0.1966723457733483 0.13418303667377884
0 0.7998438178571436 0.36605285593845044 0.14500971622369896 0.12841152667183914
3 0.7978583320413459 0.9698729171337905 0.1447698843300113 0.06025416573241884
2 0.8461716980251017 0.17942957184974548 0.20634773442229637 0.139635811219586
0 0.5473336798265045 0.14881833214154921 0.20614747532299765 0.136510811219586
2 0.26931690622923643 0.22482375425206377 0.24462778685861988 0.20337931788754576
2 0.12174310841639135 0.6021361980334476 0.1725735117201923 0.1462048045516262
0 0.13827856877999428 0.6540015869733412 0.16522208667404978 0.12850712152108806
0 0.16742105798265264 0.8662145445496865 0.12153264342930994 0.10162588606495575
2 0.4732765276024377 0.5818703350164871 0.2867151573089705 0.20526055334367826