0 0.81171875 0.06328125 0.1265625 0.1265625
1 0.15625 0.58203125 0.225 0.1265625
0 0.17518050585713696 0.8826521520528157 0.10078786167271767 0.13548406134627217
0 0.72109375 0.58046875 0.1140625 0.1234375
0 0.67578125 0.546875 0.0984375 0.05625
0 0.6570697647915665 0.6156475600731784 0.09033052273741297 0.10881247334499947
0 0.7350090809894583 0.6978429894175415 0.10365819368794008 0.12927042401336308
0 0.5697568127006696 0.7826799713955881 0.10770370653952135 0.19022610534690845
0 0.6110423403809984 0.6518481420671333 0.0678825197716634 0.0944954346753633
0 0.57734375 0.60234375 0.1234375 0.1671875
0 0.565625 0.5703125 0.1 0.103125
0 0.5359375 0.696875 0.053125 0.103125
0 0.52421875 0.80234375 0.0296875 0.1328125
0 0.89765625 0.54296875 0.0796875 0.0484375