3 0.33046875 0.05234375 0.4265625 0.1046875
3 0.065625 0.2578125 0.13125 0.125
3 0.3567628741908687 0.13997995307696165 0.3130921095770768 0.13973304387082058
3 0.07109375 0.14140625 0.1421875 0.2546875
2 0.12421875 0.465625 0.2484375 0.128125
0 0.59140625 0.8734375 0.0765625 0.078125
3 0.16953125 0.94453125 0.2453125 0.1109375
3 0.2044288068204286 0.84294998134395 0.3559887215897857 0.18256899705932383
3 0.24748510592692416 0.7462487217330116 0.18296823295387138 0.10793640999505119
0 0.853525231335609 0.7171621715306129 0.13601141233702024 0.10079229534115867
0 0.92109375 0.7015625 0.1578125 0.103125
2 0.77734375 0.784375 0.2953125 0.265625