0 0.4265625 0.50859375 0.046875 0.1140625
0 0.4046875 0.44140625 0.090625 0.0921875
0 0.34622297008582714 0.5327504595884106 0.1411491599070276 0.10548614126984165
0 0.22515708121402156 0.3585538911129581 0.20644637797604232 0.10500408235511305
0 0.373108262156271 0.39447850400516965 0.10269866510280767 0.06724566162790709
0 0.3890625 0.35390625 0.121875 0.1234375
0 0.42265625 0.33671875 0.0546875 0.0953125
0 0.30523271128375085 0.29135470156884613 0.11146165990702758 0.10358367982650449
0 0.375 0.24921875 0.15 0.0921875
0 0.1890614080654421 0.27613261489479635 0.1464158141140718 0.09182415946843889
0 0.12525064431968733 0.1421593306570701 0.1274472928267485 0.08749760487264702
0 0.471875 0.45625 0.04375 0.0875
0 0.9375 0.50546875 0.125 0.1140625
0 0.96875 0.4515625 0.0625 0.096875
0 0.8918471905006304 0.43868838139535066 0.11840007475773362 0.09158432757475125
0 0.8180979700858272 0.5296254595884106 0.1411491599070276 0.10548614126984165
0 0.6970320812140216 0.3554288911129581 0.20644637797604232 0.10500408235511305
0 0.844983262156271 0.39135350400516966 0.10269866510280767 0.06724566162790709
0 0.9 0.35078125 0.2 0.1234375
0 0.93359375 0.33359375 0.1328125 0.0953125
0 0.971875 0.2734375 0.05625 0.134375
0 0.7771077112837508 0.28822970156884614 0.11146165990702758 0.10358367982650449
0 0.8473220222957296 0.2468420404023642 0.14965007475773362 0.0935869185677376
0 0.6609364080654421 0.27300761489479636 0.1464158141140718 0.09182415946843889
0 0.5971256443196873 0.1390343306570701 0.12744729282674852 0.08749760487264702
0 0.95703125 0.17578125 0.0859375 0.0671875
0 0.065625 0.97265625 0.13125 0.0546875
0 0.33453208121402156 0.8882413911129582 0.20644637797604232 0.10500408235511305
0 0.40390625 0.8203125 0.0921875 0.103125
0 0.29843640806544214 0.8058201148947963 0.1464158141140718 0.09182415946843889
2 0.7125 0.79765625 0.4 0.0765625