1 0.04296875 0.01875 0.0859375 0.0375
0 0.83125 0.08515625 0.140625 0.1703125
1 0.97421875 0.125 0.0515625 0.25
1 0.38320758590601256 0.6293254111675353 0.27882631129540647 0.4186835700661568
0 0.0265625 0.80234375 0.053125 0.1890625
0 0.07988635761362495 0.5745897266189897 0.1079441953020042 0.17283620248167447
0 0.39765625 0.9875 0.1140625 0.025
0 0.190625 0.98515625 0.090625 0.0296875
2 0.1125 0.97734375 0.1125 0.0453125
3 0.07109375 0.9109375 0.1140625 0.178125
0 0.2823604882550105 0.5396294906168461 0.12021687476889076 0.16589778763096844
2 0.178125 0.87109375 0.21875 0.2578125
0 0.29861259171200033 0.8838165331914929 0.140376262074194 0.21564641535490914
1 0.715625 0.903125 0.253125 0.19375
3 0.94765625 0.4390625 0.1046875 0.3