0 0.5279075524036106 0.25630082541716936 0.11945121196999971 0.1742364393936934
0 0.4513847171537959 0.19940901628120078 0.06804595391148141 0.08444359905006031
0 0.9637653686384251 0.8661593407938589 0.0724692627231498 0.17308337516934208
0 0.8892480702175909 0.9020382078226007 0.15525201093324056 0.1745573439616777
0 0.7821477611695815 0.9526203468445533 0.10874886635259244 0.09475930631089327
0 0.7039271419422671 0.7748980964480685 0.14568152130083298 0.18960913387576958
0 0.6689068844493966 0.836831530414695 0.12827940782296263 0.16847776232447192
0 0.6266230566924523 0.7179653437345351 0.11208847983046262 0.12563516508343398
0 0.689514744486897 0.6279412092929387 0.1296272943450923 0.14832903663473135
0 0.5064295509430082 0.553022017185712 0.14419693374194403 0.20819535956550989
0 0.5732444869940265 0.6856165111928181 0.08544806738935158 0.10557497060135787
0 0.5524917810562948 0.7506306795556124 0.1602320368522218 0.21370173111680746
0 0.5535457246001837 0.8160100180902232 0.13583762959490714 0.20153592378986113
0 0.6060343205004148 0.9473574361143331 0.12853368605101814 0.10528512777133373
0 0.5227918850150445 0.9669395957707 0.12939355702175917 0.06612080845860006
0 0.5170114852506001 0.8981707849950512 0.1730054389257404 0.20365843000989764
0 0.46864233576897973 0.9033252323600027 0.06812386635259245 0.10311171189493037
0 0.4490126324231463 0.9616822077110591 0.08632706220555537 0.07663558457788185
0 0.4654812136669433 0.6449738217991248 0.11949087672018485 0.12135710085908258
0 0.4456854149865265 0.720925490161919 0.12066239745537008 0.15252521370395283
0 0.4257851436856934 0.5379082722740945 0.1189631964186109 0.15088082654882307
0 0.29177172865268425 0.5083325576656306 0.10794778397749978 0.13163950361804452
0 0.8900109049017578 0.8040920307533792 0.10046747464666658 0.11724945499752551
0 0.4181543202175909 0.8773492305509805 0.10103340263916642 0.15927318068726598