0 0.24921875 0.3322383867727704 0.2046875 0.12076033360249454
0 0.309375 0.24453125 0.1 0.1078125
0 0.33125 0.184375 0.05625 0.103125
0 0.20390625 0.26349806940233034 0.1453125 0.10097393912238158
0 0.1265625 0.15156685958037217 0.1265625 0.09283415665497756
1 0.48046875 0.2921875 0.2421875 0.275
3 0.746875 0.3578125 0.253125 0.14375
2 0.14921875 0.94765625 0.2984375 0.1046875
1 0.32421875 0.92890625 0.0703125 0.1421875
2 0.9140625 0.6296875 0.171875 0.18125
0 0.61875 0.5729667524389273 0.1953125 0.12997169236879244
1 0.66953125 0.7658303624230413 0.2765625 0.16732741639421017