1 0.109375 0.06015625 0.21875 0.1203125
0 0.02421875 0.26015625 0.0484375 0.1140625
0 0.0578125 0.353125 0.115625 0.103125
3 0.1125 0.18671875 0.225 0.2390625
3 0.32524128341817793 0.2911105478719218 0.28176017202418074 0.189521392318796
3 0.4421875 0.309375 0.175 0.2
0 0.3906651940642698 0.136810367035563 0.16573518268618095 0.15043503460041113
1 0.47421875 0.265625 0.1109375 0.26875
0 0.053125 0.43984375 0.10625 0.0609375
0 0.18629750942867745 0.8761712973776301 0.14502269334818116 0.11523236364988403
0 0.475 0.57890625 0.109375 0.0921875
0 0.509375 0.9734375 0.040625 0.053125
1 0.45 0.87578125 0.159375 0.1609375
2 0.93828125 0.75390625 0.1234375 0.1828125
1 0.63203125 0.53125 0.2046875 0.234375
0 0.64988784209895 0.8610078482896638 0.12590906667727228 0.08321835969555132
0 0.6403941160884505 0.784014266768733 0.16379087468172662 0.11755886760421674
0 0.59140625 0.615625 0.1234375 0.11875
0 0.8124952880728603 0.6621034801911554 0.15437951201463562 0.11405186562705047