0 0.474842021571117 0.08214203995664904 0.17521533278320495 0.136209057737216
2 0.8640625 0.56953125 0.271875 0.0796875
1 0.8234375 0.415625 0.246875 0.246875
1 0.53984375 0.66328125 0.3203125 0.1078125
1 0.078125 0.90390625 0.15625 0.1921875
0 0.127844009324055 0.6913328423616061 0.17341603444287887 0.1329930524755442
3 0.23125 0.70078125 0.325 0.1828125
1 0.85 0.90078125 0.3 0.1984375
0 0.95078125 0.721875 0.0984375 0.115625
0 0.76328125 0.75625 0.1265625 0.115625
3 0.9350611616177176 0.6211484159544247 0.10175267676456468 0.023546831908849507