2 0.7046875 0.26875 0.309375 0.18125
1 0.80234375 0.06640625 0.3078125 0.1328125
0 0.697182287938354 0.14463633539874485 0.15891152991878954 0.14604886228216235
0 0.7609375 0.096875 0.3 0.19375
2 0.88359375 0.3265625 0.2328125 0.065625
2 0.11953125 0.6765625 0.2390625 0.253125
1 0.1078125 0.84765625 0.215625 0.2734375
1 0.084375 0.940625 0.16875 0.11875
0 0.3120818044389083 0.7637267454473768 0.16309838217054295 0.13845468610347994
3 0.47734375 0.653125 0.1453125 0.1625
1 0.475 0.9515625 0.15 0.096875
0 0.44894715607235297 0.9547049640158454 0.07073160703211556 0.0827440334984459
2 0.2740532734403846 0.6443388906088126 0.35380252775932136 0.1971876389561828