0 0.3734375 0.22578125 0.03125 0.1484375
3 0.5546875 0.3921875 0.171875 0.09375
0 0.4546875 0.35859375 0.071875 0.1609375
1 0.4578125 0.08984375 0.1125 0.1796875
1 0.51015625 0.03515625 0.1015625 0.0703125
0 0.409375 0.0078125 0.040625 0.015625
0 0.807616536398941 0.16328125 0.07734427088084708 0.134375
0 0.885627906910446 0.1828125 0.14686695140261463 0.2671875
3 0.9296875 0.33671875 0.140625 0.2046875
0 0.00859375 0.609375 0.0171875 0.190625
0 0.0140625 0.4765625 0.028125 0.075
0 0.07421875 0.46640625 0.1046875 0.0546875
0 0.053125 0.534375 0.10625 0.190625
0 0.09445800624651594 0.546875 0.04119769262201593 0.0984375
0 0.14169662060970065 0.484375 0.06298178903121965 0.0828125
0 0.02109375 0.79296875 0.0421875 0.1015625
0 0.045756364952359886 0.7265625 0.0836124515990063 0.1375
0 0.0171875 0.90546875 0.034375 0.1359375
0 0.115625 0.9546875 0.078125 0.090625
0 0.13486938280814495 0.58359375 0.05869426483072289 0.1515625
1 0.73359375 0.8984375 0.1921875 0.203125