1 0.359375 0.11796875 0.184375 0.2359375
0 0.603125 0.06015625 0.10625 0.1203125
2 0.321875 0.915625 0.16875 0.16875
0 0.16705686142651377 0.6506387602918038 0.12393809793005203 0.20111570303441742
1 0.3714959076922474 0.6410252889204969 0.15653895560836623 0.28297148091420465
0 0.8874803796736384 0.5701867593737198 0.08934961037760658 0.1749997421240922
0 0.8196524170163023 0.5049760896791012 0.05423905933798814 0.0805164184866706
0 0.95859375 0.9484375 0.0828125 0.103125
0 0.7950732724195315 0.8756551225598581 0.10890509378086718 0.20765274545807202
0 0.834375 0.98203125 0.06875 0.0359375
0 0.73046875 0.95546875 0.1046875 0.0890625
0 0.6921875 0.984375 0.096875 0.03125
0 0.7139766377715155 0.8531899333204022 0.09479412697434615 0.14438747091226495
0 0.5803819651561357 0.8122137312040687 0.08868583693238978 0.12525483363936124