0 0.040625 0.30078125 0.08125 0.1890625
1 0.22614212247277052 0.3034981604881052 0.12300505437207469 0.2656792663436448
2 0.63984375 0.33359375 0.1203125 0.2109375
1 0.7171875 0.08671875 0.128125 0.1734375
2 0.3625 0.928125 0.153125 0.14375
0 0.2603407089366172 0.6681008819113148 0.10257053756616061 0.18478989926336578
1 0.4565472054765761 0.6707402908099361 0.12762888737588013 0.2644445482746301
1 0.7921875 0.59375 0.2 0.309375
0 0.8496393363894846 0.7571526742338601 0.14851970752810448 0.20358345792955604
3 0.7558336451730024 0.879786780922579 0.16503604547482603 0.22655106436617345
3 0.9765625 0.7765625 0.046875 0.265625