1 0.24921875 0.1453125 0.3203125 0.25
0 0.14087837349853471 0.07117624145002521 0.1374310158173308 0.08439641535490923
3 0.271875 0.36171875 0.23125 0.2359375
0 0.7620477889746733 0.42055997435007564 0.12601335475263548 0.11008483020561535
1 0.59921875 0.3984375 0.2734375 0.1625
0 0.5560219179475965 0.21917706285356423 0.1305735207602467 0.10728761213660061
1 0.1609375 0.73125 0.321875 0.2375
1 0.2046875 0.515625 0.321875 0.071875
3 0.2546875 0.91953125 0.203125 0.1609375
0 0.7790350177201351 0.8650037430395091 0.36997821345960363 0.2471142086858608
1 0.6703125 0.53515625 0.33125 0.1109375
1 0.89296875 0.521875 0.2140625 0.084375