0 0.17662456987101596 0.1881238133518237 0.1631272347764936 0.11727704721387226
1 0.109375 0.3046875 0.21875 0.203125
0 0.971875 0.47109375 0.05625 0.0578125
0 0.33984375 0.66328125 0.0578125 0.1140625
0 0.4296875 0.94296875 0.121875 0.1140625
0 0.396875 0.81796875 0.05625 0.0921875
0 0.5864984978587007 0.7929177291650741 0.1786886022629363 0.10724959983059072
0 0.5313751815037262 0.7367734159544248 0.15673178903121973 0.09191302616718496
0 0.661848476683266 0.7283932266048254 0.10985678903121973 0.0891828683170294
0 0.7386149888817102 0.8231072161520689 0.13179542154477702 0.10139444198043535
0 0.8567660669441498 0.6506568215266801 0.20050906010845856 0.09914867349399667
0 0.707420051917035 0.6812228240163417 0.09722043364502549 0.0650173262236546
0 0.6459694675098838 0.6387237818523798 0.20059996369925476 0.11477367349399667
0 0.5796995728960781 0.6191540054734334 0.1973295179539809 0.08959166297065302
0 0.4234375 0.62734375 0.109375 0.0984375
0 0.41171875 0.54296875 0.0859375 0.0859375
0 0.496875 0.55859375 0.2 0.1171875
0 0.51015625 0.51171875 0.1015625 0.0234375
0 0.772836494539051 0.57900860565696 0.10367042154477701 0.09975634727034208
0 0.70078125 0.5390625 0.1421875 0.078125
0 0.8908234252572103 0.5690127084007355 0.13952610831306062 0.08778696828879458
0 0.5125 0.97109375 0.10625 0.0578125