3 0.35466657281923686 0.4722899913180568 0.09791960085908258 0.11366870181924557
3 0.24140625 0.453125 0.2609375 0.153125
0 0.8626837907070612 0.4198349253546221 0.09562011646291495 0.09953342721213972
0 0.52578125 0.4984375 0.0703125 0.0625
2 0.52890625 0.37890625 0.1578125 0.2140625
0 0.81484375 0.05625 0.0984375 0.1125
1 0.54609375 0.08125 0.1921875 0.1625
1 0.7025839309144087 0.12880331865403108 0.20298996042459266 0.24481600206691462
2 0.165625 0.9234375 0.240625 0.153125
0 0.60390625 0.57578125 0.0671875 0.0921875
0 0.95703125 0.71484375 0.0859375 0.1296875
0 0.86953125 0.57265625 0.0984375 0.0859375
3 0.54453125 0.934375 0.1890625 0.13125
0 0.546875 0.61015625 0.1375 0.1609375