0 0.2287872455241798 0.31027540043978846 0.17229410703211556 0.08552581614940155
0 0.30002999228497734 0.3759028896400153 0.07966651603912886 0.05111112141421188
0 0.021875 0.40625 0.04375 0.103125
0 0.0234375 0.47421875 0.046875 0.0703125
0 0.9765625 0.0296875 0.046875 0.059375
2 0.92421875 0.2265625 0.1515625 0.128125
2 0.52265625 0.18046875 0.2078125 0.2234375
0 0.1878489697674434 0.9015873257680485 0.15504605027685522 0.10830855172143128
1 0.11875 0.7828125 0.2375 0.190625
2 0.3515625 0.93125 0.134375 0.1375
0 0.47734375 0.72890625 0.1171875 0.1078125
1 0.4640625 0.6109375 0.090625 0.190625
2 0.6834606608527148 0.8030035259455337 0.2513178778516064 0.2239186827542902
0 0.47109375 0.93515625 0.1046875 0.1109375