2 0.22734375 0.24765625 0.2046875 0.2640625
0 0.06875 0.3234375 0.1375 0.1125
3 0.29765625 0.27578125 0.0640625 0.1640625
3 0.39921875 0.175 0.1390625 0.35
0 0.29375 0.9296875 0.071875 0.140625
1 0.2375 0.53125 0.184375 0.303125
0 0.071875 0.4328125 0.14375 0.10625
0 0.7957729296712133 0.6021918912727786 0.14592773292582972 0.20092572780418294
0 0.3734375 0.6140625 0.0875 0.196875
2 0.9234375 0.4609375 0.153125 0.1625
1 0.6097248077812315 0.8559591991608743 0.18481317051050078 0.25989890871793264