1 0.09375 0.28046875 0.1875 0.1171875
0 0.89140625 0.0515625 0.1796875 0.103125
0 0.56640625 0.77734375 0.0453125 0.1234375
0 0.46501226840890714 0.5147117687380421 0.22143238229073817 0.09473288669636233
0 0.385845257126136 0.4153197487269063 0.12750052586424748 0.08739200668363553
1 0.5046875 0.4171875 0.16875 0.15625
3 0.1171875 0.846875 0.234375 0.190625
3 0.04296875 0.45625 0.0859375 0.19375
3 0.07890625 0.59921875 0.1578125 0.1109375
0 0.24812263361088643 0.5825243353755435 0.1585064849563052 0.13304995202099903
1 0.6484375 0.415625 0.11875 0.153125
1 0.74453125 0.37109375 0.2796875 0.0640625
2 0.65234375 0.8 0.1265625 0.253125
1 0.61328125 0.57265625 0.0484375 0.2234375
3 0.88515625 0.82734375 0.2296875 0.2453125
0 0.7879590572717853 0.88540388737268 0.15245506175762474 0.08612040802036276