1 0.4458979028755075 0.8786842698347016 0.20704966531583313 0.11463581121958626
0 0.3732349250712951 0.6147332112001893 0.14136587672018494 0.12633884364130096
1 0.1178037142325911 0.7709185357556949 0.11476371196999965 0.17691292848861018
0 0.4686869602265733 0.35672977937759914 0.10214755183796279 0.08590529121570664
1 0.6553359426489342 0.46659963164371393 0.39544636691824026 0.282045936074654
2 0.10644478110277769 0.04445163060494382 0.09413956220555537 0.08890326120988765
1 0.3725255682378234 0.3008461833204022 0.3487477327051848 0.2270397006185215
2 0.8000747240577771 0.648934286335423 0.3998505518844457 0.25334685122734457
3 0.7737987274749057 0.8133633192161799 0.23187329952888866 0.1678564060688351
0 0.8847273740818041 0.7232648645147726 0.20468608294074037 0.14081567394668237
2 0.8648710187089348 0.38627517648326454 0.2702579625821304 0.21967373970819626
2 0.19637989915231366 0.5898282902976227 0.30827855758740697 0.26096841940475457
2 0.876336199010509 0.29437471890691924 0.24732760197898215 0.15513300758604362