0 0.02109375 0.36484375 0.0421875 0.1734375
0 0.365625 0.54375 0.09375 0.15
0 0.81015625 0.57109375 0.1328125 0.0953125
0 0.7671875 0.53046875 0.146875 0.1765625
3 0.47455830032760693 0.36037970299788924 0.24208195454365714 0.27633279977412106
3 0.6191110953769126 0.4401519610315713 0.1840706314911742 0.3509995998305907
0 0.8300560982162863 0.2038750138600513 0.07651940990138825 0.1808397472985769
0 0.36171875 0.0328125 0.0828125 0.065625
3 0.3452953145310663 0.20947589760916047 0.16641948132901838 0.32343604195220055
0 0.40859375 0.675 0.1015625 0.1125
0 0.40149867573299625 0.7811241134788806 0.11835235389503396 0.1629843893637169
3 0.75859375 0.896875 0.1671875 0.20625
0 0.97109375 0.8421875 0.0578125 0.1
0 0.425 0.9421875 0.09375 0.115625