2 0.6765625 0.1265625 0.353125 0.246875
0 0.4734375 0.57578125 0.053125 0.0890625
0 0.028125 0.53203125 0.05625 0.1046875
0 0.046875 0.59453125 0.09375 0.0953125
0 0.1203125 0.5171875 0.140625 0.075
0 0.22654223575845228 0.6803720909205775 0.20996587334017516 0.10765469028743926
0 0.07829108811958445 0.6440217507914229 0.10350679508134401 0.06862563103709682
0 0.0578125 0.6828125 0.115625 0.125
0 0.021875 0.70078125 0.04375 0.0984375
0 0.1362848744203297 0.7488516547897733 0.11152837334017515 0.10479045157021041
0 0.06640625 0.78984375 0.1328125 0.0953125
0 0.2541854467272325 0.7640029448397858 0.14583974082661796 0.09485316191590946
0 0.30495708548730577 0.9014407603583342 0.12705337939029934 0.08805759263643723
1 0.59296875 0.9078125 0.1859375 0.153125