2 0.46171875 0.0296875 0.1359375 0.059375
0 0.6650634633817069 0.22006006709117648 0.07490437476889085 0.16231832973421945
0 0.7153840606369976 0.28623697717792423 0.0474038489046432 0.07477875693983016
0 0.803125 0.01953125 0.090625 0.0390625
0 0.87421875 0.01953125 0.0828125 0.0390625
0 0.9765625 0.03984375 0.046875 0.0796875
0 0.190625 0.97734375 0.075 0.0453125
0 0.22890625 0.5296875 0.1015625 0.140625
0 0.28671875 0.4984375 0.0859375 0.078125
0 0.28128212608903896 0.5823412191583598 0.08117109514371953 0.10969397748246604
0 0.1855544374509524 0.656317742137319 0.0942621285298145 0.13080751387966066
0 0.330695789720808 0.7600866849206336 0.09139319279472176 0.19300712523071262
0 0.319071631103604 0.6235879804171267 0.05893238229073816 0.09579216378737554
0 0.3652168568887092 0.565265538252121 0.10701819279472176 0.19400842072720587
0 0.38984375 0.528125 0.0828125 0.1375
0 0.459375 0.490625 0.11875 0.0625
0 0.50546875 0.471875 0.0421875 0.025
0 0.40553431683869673 0.68043066086194 0.09188127461060631 0.10258238433001132
0 0.45429607726353805 0.6125830243724605 0.08359741316955045 0.13948160703211537
0 0.40161604348173174 0.7882932256367647 0.0819439849563052 0.13625647748246603
0 0.5046875 0.8390625 0.05 0.115625
0 0.0640625 0.48203125 0.071875 0.0453125
3 0.6203125 0.77890625 0.18125 0.3359375
3 0.81484375 0.88984375 0.1015625 0.2203125