0 0.2712274625778467 0.5918004146095484 0.10716180262104177 0.1758377610179167
0 0.43690309470232574 0.7870550971708676 0.12075152393569458 0.1558525693385418
0 0.5004356517886798 0.9425225407501039 0.12242182028847229 0.09342530452090259
0 0.8451123721534021 0.9282534868947909 0.0836502610179167 0.10501611474138883
0 0.6884850849186799 0.7132675325819785 0.1466607137152085 0.19549695079743062
0 0.6550926630909369 0.6383045533835411 0.15963349240055572 0.21610039152687505
3 0.39643075038124964 0.4124194262930552 0.25629159327423634 0.2761313145888892
3 0.5261162907501038 0.510127614838298 0.2109803996950003 0.3422277868534724
0 0.7509747396476734 0.30968728448183963 0.09309930262104178 0.1755104526972917
0 0.9490303799402774 0.3214748504019089 0.09102896276527801 0.22075021751493065
0 0.3267248477395485 0.05684679920256932 0.09030030452090294 0.11369359840513864
3 0.28778571504638867 0.24941289285805532 0.1900132830537503 0.31363000816812514