1 0.2515625 0.5953125 0.190625 0.109375
0 0.14296875 0.5828125 0.1203125 0.134375
0 0.553125 0.9515625 0.03125 0.096875
0 0.4703125 0.9609375 0.125 0.078125
0 0.34453125 0.99375 0.0921875 0.0125
0 0.332689361709272 0.840972273290458 0.11369043144645267 0.17639266693047412
0 0.2756856088592805 0.8948952436652868 0.09653578243518837 0.1540630258642473
0 0.27728594970855747 0.7712531551854849 0.09046074505632155 0.11178459765100221
0 0.37265625 0.70546875 0.1015625 0.1109375
0 0.23559547644376258 0.7293324281467384 0.06771165990702759 0.09864810015828454
0 0.19070931134095495 0.7890878613745487 0.1214700804577169 0.19844952335696497
0 0.1675342552726547 0.8518235420950765 0.09603303788306991 0.1914720976510022
0 0.16328125 0.97109375 0.1015625 0.0578125
0 0.07109375 0.984375 0.1109375 0.03125
0 0.0984375 0.915625 0.134375 0.16875
0 0.050734885342384 0.9212291084715549 0.04907092055068931 0.09966503087881265
0 0.01953125 0.97109375 0.0390625 0.0578125
0 0.14296875 0.6859375 0.1015625 0.071875
0 0.09549500032897615 0.7401298726573197 0.09242743664223277 0.13990959765100222
0 0.508279587571957 0.9047943955520662 0.07908620248167449 0.10521634890464356
0 0.02265625 0.88671875 0.0453125 0.1546875
0 0.94921875 0.9578125 0.0609375 0.084375
2 0.6772412991078094 0.7848479569139797 0.19607659654926018 0.23960337226160835