0 0.3319080083285949 0.75078125 0.09612953657757747 0.1734375
0 0.37787974152268095 0.83046875 0.057934516805913994 0.0796875
0 0.19011832262368228 0.05078125 0.09788835475263546 0.1015625
0 0.3080870726236823 0.05078125 0.13070085475263546 0.1015625
0 0.4427313280608898 0.025 0.0926623438782205 0.05
0 0.42766079049472905 0.203125 0.12313770555093821 0.184375
0 0.49360146688246365 0.15703125 0.10662136760421674 0.1625
0 0.4736325236888151 0.2828125 0.09852502471457925 0.1171875
0 0.3648040103429423 0.34609375 0.1134788626613008 0.1390625
0 0.506267315666419 0.47890625 0.1161528765014653 0.2046875
0 0.5083457633086919 0.33203125 0.07132585475263546 0.1015625
0 0.5628860246773983 0.278125 0.13190521049385406 0.2078125
0 0.5958696210270767 0.21640625 0.10808570851668761 0.1984375
0 0.6207634861598356 0.065625 0.10633752471457925 0.1171875
0 0.7176703196579327 0.06484375 0.1163200197716634 0.09375
0 0.6777045528520188 0.14453125 0.14596771049385407 0.2078125
0 0.724596798897686 0.16328125 0.05420202174882984 0.103125
0 0.778578644753073 0.10390625 0.07400518577927465 0.090625
0 0.5936028309894581 0.40625 0.10608285672980174 0.1109375
0 0.6516819278334283 0.3421875 0.0996710306460784 0.1453125
0 0.5779858067691704 0.52109375 0.09954369665368965 0.1421875
0 0.693743457948034 0.59453125 0.09252969269935693 0.1234375
0 0.259510309772101 0.11171875 0.08577035672980174 0.1109375
0 0.760441456996632 0.20390625 0.07993153361182799 0.159375