0 0.05546875 0.07578125 0.1078125 0.1515625
0 0.0203125 0.0828125 0.040625 0.165625
2 0.759375 0.39140625 0.18125 0.1546875
0 0.5296978452710066 0.24796851639624684 0.10992312670923621 0.1658636435710857
1 0.74921875 0.02109375 0.2390625 0.0421875
3 0.434375 0.27578125 0.03125 0.1609375
3 0.18358591147541636 0.577576273869424 0.187575348023889 0.1514711020792369
3 0.08828125 0.5015625 0.1609375 0.065625
1 0.61796875 0.9296875 0.2140625 0.140625
0 0.61875 0.565625 0.134375 0.19375
2 0.90625 0.5625 0.1875 0.1875