1 0.12109375 0.24921875 0.2296875 0.1796875
1 0.8125 0.125 0.19375 0.25
1 0.6 0.0609375 0.240625 0.121875
2 0.9796875 0.2359375 0.040625 0.20625
3 0.5203125 0.109375 0.08125 0.21875
1 0.96875 0.1 0.0625 0.2
1 0.0484375 0.70234375 0.096875 0.3734375
3 0.09765625 0.4390625 0.1953125 0.2
0 0.04375 0.88125 0.0875 0.196875
1 0.7875 0.38984375 0.259375 0.1015625
1 0.5787516107992182 0.5979058023851295 0.19604374556052448 0.26870571337743776
2 0.71171875 0.94609375 0.1453125 0.1078125
3 0.59375 0.87578125 0.165625 0.2484375
0 0.5 0.76875 0.040625 0.153125
0 0.4953125 0.615625 0.03125 0.134375
0 0.515625 0.9296875 0.071875 0.140625
0 0.7349844573484784 0.8420596299928548 0.11961264951546724 0.17628898441265975
1 0.934375 0.88984375 0.13125 0.2203125
3 0.97890625 0.75546875 0.0421875 0.1734375
3 0.752244105099235 0.49964253704989064 0.16862930372251164 0.16572282500983523