0 0.4403093492202779 0.840667279217698 0.20434314934754488 0.10823306006354434
0 0.7155820692234596 0.8220299220729578 0.12583634134309046 0.0740568831160271
0 0.39336107654364205 0.913300209818663 0.16658861067790856 0.08570349512873605
0 0.8844689765675046 0.7460555775101193 0.1727113413430903 0.07487508928453739
1 0.9048012999284124 0.5432442232080482 0.1796340506842718 0.13279668344033874
0 0.9610893046228657 0.339497660301835 0.071239748010818 0.08091480925276535
0 0.7230887706079118 0.4455219691508584 0.14478633601209037 0.09157166558343129
0 0.08648047696531977 0.5601892520285949 0.17296095393063954 0.09836713636243814
0 0.05185066462445649 0.675968210632737 0.10370132924891298 0.10818642126547413
0 0.04643300797661471 0.38915400324641086 0.09286601595322942 0.08913641233702041
0 0.04200404463718317 0.2179647958600847 0.06660679201145402 0.0855204886359143
0 0.16421485196531976 0.2583870186676864 0.08704656134627213 0.0968125446422687
0 0.06834782129218371 0.3043795827917156 0.1308692866804539 0.10382620373287824
0 0.24434669995227493 0.3558989926931041 0.22520108935390812 0.15546261606989856
3 0.2642223006047301 0.4609546854689336 0.305832924013363 0.10375584009531628