1 0.1 0.32109375 0.2 0.1171875
0 0.9040659685679155 0.25743065343501337 0.12884675287472191 0.08394346878180681
1 0.82578125 0.07421875 0.3109375 0.1484375
3 0.50546875 0.17734375 0.1734375 0.2484375
3 0.559375 0.30703125 0.28125 0.1453125
1 0.3140625 0.4703125 0.209375 0.18125
1 0.21015625 0.9703125 0.2859375 0.059375
1 0.565625 0.9625 0.29375 0.075
0 0.9515625 0.86640625 0.096875 0.1046875
0 0.4421875 0.51953125 0.046875 0.1109375
0 0.97734375 0.68671875 0.0453125 0.1578125
3 0.77890625 0.7796875 0.4421875 0.259375
2 0.5395675138079625 0.6339013179635001 0.23386502648462928 0.19820935462398898
2 0.7320195624883793 0.5635144400106842 0.28611103166842555 0.20782245680090722