0 0.3173464809142046 0.13059188636573335 0.2235328369733411 0.10063874837514693
0 0.7240111980334476 0.07107519562179396 0.20503792848861035 0.10343646590774284
0 0.8493620133359195 0.05402228896681641 0.11122428454774677 0.0627921006486231
1 0.7355691619878887 0.47144338839762356 0.3600122130363571 0.1669922256469754
0 0.679494118356286 0.5991650138030129 0.13749974212409216 0.0788534772718286
1 0.3698154557886692 0.8212850702131093 0.2492978536432407 0.18690353084255093
0 0.20339297245856863 0.910249933036597 0.13529951333591955 0.07101370373287814
0 0.12707074896122988 0.5790777995135327 0.13686201333591957 0.0710409772718286
0 0.13199762289821393 0.5148380215103554 0.13922173879011238 0.06172052434972919
0 0.135696965621431 0.40680733319875273 0.16524210485118865 0.07465690097293472
0 0.0713795030441158 0.36646475121781596 0.08880715060882316 0.07488299756436803
3 0.4808662022855114 0.3319344237044014 0.21412562818904793 0.19565123944669321