0 0.51796875 0.06171875 0.1015625 0.1234375
1 0.340625 0.06796875 0.184375 0.1359375
3 0.5953125 0.3875 0.053125 0.15
0 0.8664338212332978 0.1845918424913396 0.154716234734852 0.24651423111680745
0 0.11117535391130033 0.7976440411572872 0.13712594301173803 0.20819535956550989
0 0.0484375 0.91484375 0.096875 0.1703125
0 0.1515625 0.9546875 0.121875 0.090625
0 0.1346338653312611 0.8884704370188441 0.10449050542706688 0.15038950361804454
1 0.69609375 0.8328125 0.2515625 0.334375
1 0.89375 0.775 0.2125 0.45
3 0.64296875 0.8734375 0.1484375 0.253125