0 0.94140625 0.30625 0.1171875 0.096875
1 0.90546875 0.0578125 0.1890625 0.115625
0 0.7704402859079618 0.09872611700236922 0.21634313836728972 0.13977658548249733
0 0.8448822705862595 0.26581760600470716 0.07371930113146803 0.054002260997662074
1 0.65390625 0.08203125 0.2078125 0.1640625
3 0.58515625 0.45390625 0.0703125 0.1546875
1 0.8606219418364489 0.5530332634732399 0.18010565651766247 0.08549090456874779
0 0.18490886952954613 0.9117831466713634 0.11446247579950324 0.07739313942190088
2 0.2796875 0.76953125 0.4125 0.2015625
0 0.3522918122497579 0.9327081854639199 0.15069086729005096 0.1301163203356502
0 0.9 0.80703125 0.2 0.0921875
3 0.84296875 0.7125 0.2953125 0.0875