0 0.93515625 0.01640625 0.1296875 0.0328125
0 0.9671875 0.0375 0.065625 0.075
0 0.8179124380307858 0.1267299499860668 0.11722574769092589 0.08028134108157481
0 0.8135550031110632 0.3016474396131047 0.15019407257314796 0.12003092531467204
3 0.9145905313391189 0.2609613947972636 0.14734247464666642 0.12291912697434615
0 0.18940000141411967 0.579112356629407 0.19339726842611088 0.11709610207923689
0 0.21755510424157345 0.5054138248858205 0.20800657257314797 0.12441169461070398
0 0.4921875 0.52265625 0.075 0.1421875
2 0.20353899679597126 0.722743957459244 0.3744694855799068 0.3062089141165174
1 0.43046875 0.71640625 0.1984375 0.2171875
2 0.63359375 0.78203125 0.2078125 0.2640625