0 0.242631510336437 0.4496039319696507 0.1737500132468439 0.10636993217453852
0 0.18880959509016013 0.5217550678254617 0.0817063569862417 0.06152400496239885
0 0.8425719351165426 0.047604726428606046 0.1692807680561672 0.09520945285721209
0 0.8799578624285372 0.14603774462782573 0.1641220421027846 0.14336050992479743
0 0.9402182945498552 0.2582616087720148 0.09551588584218215 0.09960620181924558
0 0.7600422104291042 0.31986485049984725 0.18712303248413759 0.13195212903138528
0 0.8240972759455337 0.3614851162156129 0.16308533175849824 0.11367300992479752
0 0.7054663270339928 0.39283362365921104 0.12062501324684387 0.1038955955329394
0 0.612167705619781 0.32049205087135074 0.1444990228654909 0.11748721463952716
0 0.5432788402808366 0.4989852320124319 0.2041468413771451 0.1280651497095498
0 0.6743725836574147 0.44358064040843403 0.1025099303072194 0.0765325748547749
0 0.7418701077040318 0.4717377196064351 0.20781747840045367 0.14383569892376147
0 0.8070139580668515 0.477311323411542 0.1991865228654909 0.1200343258882322
0 0.9441394135169965 0.4368403730400384 0.11172117296600703 0.11683224317557443
0 0.9659251334799295 0.5241755531476624 0.06814973304014096 0.1227526033908223
0 0.896039219414779 0.5216006708065082 0.207921561170442 0.15648124813797323
0 0.8978969076113646 0.570110945413614 0.10196429328391084 0.060907574854774896
0 0.9609214195498552 0.5965235880938504 0.07815716090028957 0.07929370181924558
0 0.6373487880112512 0.5485977801931863 0.11621033175849824 0.1114897717116218
0 0.7142213120578683 0.5763182117485522 0.14885914065150557 0.10833053846084476
0 0.5312178390997103 0.5793640907799376 0.14724207694917482 0.10669526385373888
0 0.5061409719466676 0.7127780583149489 0.12821925843752044 0.0980094685684687
0 0.7833184754052287 0.13488838296483593 0.11388393992586625 0.0895419971045159
0 0.8737798505324557 0.6189679764308607 0.15752481252120454 0.08845468610347992