2 0.8738470870394298 0.5070300496743411 0.25230582592114026 0.1606154173624308
1 0.19227243851679932 0.8246766109416669 0.2932601623713949 0.19117573955076414
0 0.5949004513044188 0.34583275085302134 0.18506586729005098 0.12304137575930571
0 0.9016817164297294 0.31001023252000076 0.1554238190854491 0.13016289152687516
0 0.9593083849494441 0.41368139959809114 0.0803420058537327 0.11435474715020835
3 0.8528912550681655 0.6510157858066327 0.27763516237139496 0.19081206363895867
1 0.9554652465821544 0.65501491441573 0.08906950683569122 0.19589568787965278
0 0.6643231378763105 0.46305792486496583 0.18974427693097126 0.12158797853284735
3 0.0917436350476401 0.32865363649288204 0.15545109016268788 0.13485039152687506
3 0.3883485286794872 0.9551628915268751 0.1474386022629363 0.08967421694624989
0 0.2837292063725843 0.965826981382639 0.11917724687674199 0.06834603723472199