3 0.3890625 0.3203125 0.08125 0.35
0 0.03359375 0.18203125 0.0671875 0.2203125
0 0.7568221893982642 0.1347945764121195 0.10607208130638916 0.19434087334017516
3 0.9578125 0.340625 0.084375 0.20625
1 0.6390625 0.07734375 0.228125 0.1546875
1 0.834375 0.06640625 0.228125 0.1328125
3 0.01484375 0.8375 0.0296875 0.325
1 0.5375 0.9828125 0.215625 0.034375
0 0.6137502155181604 0.8562075307416002 0.11152199430041672 0.1600022347764936
0 0.8234375 0.6109375 0.090625 0.14375
3 0.85078125 0.57421875 0.1484375 0.0703125