0 0.88359375 0.04296875 0.1828125 0.0859375
0 0.92578125 0.09296875 0.1484375 0.0921875
0 0.806729908315553 0.08985259780474167 0.11613492515463034 0.08790672249741008
0 0.7359375 0.01953125 0.1375 0.0390625
0 0.65703125 0.1484375 0.1140625 0.096875
0 0.7594086271017861 0.13156490880577767 0.10159419303247788 0.062324525640563164
0 0.8174923230092018 0.178970755786459 0.20685552000387944 0.11236737510244374
0 0.880486659523501 0.20464715198135214 0.19869233363936126 0.08863877667402047
0 0.98671875 0.2078125 0.0265625 0.096875
0 0.92578125 0.2703125 0.1484375 0.11875
0 0.93984375 0.315625 0.1015625 0.028125
0 0.6904995172496277 0.22638294912864926 0.10908769970043757 0.09691784946188076
0 0.7577668945205915 0.27656919375196576 0.14569487939699588 0.08772694003242129
0 0.62265625 0.22421875 0.0453125 0.0859375
0 0.0828125 0.50546875 0.165625 0.0796875
0 0.0203125 0.5625 0.040625 0.05
0 0.5703125 0.528125 0.059375 0.10625
0 0.5484375 0.584375 0.103125 0.0875
0 0.48560394953125974 0.4862502547530017 0.13721269970043756 0.09822779238978614
0 0.3612741449796335 0.6451457576484858 0.20401756242753405 0.09666960049533806
0 0.5078461271017861 0.6268774088057777 0.10159419303247788 0.062324525640563164
0 0.53125 0.6734375 0.1375 0.1125
0 0.5640625 0.69921875 0.071875 0.0890625
0 0.43893701724962764 0.7216954491286492 0.10908769970043757 0.09691784946188076
0 0.5062043945205915 0.7718816937519658 0.14569487939699588 0.08772694003242129
0 0.323710629976724 0.7210340155063687 0.14244233363936126 0.08601889081820957
0 0.2569381049718748 0.847320379650558 0.12330969636645772 0.0804580955329394
0 0.73125 0.3546875 0.203125 0.05
0 0.6578125 0.36796875 0.115625 0.0765625