0 0.4339548453769127 0.33587027962143967 0.10911372158978576 0.16591710064862325
0 0.41791501380301294 0.4489060677708867 0.10070120373287814 0.13140573295387128
0 0.11640625 0.46640625 0.1015625 0.1265625
0 0.29700604464556396 0.21234918465485944 0.05818642126547413 0.11191934740221221
3 0.21640625 0.43046875 0.1984375 0.1984375
0 0.7957378250843732 0.39571328936396766 0.13482283360249453 0.2069784772718286
0 0.712549224028713 0.32627176826064924 0.0818421095770769 0.12482845048646744
0 0.6047345442385269 0.14542909699517517 0.07707278896022585 0.12005912986961631
0 0.890685681008002 0.14963890462308735 0.14745920129724616 0.21500916558343128
1 0.765625 0.08359375 0.240625 0.1671875
1 0.46953125 0.7265625 0.0390625 0.334375
3 0.95078125 0.87890625 0.0984375 0.2421875
3 0.8683549391256769 0.7581877901747466 0.13241485389503396 0.15851370373287815
1 0.57265625 0.915625 0.1671875 0.16875
0 0.69140625 0.93984375 0.1140625 0.1203125