0 0.68359375 0.41171875 0.1609375 0.0546875
0 0.58203125 0.01796875 0.1453125 0.0359375
2 0.9125 0.3859375 0.175 0.10625
3 0.42890625 0.84375 0.1609375 0.159375
0 0.44296875 0.98046875 0.1328125 0.0390625
0 0.35703125 0.4453125 0.1328125 0.0125
1 0.6671875 0.48515625 0.315625 0.0921875
1 0.603125 0.73671875 0.1875 0.2015625
1 0.615625 0.940625 0.2125 0.11875
2 0.9085467262030988 0.5304290541631869 0.16058629788366652 0.1375486668924562
0 0.8075914224003787 0.9285633389888959 0.148277745458072 0.1011198439616777