2 0.41484375 0.096875 0.1765625 0.19375
0 0.48828125 0.05625 0.0703125 0.1125
1 0.6296875 0.27421875 0.121875 0.2515625
1 0.440625 0.8546875 0.15625 0.290625
1 0.52734375 0.675 0.0828125 0.315625
1 0.44609375 0.54296875 0.1953125 0.2859375
2 0.35625 0.44140625 0.209375 0.0828125
0 0.25945802437246046 0.8679783305094118 0.10784967766703613 0.15318316162790707
1 0.95703125 0.7609375 0.0859375 0.478125
1 0.807411070330379 0.6556156377260973 0.21169417334809948 0.24386632325581453
2 0.825 0.90390625 0.278125 0.1921875
0 0.609375 0.4453125 0.08125 0.090625
3 0.71484375 0.5328125 0.1671875 0.265625