2 0.10703125 0.17890625 0.2140625 0.2515625
1 0.26796875 0.09140625 0.3828125 0.1828125
3 0.27578125 0.1578125 0.3671875 0.215625
3 0.8368318675588883 0.26236051932872295 0.2024228536432407 0.18390334308955406
1 0.07734375 0.709375 0.1546875 0.24375
0 0.22367777650266127 0.5603041574014253 0.18274834030732096 0.11507152985783761
1 0.12734375 0.5171875 0.2046875 0.15625
3 0.1015625 0.91328125 0.203125 0.1734375
0 0.0625 0.75859375 0.125 0.1046875
1 0.6421875 0.8234375 0.365625 0.29375
3 0.769629036794465 0.8761553746167214 0.2948015433417385 0.22504649355709247
2 0.7749693384711532 0.6098445733870573 0.3806751415249675 0.263028282588312
0 0.98203125 0.96953125 0.0359375 0.0609375
1 0.97109375 0.48984375 0.0578125 0.1015625