3 0.03125 0.1921875 0.0625 0.209375
3 0.13599057988341992 0.2162475704105708 0.2396348755244535 0.24212304573098153
0 0.43671875 0.1125 0.1640625 0.1125
0 0.4484375 0.19296875 0.140625 0.1171875
0 0.46640625 0.06953125 0.1046875 0.0796875
3 0.903125 0.071875 0.19375 0.14375
2 0.8828125 0.30546875 0.234375 0.3296875
1 0.7714959076922474 0.3068899285779388 0.3000503120372805 0.1756647212288776
0 0.5484375 0.284375 0.059375 0.0625
1 0.58828125 0.0671875 0.1390625 0.134375
2 0.353125 0.74296875 0.33125 0.2828125
2 0.4828125 0.8609375 0.071875 0.25
1 0.43984375 0.68125 0.1578125 0.1625
1 0.27734375 0.953125 0.2796875 0.09375
1 0.6984375 0.95390625 0.196875 0.0921875