0 0.315625 0.08203125 0.10625 0.1640625
2 0.6646354851086935 0.3968228261904752 0.2681101707733905 0.4006961165928393
0 0.8844568786706061 0.12199759716684962 0.12593256134007813 0.16864747532299776
3 0.46953125 0.52421875 0.1484375 0.1703125
3 0.7921875 0.53359375 0.184375 0.1515625
0 0.915625 0.0484375 0.115625 0.096875
0 0.21308290879249098 0.798932446022517 0.06226687622353531 0.08661742288667415
0 0.3296875 0.6359375 0.078125 0.053125
3 0.3125 0.6890625 0.1125 0.15
2 0.6671875 0.89375 0.184375 0.2125
1 0.79765625 0.971875 0.2328125 0.05625
3 0.77421875 0.73203125 0.1828125 0.2453125
0 0.4109375 0.8015625 0.084375 0.196875