0 0.0265625 0.47109375 0.053125 0.1890625
3 0.35390625 0.42734375 0.0296875 0.1109375
2 0.3703125 0.6015625 0.0625 0.15625
1 0.5941627153942501 0.5212271564196256 0.2809650487788332 0.2839535605873881
1 0.5528393208224613 0.24475974480190796 0.33517121958162405 0.45902533818178953
0 0.8454138589576328 0.48648069043829717 0.11358117080279087 0.17957094606059662
0 0.64375 0.0796875 0.121875 0.159375
2 0.0484375 0.8171875 0.096875 0.275
1 0.15390625 0.9359375 0.2484375 0.128125
1 0.25390625 0.88046875 0.1703125 0.2390625
3 0.8609375 0.734375 0.259375 0.109375