3 0.17421875 0.31953125 0.3015625 0.1984375
0 0.1439085893276863 0.1043516286480898 0.1744264193542569 0.13564994182452975
0 0.02109375 0.0984375 0.0421875 0.1375
3 0.3625 0.090625 0.334375 0.18125
1 0.8359375 0.0515625 0.290625 0.103125
0 0.8226777905277594 0.08242741290597264 0.1952825748547749 0.11556058243141329
0 0.9062801567388631 0.22311592790888213 0.17645980024766922 0.11246753333979882
0 0.05 0.43515625 0.1 0.0328125
0 0.22666316149637405 0.5509864810833824 0.17511562406898662 0.11702748758216437
0 0.09975605913900916 0.5499665018361679 0.1628339478903042 0.12069462152108805
0 0.3823546592200625 0.9193693035128561 0.2174144400324213 0.1562811772806622
1 0.89765625 0.9265625 0.2046875 0.146875
3 0.95234375 0.703125 0.0953125 0.153125
0 0.70859375 0.5 0.1984375 0.1625