0 0.2640625 0.57734375 0.115625 0.0234375
1 0.25859375 0.5078125 0.2421875 0.146875
1 0.15546875 0.36171875 0.3109375 0.2796875
0 0.5123322111085239 0.4485402706937515 0.18947739926336576 0.1059601156156063
1 0.9078125 0.4984375 0.184375 0.18125
3 0.04453125 0.75703125 0.0890625 0.2265625
1 0.221875 0.70703125 0.315625 0.2015625
1 0.9140625 0.64296875 0.171875 0.1078125
1 0.9609375 0.93515625 0.078125 0.1296875
0 0.93203125 0.96171875 0.1359375 0.0765625
1 0.5964554748542787 0.8807828942724528 0.19263525025210165 0.08435813140062187