0 0.21014982399128526 0.25869121103164927 0.1853945989738195 0.12372099530842302
0 0.12250370041618101 0.21278349530842303 0.08899107123840282 0.07018109604505725
0 0.39609375 0.075 0.0859375 0.15
0 0.384375 0.03125 0.109375 0.0625
0 0.95390625 0.290625 0.0921875 0.14375
2 0.7533484312301392 0.28039587429287155 0.2841983877271531 0.2803858945717888
0 0.93125 0.07734375 0.1375 0.1359375
0 0.03359375 0.915625 0.0671875 0.15
2 0.37421875 0.646875 0.1296875 0.134375
2 0.34140625 0.92421875 0.1953125 0.1515625
2 0.05625 0.6703125 0.1125 0.18125
0 0.94921875 0.7921875 0.1015625 0.1375