3 0.55390625 0.140625 0.1421875 0.28125
3 0.45625 0.25078125 0.20625 0.1765625
1 0.23359375 0.20625 0.1765625 0.265625
3 0.11111034719975485 0.1114136712367267 0.11324199459715381 0.15053076805616733
3 0.0734375 0.08046875 0.146875 0.1609375
0 0.04471107345164438 0.1810565378416152 0.06151289462538867 0.1190972295815799
0 0.0783040944277446 0.26051585934849436 0.09681335779368574 0.10941469473518968
1 0.83984375 0.13671875 0.1953125 0.2734375
2 0.84921875 0.29140625 0.1828125 0.0953125
2 0.95546875 0.83828125 0.0890625 0.2890625
1 0.8934649047957965 0.5450048658022804 0.199526647044463 0.3468998257680484
1 0.7588315705384598 0.5990252216073956 0.1578543575113372 0.4078174784004537