1 0.44453125 0.21171875 0.2046875 0.1359375
2 0.80390625 0.06484375 0.1296875 0.1296875
0 0.5046511150634667 0.5743141329965955 0.1626199683211164 0.07978532500983526
0 0.5757719982352892 0.5133659253191409 0.07337179802252862 0.048666728964778014
0 0.03359375 0.6140625 0.0671875 0.10625
0 0.05524097694796568 0.5528747196584987 0.10847877153942509 0.08377370248167448
0 0.12156010961558508 0.638419099728228 0.12955609604505725 0.09613159084927717
0 0.2370644133380968 0.4764111366028917 0.19172831411407198 0.09581451659574647
0 0.09876138400500167 0.5086276929232936 0.09601162252816078 0.061133877976042326
0 0.0703125 0.4703125 0.140625 0.1125
0 0.0390625 0.4546875 0.078125 0.0875
0 0.1637468816592132 0.41312416878597846 0.10143109604505725 0.09416489926336587
0 0.09883742968174176 0.37412700678526395 0.138166271539425 0.0858496547112475
0 0.2718871635901984 0.4008976843733188 0.1349320108957633 0.08406863342392405
0 0.3328125 0.296875 0.115625 0.034375
0 0.01796875 0.30859375 0.0359375 0.0578125