1 0.17702506655136624 0.1766067866225622 0.25439765027114647 0.2364502242732011
3 0.43948818423420066 0.2988213681655598 0.47537374648395864 0.3659184750295057
0 0.44862735577897767 0.20447043462542033 0.1960215480082102 0.13553258045771682
0 0.30428596155795545 0.4504052835204691 0.1896897347764936 0.12103303788306992
2 0.3175485099589491 0.5869219377275134 0.25866699375348406 0.1649030062041863
0 0.7769149404807166 0.4220414388127942 0.17406473477649342 0.11994043144645268
2 0.6316706181738138 0.4204839286733356 0.2102567648307229 0.16620342625067241
0 0.7230808924725064 0.5476313006972932 0.1819408672900508 0.13142423466476139
0 0.7426070764121194 0.6813671623296906 0.19293290944452862 0.14156405917039336
1 0.46988667301771503 0.8456910143268326 0.23543857201231527 0.19920159654926017
0 0.42982982046019114 0.7508755410620377 0.1835306383672899 0.13622099530842302
0 0.35473086827200956 0.5046668126014626 0.14602154800821018 0.13203623986054147
1 0.6859020375772914 0.8977459151796822 0.3209397347764938 0.1302109319506556
0 0.901000838512368 0.7046522069980246 0.09904655405833437 0.11157092055068922