1 0.58046875 0.103125 0.1828125 0.20625
1 0.55546875 0.36796875 0.1328125 0.3015625
3 0.65859375 0.36875 0.2171875 0.3
3 0.646875 0.065625 0.15625 0.13125
1 0.8121569515037035 0.3156546770424658 0.20472357007089492 0.3348131577089811
1 0.93359375 0.46328125 0.1234375 0.1109375
1 0.828125 0.10859375 0.1875 0.2171875
0 0.88515625 0.571875 0.2296875 0.10625
1 0.80703125 0.909375 0.2359375 0.18125
1 0.625 0.875 0.24375 0.25
0 0.7687191885715796 0.6805879742563381 0.09012019780928675 0.1487552893919517