0 0.7640625 0.43647643558993304 0.1625 0.07594539734428025
0 0.83125 0.4962423210303566 0.0734375 0.04730224687674216
0 0.0984375 0.15057269262201592 0.15625 0.08372153590796176
0 0.08203125 0.2629772438516799 0.146875 0.11804199375348405
0 0.04453125 0.3846340752337691 0.0828125 0.08798178903121974
0 0.2328125 0.410729463502863 0.171875 0.10099993949875805
0 0.178125 0.46275505093507635 0.15 0.08681017447164337
0 0.3 0.47127659894328655 0.1078125 0.08343973477649377
0 0.37734375 0.38266407171772765 0.1296875 0.09450449980360824
0 0.47890625 0.5441924450579029 0.1921875 0.09174311416679296
0 0.340625 0.5144816982793566 0.09375 0.05992042154477702
0 0.2796875 0.5547521742752515 0.1921875 0.10736811416679296
0 0.2171875 0.5731385599120669 0.1875 0.08234084308955403
0 0.0625 0.5652073643631847 0.125 0.09291472872636941
0 0.0484375 0.6557505511314682 0.096875 0.10525110226293641
0 0.1359375 0.6351658612399268 0.1921875 0.11986811416679295
0 0.1453125 0.6836579033944045 0.0953125 0.042742011903856715
0 0.08046875 0.7223431534926003 0.084375 0.06455337939029934
0 0.396875 0.6109027012062229 0.1015625 0.09277837334017516
0 0.3265625 0.6534623850476401 0.1359375 0.08204086123992678
0 0.50625 0.6201327763417961 0.134375 0.08203177088084708
0 0.55625 0.7454236678323439 0.115625 0.07723518657189174
0 0.17421875 0.2330448250373774 0.103125 0.07091246369925477
0 0.178125 0.7260363009350763 0.15 0.060247674471643364