0 0.028125 0.2109375 0.05625 0.125
2 0.4828125 0.296875 0.153125 0.084375
2 0.346875 0.06953125 0.25625 0.1390625
0 0.940625 0.296875 0.11875 0.084375
1 0.953125 0.18984375 0.09375 0.2015625
2 0.73515625 0.30859375 0.2546875 0.0609375
0 0.34067209610165045 0.42934253462439004 0.17503969473518968 0.10063557878390342
0 0.16223458285480655 0.5379726239316371 0.1485863221398513 0.10221348933548198
0 0.49140625 0.8671875 0.1359375 0.10625
3 0.2375 0.9734375 0.296875 0.053125
1 0.025 0.925 0.05 0.15
1 0.27099696924514294 0.6384514950912641 0.33972224282842384 0.1726001259977757
0 0.890091709626496 0.6750869451053815 0.17654763103285878 0.09916408404557524