1 0.3296875 0.39453125 0.1 0.2578125
0 0.03515625 0.4609375 0.0703125 0.15625
3 0.2171875 0.06796875 0.234375 0.1359375
0 0.0484375 0.1421875 0.096875 0.203125
0 0.6223093777930402 0.15018043623638527 0.10854886228216235 0.15413835475263546
2 0.59609375 0.05859375 0.1640625 0.1171875
0 0.91484375 0.0578125 0.0828125 0.115625
3 0.87578125 0.4546875 0.1671875 0.16875
2 0.31640625 0.56484375 0.1265625 0.0515625
1 0.22775454900932388 0.769230230685447 0.14191363399378398 0.26778436068413447
0 0.453125 0.5875 0.109375 0.096875
0 0.5140625 0.55703125 0.09375 0.0359375
0 0.5040302586864523 0.6203470617120863 0.08783394789030421 0.11118685079830275
0 0.415625 0.69140625 0.071875 0.1328125
0 0.5484950804408554 0.804119883841477 0.09964905128112633 0.19744268577927465
0 0.5410186823839355 0.6632866368072265 0.06381425103345731 0.0977318458553869
0 0.590625 0.62109375 0.115625 0.1640625
0 0.61796875 0.58828125 0.0921875 0.0984375
0 0.6278058988854894 0.7252507845260491 0.09691784946188076 0.10531885277546918
0 0.6808260450803825 0.6583696906478285 0.08921666542531544 0.14087435079830274
0 0.6202951517809735 0.8362837850203405 0.08750861621110388 0.13768568380210838
0 0.7376238928896335 0.8954439263133726 0.08351032092583352 0.11880834980971962
0 0.7765625 0.56484375 0.065625 0.0515625