3 0.8712468626946969 0.043592174610138965 0.0825062746106063 0.08718434922027793
3 0.8480975530486431 0.2970587885503235 0.13741639812585582 0.267134050684272
1 0.9136125559516369 0.16587187587527846 0.13427467775102714 0.32020450668363554
1 0.646356859791703 0.1713246339115495 0.21755853919208262 0.2836862986950896
1 0.7678895643314142 0.39639626456082305 0.18896217775102714 0.3208408533577261
0 0.46129623502281214 0.3312370779360484 0.11473976458147632 0.18564769334818115
3 0.5306840471761485 0.09722734663431967 0.11988190564770314 0.19445469326863934
3 0.39096466613905145 0.19850694127945703 0.12306909012915472 0.1498192813494538
0 0.2771522187254762 0.1912404286282745 0.10905205423577743 0.1512181493475448
0 0.1510467083006349 0.25752959464513736 0.16739340314042073 0.22374767735518084
2 0.36458609026216876 0.7829910292807296 0.15760922618081655 0.2095760893539083