1 0.17421875 0.0671875 0.3265625 0.134375
1 0.54921875 0.109375 0.1796875 0.21875
0 0.70625 0.01484375 0.125 0.0296875
2 0.3634378285180002 0.6586126175076077 0.17578254448624264 0.22262838887180578
0 0.19098853106600783 0.8721948802449562 0.21434102570316255 0.1365159262506726
3 0.5203125 0.61171875 0.121875 0.1484375
3 0.5484375 0.40078125 0.178125 0.1265625
0 0.6158783734985347 0.45988663233864324 0.20232118676785796 0.10918860174504035
2 0.57421875 0.45703125 0.2296875 0.2265625
3 0.87109375 0.78984375 0.2578125 0.1484375
0 0.965625 0.975 0.06875 0.05
2 0.81953125 0.36171875 0.3203125 0.1640625