2 0.8539330001963916 0.10585666718346158 0.22338399960721667 0.21171333436692316
0 0.7993428897420319 0.7328583467054243 0.07130334913967822 0.17481832973421946
0 0.9532951124182771 0.5808581508397908 0.08697380093507653 0.18363212523071262
0 0.9400724288714475 0.7058779372369853 0.08053290339440444 0.1504191070321154
2 0.8160678231906656 0.542794551208931 0.16726126463433105 0.291863732262828
3 0.5384275947588838 0.8799986667220363 0.12911584913967838 0.17852312307124416
3 0.2786122332243695 0.8380764867386482 0.14698512607064967 0.29681204811738693
3 0.1573034398915414 0.07738691548541857 0.18351245764913054 0.13202765730897056
0 0.1943312621002484 0.02190887106865952 0.05486930718159235 0.034754534237726245
3 0.1692807442444634 0.16642962908822398 0.11141928903121974 0.08992169802510182
0 0.8786950882177802 0.5169143692229582 0.0476476805217672 0.1358163864894797