1 0.809526481228349 0.7616764213704565 0.23269739258219674 0.1560430474519924
1 0.8164647987320606 0.6251659184047071 0.2870639880142125 0.12239755931499055
0 0.5925791621427579 0.43151271338524155 0.22062011646291496 0.104098545474826
0 0.6653892203742153 0.47630394855649383 0.16330558344622795 0.08149403361182798
0 0.43253909882291774 0.470133497491361 0.12818695499752555 0.09565469269935693
3 0.32433269391624914 0.2130478507611217 0.18113489258219673 0.1539420365775774
1 0.1768136420163698 0.3411940498862693 0.3223463907731744 0.11136190022746142
1 0.7028781750330566 0.3401144391649537 0.16428158525525055 0.1298678666156336
0 0.7967875480546921 0.17500675091422108 0.11585737336031983 0.0686465237259962
1 0.9789543772612779 0.1330872118651857 0.04209124547744416 0.10471667490485981
2 0.5838503725673503 0.6683097178338657 0.23828565128862386 0.17342154844057553