2 0.46796875 0.31328125 0.0984375 0.1328125
1 0.51484375 0.13984375 0.1921875 0.2796875
1 0.62578125 0.1625 0.1953125 0.325
1 0.97421875 0.2171875 0.0515625 0.303125
1 0.87890625 0.325 0.1859375 0.109375
1 0.5296875 0.646875 0.221875 0.346875
0 0.9105801662107877 0.4718923557486587 0.0981626808672221 0.1295302580585183
0 0.7356499337884268 0.6104647146083806 0.21585590320481424 0.32279082544786986
0 0.8723701008476864 0.7225464666346308 0.09624886635259244 0.1076552580585183
1 0.88203125 0.865625 0.2359375 0.26875
0 0.4875 0.45390625 0.121875 0.1484375
2 0.60078125 0.84609375 0.2546875 0.3078125
2 0.46328125 0.88359375 0.0890625 0.2328125
0 0.4984375 0.96640625 0.125 0.0671875