2 0.609375 0.0796875 0.2 0.159375
1 0.171875 0.3359375 0.34375 0.178125
0 0.40859375 0.305335777711987 0.1875 0.11810795285270288
0 0.96171875 0.14609375 0.0765625 0.1109375
0 0.609375 0.6095073933039181 0.159375 0.07461050992479734
0 0.6765625 0.55 0.065625 0.046875
0 0.08046875 0.62734375 0.1609375 0.0984375
0 0.04921875 0.575 0.0984375 0.084375
0 0.14765625 0.569293539703699 0.103125 0.08292812406898661
0 0.2203125 0.6596595204732767 0.125 0.09332196856846853
0 0.3296875 0.52578125 0.1875 0.0328125
0 0.190625 0.53203125 0.090625 0.0453125
0 0.13125 0.5234375 0.1875 0.028125
0 0.0296875 0.8046875 0.059375 0.071875
2 0.95078125 0.60546875 0.0984375 0.1484375