1 0.7856172539088249 0.6427529225729072 0.3904805960164204 0.26868225786268096
1 0.6035199097391162 0.10510632093946262 0.36796018052176754 0.15634294416759048
1 0.9515962570320828 0.72685421961056 0.09008062021691714 0.18070738433001132
2 0.06848637958669108 0.17159320018457014 0.13697275917338217 0.16193640036914028
0 0.4296819130587659 0.29716700570321264 0.17093064441741396 0.11716412091177605
0 0.8668193404572755 0.11885315005537322 0.13809087334017534 0.11037390036914023
0 0.8841972171171003 0.2215671398763404 0.13651019262201594 0.107148770819491
0 0.47758151923052716 0.7957337160668155 0.19753859621281217 0.12667882325581453
0 0.21700062675802073 0.1803743221760803 0.15827610831306052 0.08980058451458142
0 0.9218694130587661 0.3287078138427488 0.10218973477649343 0.11432092072720587
3 0.9014973048439014 0.47198744447213226 0.19335106596219093 0.21231593460686646
3 0.26082983558550166 0.8412407734403846 0.31194652985783755 0.19336328038021477
0 0.1763053655415351 0.7271899629844966 0.1883635841125637 0.1604530459579186
3 0.7131307381943393 0.20591545418973975 0.22450107201231512 0.1971310255998529