1 0.1720634175237116 0.17281639135578955 0.2994990361123347 0.2332260566776581
3 0.54140625 0.27578125 0.1046875 0.0671875
3 0.1953125 0.3859375 0.296875 0.153125
1 0.11796875 0.75234375 0.2359375 0.2640625
0 0.18079848894577283 0.8643513475550091 0.1760218413771451 0.13278003333979882
0 0.46796875 0.6828125 0.0421875 0.18125
3 0.42265625 0.5796875 0.1328125 0.175
0 0.403125 0.5296875 0.171875 0.21875
1 0.2617137053653268 0.5772980155826376 0.23941470798203354 0.2080668178875456
1 0.56875 0.440625 0.159375 0.2625
1 0.6125 0.50390625 0.246875 0.2921875
1 0.88203125 0.603125 0.2359375 0.24375