3 0.1671875 0.30625 0.334375 0.13125
2 0.9171875 0.3515625 0.165625 0.175
1 0.37578125 0.55234375 0.3484375 0.2265625
1 0.53203125 0.56328125 0.0359375 0.1609375
3 0.48828125 0.6734375 0.1234375 0.14375
0 0.6109375 0.796875 0.121875 0.0875
0 0.559375 0.73203125 0.01875 0.0546875
0 0.94140625 0.88203125 0.1171875 0.1015625
0 0.8811116418974786 0.7162356167008758 0.20180114357108572 0.10737720452587247
0 0.9796875 0.75546875 0.040625 0.0671875
0 0.95703125 0.65625 0.0859375 0.1
0 0.8666599008205482 0.6387736920328407 0.14436715186945542 0.0914249515990063
0 0.8379689836037532 0.5119884782353901 0.12346265601864026 0.08349427693097126