0 0.7960698552027365 0.6666024585843061 0.17812684523075967 0.10708906743868063
0 0.8744782751188239 0.6309935733256952 0.08418666846619516 0.06122974715020835
0 0.11028756578548009 0.7247285494869098 0.11922544191141168 0.11195709897381967
0 0.2614277037574883 0.9388118461240278 0.15175267676456466 0.047204921162153114
0 0.10945692636357936 0.6108478874428125 0.13745522365499818 0.14669577488562507
0 0.08256069441021138 0.4823228439398264 0.10000184523075957 0.10527068787965277
0 0.2710437765687164 0.5202443372903127 0.19408373195336798 0.1324163757593057
0 0.22929306183678788 0.45298344889756964 0.16934384108157471 0.11468336189159736
0 0.3502334464848038 0.48465363582729193 0.12632754689043352 0.10276393692972227
0 0.4060592392260525 0.593575347358299 0.1509490385920637 0.11893445079743081
0 0.5412369547831736 0.4735018495425004 0.21091603444287887 0.12812891926229178
0 0.3994871626666249 0.4553850163362503 0.10724566016782511 0.07736389342673622
0 0.349131042540756 0.3980621723964239 0.21522502614450909 0.14382665444465292
0 0.29172036162700643 0.3608518067051044 0.2055181394219007 0.11864481648875014
0 0.13245118278784934 0.3173712975870487 0.1604424377622268 0.12071515634451409
0 0.1316564321631494 0.22454801795177093 0.14853443361304192 0.12823671561506958
0 0.22679225602328462 0.2758942720358335 0.21929721950581332 0.15639938962701408
0 0.24619252884380152 0.23345285210795158 0.10449916846619489 0.06170252583555565
0 0.19187095913285113 0.17525783919017374 0.09955155933798814 0.07874455547083344
0 0.4751132020838812 0.38305738107763926 0.12379454274124875 0.11050370174736121
0 0.41580813444752335 0.32084701538631977 0.15480774440092265 0.10810605357097228
0 0.5847016896363266 0.4090042448690977 0.1532452444009227 0.10806968597979179
0 0.6610847456503224 0.3054993447928478 0.1337848493799445 0.09825827488562507
0 0.1755564456596112 0.6700969072944446 0.12081125269929238 0.09171733415618064
0 0.28757454544054106 0.20322114466100719 0.16119945435896632 0.08953789152687515