2 0.1796875 0.1765625 0.359375 0.253125
3 0.265625 0.06171875 0.1875 0.1234375
2 0.871875 0.3375 0.25625 0.246875
2 0.53984375 0.06796875 0.3484375 0.1359375
2 0.5665307826225475 0.3152686134861197 0.3640465080362711 0.27768970862983944
0 0.38046875 0.0890625 0.0421875 0.065625
1 0.2125 0.97109375 0.29375 0.0578125
0 0.0296875 0.90859375 0.059375 0.0921875
3 0.3421875 0.59296875 0.034375 0.1453125
1 0.209375 0.71015625 0.3 0.2078125
0 0.02578125 0.55078125 0.0515625 0.0828125
2 0.23671875 0.83515625 0.2453125 0.1421875
2 0.06328125 0.65390625 0.1265625 0.1953125