3 0.4156914405253471 0.30440249675029385 0.27256547602842485 0.22642968100470676
3 0.16252657621013886 0.12169554220663673 0.24439180913596856 0.07607512499835237
0 0.02913090004542852 0.2076176310874323 0.05826180009085704 0.07461026217486462
3 0.27447221901947816 0.4028109488616143 0.23161957146044046 0.18981034253094825
0 0.3281151181603955 0.5132223433417271 0.12079053482570909 0.07079551542127546
0 0.04629518798115582 0.551831281249588 0.09259037596231164 0.07551028896022594
2 0.34396476820582406 0.5987331493480816 0.3038287641334942 0.1676546988616142
0 0.29897873756398646 0.7707621079522238 0.13534435775648762 0.08041597727182861
3 0.09312318210183332 0.8693830198855024 0.18624636420366664 0.08018988068039512
2 0.914730969585305 0.6149516278344308 0.11682008706427283 0.17375687418757338
0 0.0316871754873418 0.9837983015421277 0.0633743509746836 0.032403396915744766