1 0.65390625 0.06328125 0.0515625 0.1265625
3 0.06328125 0.89453125 0.1265625 0.2109375
3 0.3234375 0.9 0.140625 0.2
1 0.17428037882522393 0.6802959268612042 0.2859896572680401 0.2919891762490735
0 0.81171875 0.3453125 0.1296875 0.090625
0 0.95 0.42421875 0.1 0.1609375
2 0.78125 0.64765625 0.203125 0.2421875
2 0.8343452309044608 0.5099972399617141 0.15083248465266036 0.22894378916129607
2 0.95859375 0.7625 0.0828125 0.3
3 0.72890625 0.33203125 0.0984375 0.0640625
3 0.78816251222384 0.8531806034395846 0.2115564971002149 0.21097433063166626