3 0.09765625 0.078125 0.1953125 0.15625
0 0.4453125 0.30625 0.06875 0.10625
0 0.41796875 0.04140625 0.1234375 0.0828125
3 0.8530400614832008 0.24278060108272131 0.25399767447164334 0.15736518527287444
3 0.3375 0.90390625 0.284375 0.1921875
3 0.37890625 0.77890625 0.2015625 0.2796875
3 0.30625 0.50703125 0.346875 0.2953125
1 0.8390625 0.57734375 0.321875 0.2421875
0 0.7890625 0.3984375 0.190625 0.078125
3 0.59140625 0.76875 0.2234375 0.20625
3 0.8633973411446465 0.6793893539857152 0.21002950585373253 0.11859219028743925
3 0.6283279704367499 0.5370356840857401 0.2882272287263694 0.13336539561857333
0 0.5328125 0.9375 0.10625 0.090625