0 0.77109375 0.01953125 0.0890625 0.0390625
3 0.87109375 0.25078125 0.2203125 0.0578125
2 0.37421875 0.56171875 0.1890625 0.3265625
1 0.03984375 0.60703125 0.0796875 0.3890625
3 0.3578125 0.34375 0.221875 0.128125
1 0.9265625 0.43515625 0.146875 0.3109375
1 0.859375 0.36640625 0.196875 0.1734375
1 0.8004935556130105 0.4959184441479169 0.19143601909553923 0.34447996466513897
1 0.7890625 0.9328125 0.16875 0.134375
0 0.60546875 0.953125 0.0828125 0.09375
0 0.8476351230488758 0.8401594066288546 0.07876730788809568 0.1749649388295836
2 0.6929467004334959 0.7850874340799308 0.20261031743586527 0.34785953780340295