1 0.18046875 0.26640625 0.2984375 0.1859375
0 0.53046875 0.09609375 0.1765625 0.1921875
0 0.3015625 0.3078125 0.128125 0.103125
0 0.65625 0.0921875 0.053125 0.184375
0 0.70703125 0.03984375 0.1171875 0.0796875
0 0.77109375 0.01875 0.1140625 0.0375
0 0.68125 0.12890625 0.103125 0.1453125
0 0.7759747605816678 0.21057749057132255 0.1039536606107628 0.12609088001272664
0 0.159375 0.975 0.146875 0.05
1 0.15703125 0.403125 0.2265625 0.0875
0 0.3381717427038204 0.7820990492520947 0.1386473960668953 0.16864200668363552
0 0.873758943153164 0.7998518126193659 0.11533744182452974 0.1699317866804538
0 0.9062528366349856 0.8798660292807297 0.06587983363936126 0.08037839067472703
0 0.94921875 0.42265625 0.1015625 0.1265625