0 0.658385418874474 0.035546638888148754 0.15550595553496294 0.027938446555645435
0 0.8675148822139851 0.06742007917558802 0.2649702355720297 0.054603898125855796
3 0.9913343281303011 0.09366799359877984 0.01733134373939791 0.04898306927947218
0 0.3561583301140357 0.7229196406040084 0.18474207694917483 0.10527383636823089
1 0.7653101300213685 0.8401863262725943 0.3450843546239891 0.2270077470304991
0 0.3310938096107976 0.4521524995377815 0.21599207694917483 0.10618311850068456
1 0.9016046839354164 0.44872991514810767 0.19679063212916717 0.22010922618081669
0 0.9342782854793625 0.25444035754711797 0.13144342904127485 0.11181334138279597
1 0.3484474568009072 0.2786157111371218 0.36928574645662093 0.24956470862983932
1 0.1486483534428626 0.30089857343610726 0.22760418874473984 0.17051840314042072
0 0.13833335761921384 0.18431046700961656 0.1162103317584982 0.10952341567683303
3 0.061128506075267784 0.2530855475718598 0.08261907095872498 0.17566524122451135