1 0.05234375 0.06640625 0.1046875 0.1328125
0 0.40390625 0.23984375 0.1078125 0.1390625
1 0.23920534712949637 0.1532021985094767 0.24229147783744712 0.28093759263745516
0 0.44609375 0.2625 0.0453125 0.09375
1 0.21953125 0.26640625 0.2203125 0.0859375
2 0.9375 0.11796875 0.125 0.2359375
0 0.7734375 0.0734375 0.115625 0.146875
1 0.3039007694490195 0.510871303348041 0.21892257688750744 0.3406379243166556
1 0.38984375 0.709375 0.1578125 0.35
0 0.08071449570458684 0.7048802067816443 0.11136902645796609 0.2810745256405632
0 0.06744213252103233 0.9282449321745385 0.07908106965141815 0.14084763192686953
1 0.534375 0.89140625 0.13125 0.2171875