1 0.30703125 0.07421875 0.3640625 0.1484375
3 0.08515625 0.36953125 0.1703125 0.1921875
3 0.0796875 0.225 0.159375 0.184375
3 0.3671875 0.365625 0.24375 0.153125
1 0.71875 0.046875 0.325 0.09375
1 0.64296875 0.37578125 0.3078125 0.2078125
3 0.8984375 0.1390625 0.203125 0.23125
3 0.603125 0.45078125 0.228125 0.0578125
1 0.378125 0.83671875 0.221875 0.2203125
1 0.38203125 0.95078125 0.2140625 0.0984375
1 0.434375 0.5765625 0.109375 0.19375
0 0.8462348827155808 0.8288275620533663 0.19724892126547414 0.11207379488495235
0 0.7409355024389273 0.7289861224564124 0.1803068831160271 0.12603630093507653
3 0.8765625 0.765625 0.246875 0.165625