0 0.17467507386913184 0.09551742075108702 0.09037700725639404 0.172856792011454
0 0.125 0.02734375 0.053125 0.0546875
0 0.10142599139284351 0.6487964147437691 0.11732145317271012 0.18410337468172652
0 0.04296875 0.6875 0.0859375 0.14375
0 0.05183770836055164 0.5692810900699967 0.0946627139724832 0.11667951734563572
0 0.15809019756077855 0.5033026487507689 0.10636410580511538 0.1386817866804538
0 0.03203125 0.371875 0.0640625 0.203125
0 0.0234375 0.51953125 0.046875 0.1015625
0 0.2734375 0.7203125 0.08125 0.078125
0 0.49453125 0.59375 0.1109375 0.15625
0 0.5686556422111501 0.6671095153962243 0.10189486061443875 0.14487724267981755
2 0.5125 0.36015625 0.146875 0.2484375
0 0.08515625 0.95078125 0.1171875 0.0984375
0 0.04140625 0.9140625 0.0828125 0.115625
0 0.14246519756077855 0.8486151487507689 0.10636410580511538 0.1386817866804538
0 0.015625 0.86484375 0.03125 0.1015625