2 0.634375 0.28125 0.26875 0.26875
2 0.9015625 0.0453125 0.196875 0.090625
0 0.05 0.734375 0.1 0.09375
0 0.471875 0.81328125 0.05625 0.1203125
0 0.45859375 0.746875 0.0828125 0.09375
0 0.38849226903413536 0.8267030245862763 0.1349931444174139 0.10781359468490823
0 0.309791072994274 0.6580990225970942 0.19596700585373233 0.11477266669318062
0 0.44156779294004467 0.700312699912504 0.09883747579950324 0.06989542401336309
0 0.45234375 0.66640625 0.0953125 0.1296875
0 0.39765625 0.6265625 0.1109375 0.053125
0 0.29140625 0.6140625 0.1390625 0.028125