0 0.4093488855894435 0.31393856986241664 0.1460686694377568 0.0847073606144388
0 0.22890625 0.0328125 0.1390625 0.065625
0 0.2712338054894186 0.07341771886662478 0.1648641335443795 0.08692462504240898
2 0.42109375 0.4796875 0.2578125 0.078125
1 0.5046875 0.45390625 0.090625 0.1296875
1 0.59921875 0.46953125 0.0984375 0.0984375
0 0.76875 0.059375 0.15 0.11875
0 0.01484375 0.65 0.0296875 0.084375
3 0.5015625 0.6359375 0.096875 0.2
3 0.3463524435861446 0.7988567508026082 0.30031355172849494 0.18218753974053178
3 0.66484375 0.54453125 0.2296875 0.0515625
0 0.96875 0.77578125 0.0625 0.1078125