0 0.17957590743006985 0.6025532915204933 0.17249477711788871 0.08193970258518864
0 0.1079115075883544 0.5386234426993569 0.07953438730530311 0.051620849809719614
0 0.888761724664478 0.906776442773719 0.16334709765100222 0.08937020060802219
0 0.9039812108744243 0.786941445245177 0.14564277210332363 0.12454369665368965
0 0.9429791778840411 0.6563427026595507 0.07759145407749272 0.09211851581733085
0 0.7466497471635132 0.6295706611390575 0.18259720282385175 0.10732170456235508
0 0.8038234011618638 0.5732370895039584 0.1603130258642474 0.0923678666156336
0 0.674226829375109 0.5648277288198239 0.11339256175762476 0.08889535672980173
0 0.5924336086045688 0.660831295512007 0.1355858105039836 0.1007241946765232
0 0.4832812321198183 0.4874336047898165 0.2041994181841155 0.09883804250907655
0 0.6302100564138554 0.5184501359301865 0.10021060015828454 0.06494852076024671
0 0.6948097655059132 0.4757161492760593 0.20465405925034225 0.11446304250907638
0 0.761875245051942 0.455765746614321 0.20080163354437933 0.08933570851668762
0 0.925088298892008 0.46476269771663486 0.12772784639736087 0.09884335969555132
0 0.9412110555559255 0.3676476171842872 0.10157452335696497 0.11182352076024663
0 0.8474694157433401 0.39042193091072097 0.20506323620994635 0.12852554250907655
0 0.8372282492085773 0.339163178439263 0.10118206677218984 0.044699687756441085
0 0.9057342083006349 0.2965883592756218 0.08936402837152997 0.06762785178688588
0 0.5698385092377071 0.41587162258431365 0.1074608105039836 0.09957818874502422
0 0.6446626644896988 0.37120772140545 0.14620506175762493 0.09023236364988403
0 0.4535686515575751 0.4064409313678315 0.14303459765100204 0.08854252965749528
0 0.3987938865138803 0.2728034190105418 0.12254024122451135 0.08146485870696818
0 0.809208268475414 0.8182776754735135 0.10994931301126591 0.07783052273741298
0 0.8018052262473236 0.2931357540286948 0.16105717194503918 0.06430653361182799