0 0.284375 0.54453125 0.225 0.1109375
0 0.94921875 0.34453125 0.1015625 0.0953125
0 0.65078125 0.3609375 0.0421875 0.10625
0 0.725 0.496875 0.190625 0.1125
0 0.66953125 0.5625 0.0796875 0.075
0 0.759375 0.559375 0.140625 0.08125
0 0.5115559546603903 0.7317138908211416 0.16664488433001132 0.09468256134007813
0 0.584583642045034 0.7773289803841882 0.07840440468807693 0.05574405771188111
0 0.04375 0.79921875 0.0875 0.1203125
0 0.07048276681432131 0.8455059952754945 0.11664488433001133 0.0929365228654909
0 0.13314105799187786 0.7474702885594053 0.1377584207272058 0.10614585099579195
0 0.25280511104651027 0.8839757621505356 0.19743380937615385 0.11290677168436432
0 0.1152049814968609 0.8807366563454202 0.10108044108527148 0.0690079495445131
0 0.08203125 0.92890625 0.1640625 0.1296875
0 0.05078125 0.953125 0.1015625 0.09375
0 0.18203125 0.95546875 0.1140625 0.0890625
0 0.1203125 0.9828125 0.14375 0.034375
0 0.2890625 0.95234375 0.140625 0.0953125