1 0.0796875 0.03984375 0.159375 0.0796875
1 0.47421875 0.2109375 0.0890625 0.184375
0 0.31870303981824166 0.2597092769122513 0.10975535352912935 0.09290455223856356
3 0.4015625 0.09296875 0.234375 0.1859375
0 0.7600752462518005 0.0750034062654649 0.29408373195336796 0.14302846223361493
2 0.9484375 0.1140625 0.103125 0.228125
3 0.8464341856644124 0.3319350797166418 0.24356351369695445 0.1746192989592032
0 0.97421875 0.23359375 0.0515625 0.0859375
1 0.49609375 0.88828125 0.0453125 0.1390625
0 0.41362629874131135 0.7266400701057034 0.19218934523075965 0.11278768430531069
1 0.94140625 0.65625 0.1171875 0.234375
0 0.62890625 0.771875 0.2203125 0.121875