2 0.21484375 0.3703125 0.2078125 0.11875
3 0.94375 0.1734375 0.1125 0.115625
1 0.5984375 0.1546875 0.259375 0.20625
1 0.8134657357477281 0.3135813525562952 0.37218855172849497 0.1954054441675904
2 0.87265625 0.08203125 0.2546875 0.1640625
1 0.746875 0.028125 0.29375 0.05625
0 0.14375 0.96796875 0.18125 0.0640625
3 0.41875 0.540625 0.1 0.140625
0 0.13359375 0.453125 0.1359375 0.046875
0 0.15266096489804548 0.5110862106681447 0.16674488229073817 0.10270110271317864
1 0.2890687924907879 0.7771593985142138 0.3151034774344579 0.21670065083056542
0 0.915625 0.6 0.16875 0.225