1 0.1203125 0.4796875 0.178125 0.21875
0 0.12421875 0.05 0.0890625 0.1
1 0.2625 0.14765625 0.275 0.2953125
0 0.29358648587883823 0.31720700227180243 0.07261055103961844 0.0952440334984459
0 0.1653081205268542 0.2822240725784633 0.18759877884380155 0.23605743217453856
1 0.3125 0.5046875 0.159375 0.16875
2 0.471875 0.14296875 0.10625 0.2859375
1 0.5293626555944331 0.16494237324041708 0.1661973755244536 0.24128858767505648
0 0.596875 0.03203125 0.1 0.0640625
0 0.77886667074128 0.11070659925248379 0.12180691286711749 0.16915672249741007
0 0.8520305609883734 0.19016296691132956 0.1370534045687478 0.18543669396136275
0 0.95 0.0453125 0.053125 0.090625
2 0.88984375 0.05390625 0.1328125 0.1078125
1 0.8842949188671803 0.39550759242805816 0.19711733403260467 0.32057798138875027
3 0.7660203607785918 0.2802378492524838 0.18030649710021507 0.2014641083532208
3 0.7015625 0.53359375 0.1875 0.1109375
0 0.54921875 0.5453125 0.0890625 0.0875
3 0.20110114272267107 0.8958008449092576 0.1433034045687478 0.18572779238978612
1 0.0515625 0.75 0.103125 0.2375
3 0.965625 0.67578125 0.06875 0.1515625
0 0.9061171775897574 0.6833371164159916 0.10750761452679143 0.1653767510334573
1 0.9515625 0.62578125 0.096875 0.0734375
3 0.7078125 0.915625 0.271875 0.16875
0 0.545900805389296 0.719088255995856 0.06612375269929238 0.09182793507002261