2 0.2615937607425922 0.36341979937140734 0.4518236080951719 0.3081975920591791
3 0.16215924751360916 0.500628350692226 0.22546474672063965 0.13067038669636233
3 0.48172363353708514 0.10097598539940604 0.228255554047586 0.15412606802990775
3 0.5082573988022331 0.34049301873804216 0.24231805404758586 0.1542897000318167
0 0.4230845386708963 0.2652379327259518 0.17234639077317446 0.10038290268936265
1 0.4618659984181203 0.479882235399406 0.3087419934412793 0.2596862720400891
0 0.6207972631174414 0.5200361627545869 0.11264384215265544 0.09344201201463562
0 0.5790181196307336 0.6907481047501325 0.19051653663473136 0.11933289735836254
0 0.862489038898039 0.6963917667886308 0.2049065852552503 0.12574652936027153
3 0.774139105608781 0.20443952943981328 0.1818652329258299 0.1926249466899989
1 0.9119766203081021 0.2443480087921306 0.09989153663473119 0.11827838001272672