1 0.1609375 0.33125 0.321875 0.196875
3 0.25838428084914156 0.3986283598598243 0.2748750892845374 0.18770991553090183
3 0.51484375 0.1 0.0984375 0.2
0 0.512621767456461 0.4392434675123358 0.09061709172016919 0.0942497999152955
2 0.675 0.5359375 0.2125 0.146875
1 0.7660969638824432 0.3544500944983318 0.2887114926931041 0.26500045762427654
1 0.8828125 0.53671875 0.234375 0.1453125
1 0.96875 0.21171875 0.0625 0.1234375
1 0.8314158210238881 0.15179480233436982 0.2600762037328782 0.1447033681758551
0 0.546875 0.82734375 0.04375 0.1140625
3 0.39258159740550747 0.7279386153332577 0.3156364569792892 0.19788855233436992