0 0.30209908355776977 0.7457907097575511 0.07735479534115867 0.139702962657336
0 0.4879447303238379 0.8026713622517063 0.10036292740790582 0.22237375269929238
0 0.3646167729514631 0.8547997794685014 0.09667800542706698 0.15206125269929238
1 0.11060762437637264 0.7445088618274991 0.1436968475797223 0.24744553029369404
1 0.29414166214275783 0.4751705564382031 0.19622206128367514 0.35881000539858476
1 0.3752455772261917 0.5824754161911099 0.1854616236990041 0.3019680095477696
1 0.7890424836031983 0.6978709987738221 0.19195064111185864 0.3366982070582587
0 0.5846537974888653 0.45049540084377016 0.07940861827193721 0.1491963618274991
0 0.5295115168470277 0.27434637532396094 0.08812187697836435 0.16697585767831422
0 0.5014130930571665 0.1539387869416786 0.12891729534115867 0.14361013527271588
0 0.1954153985750905 0.10585094875988892 0.05958744120271571 0.15703217261537977