3 0.3902031991331585 0.1855739989510928 0.2713785020669146 0.21051606058738806
0 0.434375 0.0578125 0.190625 0.115625
0 0.06171875 0.01953125 0.1234375 0.0390625
0 0.11813130004278123 0.1602593033147035 0.20084337014004516 0.133549896270378
0 0.05078125 0.23359375 0.1015625 0.1171875
0 0.06171875 0.45390625 0.1234375 0.1546875
0 0.0671875 0.6015625 0.134375 0.121875
0 0.89375 0.68046875 0.2125 0.0984375
3 0.75546875 0.09453125 0.2359375 0.1890625
0 0.91640625 0.746875 0.1671875 0.034375
3 0.625 0.8 0.190625 0.140625