3 0.86640625 0.03125 0.2671875 0.0625
1 0.5265625 0.28671875 0.034375 0.1828125
1 0.6796875 0.2078125 0.340625 0.18125
0 0.92890625 0.20859375 0.1421875 0.1109375
3 0.5671875 0.46640625 0.115625 0.0859375
1 0.784375 0.4359375 0.4125 0.146875
2 0.7376699890202768 0.3722123705374208 0.28025201093324037 0.1718240016215578
2 0.9421875 0.41640625 0.115625 0.1859375
1 0.14765625 0.803125 0.2953125 0.321875
1 0.0703125 0.59921875 0.140625 0.1796875
1 0.68515625 0.9265625 0.3515625 0.146875
0 0.8515625 0.55078125 0.203125 0.0828125