1 0.6070585649682753 0.19451850292120484 0.32495539309857635 0.2948011094253698
1 0.8502207440095502 0.1945896875581035 0.29955851198089967 0.27040670216805496
1 0.9158234405588385 0.4541020971244925 0.16835311888232313 0.255056521300833
2 0.837020128080043 0.633974107774909 0.3259597438399141 0.28638301668268457
1 0.6162774076961826 0.8848796627704179 0.30916172359113003 0.1547817021680551
3 0.13706110053245574 0.6486145743165743 0.23363593393541646 0.17777085136685145
0 0.28660719962933107 0.3980890196038894 0.206091287293461 0.14732193374194402
0 0.4554489688666248 0.40839365815226936 0.18227184137714508 0.13433391819055523
0 0.4095040410064761 0.5064497408101859 0.12391370435383653 0.11365097983046261
3 0.4171255018140986 0.029640398915972515 0.22487600362819715 0.05928079783194503
0 0.48282497911824385 0.5415677431192601 0.08704862141421188 0.08394435598499986
1 0.7438914870076101 0.8141584767193996 0.3864186827542902 0.2705816508957401
0 0.3172967267559911 0.7159115066443987 0.13592263103285873 0.10068208812453676
0 0.5301067508026083 0.7286385161635195 0.15160219473518968 0.10361159849212935