1 0.7010383623465747 0.15891466004931593 0.33765440782296263 0.16626353604390703
0 0.5580519055603712 0.3183522000318167 0.12788984561740727 0.07016814401654478
1 0.4125 0.76875 0.053125 0.09375
2 0.05390625 0.61640625 0.1078125 0.2328125
1 0.61328125 0.55390625 0.3484375 0.2171875
1 0.84921875 0.4296875 0.2703125 0.1
3 0.94296875 0.68203125 0.1140625 0.1390625
0 0.465625 0.78203125 0.053125 0.1765625
3 0.51484375 0.46171875 0.1515625 0.0890625
3 0.88125 0.8015625 0.2375 0.196875
0 0.97421875 0.49375 0.0515625 0.109375