1 0.371875 0.19921875 0.09375 0.1734375
0 0.84453125 0.02265625 0.1890625 0.0453125
3 0.4796875 0.16484375 0.121875 0.2109375
0 0.6762940576338897 0.16430080496508864 0.19324144354388864 0.07983290041956285
0 0.8057102811492605 0.343855482554846 0.11999943317629622 0.0587615385920639
0 0.4359375 0.46328125 0.034375 0.0921875
0 0.5909812742220378 0.47427333650818254 0.1756629642790739 0.10954371120744355
0 0.534194740527362 0.5290209587086439 0.15412015494824058 0.09394202199532416
0 0.6515483358619454 0.5271130713613357 0.11009675287472209 0.08750184523075966
0 0.73359375 0.4421875 0.1328125 0.084375
0 0.8189026397261585 0.5835020134732399 0.1920302580585183 0.10147110207923689
0 0.6876328073510658 0.5670626425221784 0.09724543836009243 0.06479805103961844
0 0.6248402814320844 0.6106243109883733 0.1965222684261109 0.11733290041956294
0 0.5631119695093529 0.6331514290396498 0.1882217528747221 0.09342180373891082
0 0.44765625 0.63671875 0.0578125 0.1015625
0 0.43046875 0.725 0.0234375 0.1125
0 0.496875 0.69921875 0.15625 0.1296875
0 0.4835037990097235 0.7447293916969858 0.09730422695574066 0.047728950209781476
0 0.43984375 0.7875 0.0421875 0.06875
0 0.7334736961822697 0.6551653711515542 0.10622945909527762 0.09652164772027057
0 0.661950719226529 0.7009407350536456 0.1382217528747221 0.08963303029369403
0 0.8389718404800938 0.6557079775804684 0.13652255183796277 0.08795213112353081
0 0.8768150101312514 0.7731313533054147 0.11906164976444433 0.08352474025173784
0 0.5126253710172236 0.7844305091235624 0.15193293836009247 0.06894202199532415