0 0.50546875 0.36015625 0.1265625 0.1078125
0 0.53203125 0.29765625 0.0734375 0.0671875
1 0.509375 0.19140625 0.11875 0.1859375
0 0.86328125 0.0390625 0.2046875 0.078125
0 0.7140625 0.021875 0.1 0.04375
0 0.6609375 0.06171875 0.184375 0.1078125
0 0.62578125 0.0875 0.1140625 0.084375
0 0.7769741176163788 0.1111909349436699 0.10639882213985138 0.09675063103709683
0 0.7025991109929569 0.16252376590162462 0.14502481252120444 0.08538723370266403
0 0.8948337402117172 0.11088339489365753 0.14346231252120453 0.08534176959604131
0 0.94375 0.2390625 0.1125 0.078125
0 0.596875 0.25390625 0.05625 0.0609375
2 0.0921875 0.82734375 0.184375 0.2171875
0 0.3282687443880684 0.8670555238856904 0.2534920769491748 0.10727425705962901
1 0.7213367312260425 0.793660105635068 0.27987601687504104 0.19233121865896924
3 0.678125 0.9390625 0.21875 0.121875