0 0.39296875 0.1015625 0.0515625 0.10625
0 0.07931297249741003 0.05564159719975485 0.12638702564056317 0.1039734104104042
1 0.72578125 0.09296875 0.3984375 0.1859375
3 0.56171875 0.13125 0.2859375 0.18125
1 0.1609375 0.9609375 0.30625 0.078125
0 0.26634663130318775 0.9027852388413719 0.14826202564056318 0.10524748407380997
0 0.3671875 0.91640625 0.103125 0.1671875
3 0.365625 0.57421875 0.10625 0.2609375
3 0.3203125 0.459375 0.196875 0.1875
0 0.19007511393479212 0.6201932757436619 0.361352838708514 0.26413517861449415
0 0.6196577601296852 0.6571123629141832 0.2137072431755745 0.1386661998023559
2 0.722857572992748 0.4138012496470641 0.3365326211735026 0.23308259968941644
0 0.95859375 0.7109375 0.0828125 0.146875