2 0.16875 0.19765625 0.3375 0.2859375
2 0.3265625 0.60390625 0.265625 0.1109375
1 0.1984375 0.50390625 0.396875 0.2578125
1 0.31796875 0.4875 0.2828125 0.23125
3 0.34140625 0.55625 0.2359375 0.11875
0 0.94609375 0.56953125 0.1078125 0.1265625
1 0.92578125 0.378125 0.1484375 0.15625
1 0.1796875 0.7453125 0.28125 0.171875
1 0.0390625 0.91171875 0.078125 0.1421875
3 0.40234375 0.84921875 0.1140625 0.1421875
0 0.0671875 0.8125 0.134375 0.11875
2 0.9203125 0.8984375 0.159375 0.203125
0 0.8754220729930229 0.7845958433608796 0.12130655347041035 0.0852877139724832