1 0.1515625 0.128125 0.196875 0.25625
0 0.046875 0.4359375 0.09375 0.10625
1 0.89296875 0.259375 0.2140625 0.259375
0 0.5786360946815012 0.18450649708959316 0.14124008010002492 0.24062997840045347
1 0.09765625 0.653125 0.1953125 0.328125
1 0.05 0.52421875 0.1 0.0703125
1 0.9109375 0.83203125 0.178125 0.3359375
1 0.5697912582467632 0.8084524285779388 0.23330321113712174 0.3468651094333124
1 0.89140625 0.978125 0.2171875 0.04375
0 0.9113325859060126 0.6104366023465543 0.14479097743445787 0.20173116950744613
0 0.45879392227424365 0.7756994375636135 0.10500105172849494 0.1753670769491748