1 0.5857159599995625 0.15834059255403918 0.21984556228073995 0.31227608576539323
2 0.37599474459997356 0.34006817998642236 0.1701983893530465 0.27863466727872266
3 0.2932432530029306 0.38679940089868725 0.13828254448624283 0.22152379788366644
3 0.5253739565767024 0.5434328117993141 0.197333892318796 0.29486544515850976
2 0.40950219475088534 0.8930816096829807 0.2156143656270503 0.17021613152302778
1 0.8903915311403701 0.11404794286329993 0.13390806228074012 0.22809588572659986
0 0.7644205746380297 0.29268428633542304 0.11806820357377176 0.18405574879205205
1 0.6449184299221378 0.8033183816437139 0.19777956129215682 0.3058029451585096
0 0.5386166917851358 0.8684328117993141 0.10643036661563343 0.1659754284886102
0 0.2990462199225753 0.6253995152927736 0.10703786167271767 0.14266547424624482
1 0.8842156932680105 0.8472764493620819 0.13101918973360754 0.11970620636839727
3 0.517423488211364 0.6945807236180249 0.1992200444862428 0.22649808243141328
0 0.08243969866803702 0.5419644883310705 0.07597886266130086 0.1448020590935542