0 0.1896331054451985 0.18224252470558913 0.10432202090551304 0.1557965613462721
1 0.12139206868408273 0.2666624306969986 0.2041847839891055 0.23503062269254427
0 0.02265625 0.296875 0.0453125 0.178125
3 0.77578125 0.0484375 0.2640625 0.096875
1 0.76171875 0.08125 0.1671875 0.1625
0 0.5399244478773917 0.13435046471195253 0.1139700366905286 0.1605931493475449
0 0.70098596131392 0.4293918867361331 0.0961609104104042 0.1229113360120905
2 0.58046875 0.2140625 0.2234375 0.259375
3 0.378125 0.6203125 0.18125 0.1625
1 0.14609375 0.5828125 0.2265625 0.0875
0 0.5944424318100274 0.7677993113860431 0.10508088410204497 0.115207924013363
2 0.7140625 0.94765625 0.271875 0.1046875