2 0.16953125 0.13984375 0.2015625 0.2796875
2 0.28046875 0.825 0.2109375 0.35
3 0.12890625 0.38828125 0.1953125 0.2171875
0 0.3824784363128769 0.5464725969043667 0.11287679735218496 0.21718934523075967
0 0.60390625 0.975 0.0765625 0.05
0 0.515625 0.3484375 0.071875 0.1375
0 0.615625 0.321875 0.0875 0.084375
0 0.6254558025239806 0.5093115259440164 0.1014641083532208 0.17272895020978146
0 0.6810551391655798 0.4602120977295593 0.08645553846084475 0.1513508576783142
0 0.6785764944184287 0.5807613960698854 0.08292812406898661 0.10904495850815117
0 0.5845310878844534 0.6473317442004299 0.09324919396136266 0.13006785352912936
0 0.7343063019048081 0.7645220120465693 0.09303517824559701 0.19233105518880328
0 0.7180178300265705 0.6260864740792055 0.05898120181924575 0.09633147095570571
0 0.7628979904894873 0.5714707516736072 0.10709767824559702 0.1933966477202705
0 0.7860850874701686 0.5112911908857265 0.08351462903138547 0.1884956601678251
0 0.7919455973949662 0.3517977917155634 0.09368584160399784 0.13944285352912936
0 0.88203125 0.34140625 0.1046875 0.1234375
0 0.8545311805219086 0.43886100644749193 0.12116017824559702 0.19446224025173775
0 0.9001155082721677 0.4532912819673012 0.04186647642635144 0.09659158008391255
0 0.9451776052528491 0.39476930956170275 0.06315927956950454 0.08574916846619489
0 0.8075126695636538 0.6908845251188238 0.09357452564056316 0.10362375269929239
0 0.8552096149727586 0.6262901514684701 0.08274834160399784 0.13861405933798815
0 0.8071423343697968 0.7998334726293129 0.08104029238978612 0.13537066016782512
0 0.9265066104246447 0.8629748579020289 0.07547949710451576 0.11626546265733602
0 0.9399571042193916 0.4900226099766213 0.05996581306795061 0.15090057178554286