0 0.29375 0.39375 0.190625 0.071875
0 0.4328125 0.4171875 0.09375 0.025
0 0.4359375 0.3859375 0.0875 0.0875
0 0.3680658470534633 0.3403718078330111 0.10143109604505725 0.09416489926336577
0 0.42109375 0.2984375 0.1171875 0.084375
0 0.2593082060879707 0.33043444309852055 0.13326025025210164 0.08239687278026224
0 0.1953717562041863 0.20546194024852893 0.11418246832111638 0.07639824505632138
0 0.98125 0.421875 0.0375 0.015625
2 0.8079959864294721 0.15809526735205112 0.2316756069408205 0.17790575075630474
0 0.3013535944555734 0.6990523111872058 0.14383711733238078 0.10023993664223277
0 0.36697287663866013 0.7813838459681826 0.13380655347040998 0.09020937278026224
2 0.0984375 0.634375 0.196875 0.209375
0 0.2966339714232095 0.4981453750491762 0.13936813861970415 0.1030371547112475