3 0.2734884938955645 0.1869246912766286 0.25080558344622794 0.08362106496827515
1 0.58515625 0.03828125 0.2671875 0.0765625
1 0.48046875 0.365625 0.1421875 0.1875
1 0.5671875 0.4375 0.303125 0.04375
3 0.77890625 0.0296875 0.1296875 0.059375
0 0.49765625 0.109375 0.1765625 0.125
3 0.81171875 0.4296875 0.3484375 0.059375
3 0.6579453810506943 0.8242510433687288 0.21261062188998175 0.24760915389834964
1 0.478125 0.91484375 0.1375 0.1703125
0 0.703125 0.49140625 0.178125 0.0640625
0 0.94921875 0.76796875 0.1015625 0.1109375