3 0.11282332832748876 0.07084806411187299 0.09752165665497751 0.13378484937994445
1 0.3546875 0.42578125 0.096875 0.0484375
3 0.5329771047025176 0.30346946473192854 0.13761264285525981 0.28506392946385706
1 0.60234375 0.27578125 0.2265625 0.3484375
2 0.87421875 0.39609375 0.1796875 0.1078125
2 0.8953125 0.13203125 0.2 0.2640625
3 0.7584935275928448 0.2160090439906485 0.2417273985373026 0.26018417386477954
3 0.5828125 0.53359375 0.2125 0.1671875
3 0.553125 0.91796875 0.121875 0.1640625
0 0.6875 0.51484375 0.08125 0.1296875
3 0.93828125 0.89140625 0.1234375 0.2171875