0 0.7046875 0.3671875 0.228125 0.103125
1 0.53125 0.30234375 0.384375 0.2328125
0 0.48828125 0.01796875 0.1671875 0.0359375
0 0.73828125 0.0328125 0.1796875 0.065625
0 0.9445580191936365 0.08394971387655112 0.07744729282674853 0.08052384134309047
0 0.97890625 0.1375 0.0421875 0.084375
0 0.4601940908492771 0.045018314608548125 0.14986859604505706 0.0891726826861809
1 0.20078125 0.5265625 0.2765625 0.215625
3 0.2640625 0.62265625 0.15 0.1390625
0 0.025 0.4390625 0.05 0.040625
1 0.95546875 0.7296875 0.0890625 0.228125
0 0.9296875 0.63671875 0.140625 0.1421875