1 0.7926216031746041 0.3673571626219322 0.41147293028792975 0.29260658304098663
0 0.5928068661314141 0.10675129056909119 0.2359746776670363 0.15610671444818677
0 0.23732642658730202 0.17720046444818677 0.19168445712440044 0.12157520555093822
0 0.10461285857327488 0.2341296022811775 0.09663277297895925 0.09744268577927473
1 0.14913931831856894 0.4790574417107738 0.2526195619970475 0.24561488342154755
0 0.0670696930878563 0.39000025889724854 0.0904223457733484 0.12212435079830275
2 0.20908242211148184 0.6240953690870915 0.3527196915466968 0.25125207117798853
1 0.050589999224807634 0.5584173364638467 0.03689682757475112 0.11370967292769336
3 0.2496036998708031 0.8065232085166878 0.14661178901808822 0.14779019566510634
2 0.7169995558231843 0.9097238043720747 0.3004167119047626 0.1805523912558506
2 0.881137439078074 0.8907197836304185 0.237725121843852 0.21856043273916298
2 0.5604737438261369 0.6843868592384408 0.288997152990034 0.2782655573378241