0 0.4203125 0.06015625 0.090625 0.1203125
0 0.44765625 0.3703125 0.1046875 0.0375
0 0.29375 0.30859375 0.109375 0.1609375
0 0.221875 0.3734375 0.103125 0.03125
0 0.22080838376974582 0.3041556704190545 0.09521638939893551 0.13625051779449712
0 0.09963475649878192 0.2623740301146057 0.08756338606495559 0.11880834980971962
2 0.66015625 0.14765625 0.1828125 0.2796875
0 0.7465254740770669 0.18620682505795916 0.10204021637033697 0.1816903517868859
2 0.38671875 0.4453125 0.1765625 0.1125
1 0.05625 0.846875 0.1125 0.271875
2 0.75 0.97265625 0.16875 0.0546875
0 0.639335629976724 0.7690922623201086 0.12130039940087514 0.18870435574121877
1 0.8327667655826376 0.7651038047920041 0.15398509576733305 0.2647866946765234