1 0.06640625 0.69296875 0.1328125 0.1921875
1 0.18046875 0.7359375 0.2171875 0.10625
0 0.25 0.48515625 0.078125 0.1234375
1 0.68828125 0.15234375 0.2546875 0.3046875
3 0.8984628028990672 0.2439984525216528 0.16457625241907436 0.226083033278183
3 0.7471244849208561 0.7117916988682047 0.1876049577654509 0.1390739569792892
1 0.31484375 0.0984375 0.0515625 0.196875
0 0.2453125 0.89765625 0.0875 0.2046875
1 0.48125 0.92734375 0.175 0.1453125
1 0.353125 0.9328125 0.128125 0.134375
0 0.66015625 0.98515625 0.0765625 0.0296875
3 0.77734375 0.85625 0.1453125 0.134375
3 0.9203125 0.8921875 0.115625 0.20625