0 0.0171875 0.25234375 0.034375 0.0796875
0 0.45078125 0.246875 0.0984375 0.103125
0 0.4828125 0.18984375 0.034375 0.0890625
0 0.4199159801911555 0.19031507530471226 0.11112318380210837 0.08501489546082901
0 0.34565612642710325 0.2847347086998237 0.1318813527754692 0.09666172359113005
0 0.23552107555225082 0.12676346287617496 0.19737901878308045 0.09582839908902621
0 0.3762588220922097 0.1481077279371174 0.0977318458553869 0.06270338584218216
0 0.41796875 0.103125 0.1640625 0.1125
0 0.45078125 0.08046875 0.0984375 0.0859375
0 0.3159208413695815 0.054464366141552346 0.1037563527754692 0.09567957694917473
0 0.384375 0.025 0.140625 0.05
0 0.2041384243733871 0.05212556142489615 0.13762201680591382 0.08437997840045357
0 0.93515625 0.396875 0.1296875 0.084375
0 0.9671875 0.34921875 0.065625 0.0890625
0 0.8886659801911556 0.34969007530471224 0.11112318380210837 0.08501489546082901
0 0.8140625 0.4171875 0.13125 0.04375
0 0.7042710755522508 0.28613846287617495 0.19737901878308045 0.09582839908902621
0 0.8450088220922097 0.3074827279371174 0.0977318458553869 0.06270338584218216
0 0.90234375 0.2625 0.1953125 0.1125
0 0.93515625 0.23984375 0.1296875 0.0859375
0 0.97265625 0.17265625 0.0546875 0.1234375
0 0.7846708413695815 0.21383936614155236 0.1037563527754692 0.09567957694917473
0 0.8538320182516077 0.16774810534177914 0.14081068380210837 0.08605160580511537
0 0.6728884243733871 0.21150056142489615 0.13762201680591382 0.08437997840045357
0 0.6161675335746468 0.08668904518282732 0.11868101581733086 0.07903771397248338
0 0.9609375 0.08359375 0.078125 0.0640625
2 0.0703125 0.8125 0.140625 0.175
3 0.18514439076155922 0.6729291347458739 0.2604758794672149 0.2275347560752678
3 0.04296875 0.584375 0.0859375 0.21875
3 0.46015625 0.92421875 0.0796875 0.1515625
1 0.39609375 0.625 0.2078125 0.234375