3 0.3328125 0.36953125 0.13125 0.0390625
1 0.10390625 0.33125 0.2078125 0.115625
3 0.39609375 0.1375 0.1078125 0.246875
1 0.05625 0.0890625 0.1125 0.178125
1 0.240625 0.32265625 0.165625 0.1328125
3 0.5046875 0.23203125 0.109375 0.1390625
0 0.60546875 0.02265625 0.3109375 0.0453125
0 0.68828125 0.01875 0.1390625 0.0375
3 0.8703125 0.1328125 0.21875 0.265625
3 0.02109375 0.72578125 0.0421875 0.2140625
1 0.76640625 0.91015625 0.4046875 0.1796875
0 0.906559057687336 0.973406992883951 0.09635336829088245 0.046085315700310756
2 0.5375 0.89765625 0.175 0.2046875
0 0.7999607132982636 0.5842219374952223 0.2390996776670363 0.16025277346576186
1 0.6314307587947569 0.5784710083866179 0.27125084361388013 0.17613537869919876