2 0.0330527120336843 0.7645704330621153 0.0661054240673686 0.2898614393936933
1 0.08984439468976943 0.5194349954774442 0.17968878937953886 0.2953545228399214
0 0.0346147607508457 0.45601430461341275 0.0692295215016914 0.20672139077317442
1 0.0992997877125489 0.3845277289691008 0.1947059484924896 0.21246013568479166
1 0.2933198231783797 0.0854284876755281 0.16023535364324068 0.1708569753510562
1 0.43947734605719696 0.08182213082355168 0.23667030788560606 0.16364426164710336
1 0.6072068510581667 0.05012121183915974 0.17126870636839725 0.10024242367831948
1 0.7028708110504082 0.23309811001979514 0.2497758278894855 0.296248637493814
2 0.8072252763334834 0.7558285238600335 0.17742233789142503 0.34379866689245625
2 0.4863710292084213 0.8745497048859839 0.17350062818904793 0.2004581026681051
0 0.3760873623887407 0.9200027250123719 0.10918329454968649 0.11774077792830404
0 0.3169994048123953 0.9386575497521727 0.07904951333591956 0.07259869629109836
0 0.5592666531454054 0.9345178471294965 0.10679187606301603 0.06938516508343398
0 0.5719247314939327 0.5316761301461831 0.2511785733475575 0.3896710888732951