0 0.06979758092513944 0.10187027022877401 0.10014808320625015 0.14457235376405234
1 0.271875 0.11171875 0.128125 0.2234375
1 0.09296875 0.47421875 0.1859375 0.3359375
0 0.5849237799196182 0.399895298860505 0.07416746466513899 0.16849001482874765
0 0.5246389369297223 0.32962656121779477 0.04705814437666689 0.07684634288963736
0 0.590625 0.9328125 0.1 0.134375
0 0.534375 0.9671875 0.084375 0.065625
0 0.5313176155944103 0.8853499792025723 0.083795731382639 0.11268568380210837
0 0.6272100374221533 0.8055895419404229 0.09364351006798621 0.13338018577927463
0 0.4625 0.696875 0.0875 0.2
0 0.48653113924576435 0.8426014050960152 0.0585047906531944 0.09916701186299796
0 0.45703125 0.90234375 0.0765625 0.1953125
0 0.43984375 0.9359375 0.0421875 0.128125
0 0.77421875 0.9828125 0.0734375 0.034375