0 0.6614125246106062 0.06235956411280959 0.13567673871722885 0.10539790818602893
0 0.8376149749271754 0.175186033470972 0.16724498746358768 0.11797315128862396
0 0.6950410300208827 0.16935651458777942 0.15727895407749273 0.09716932835784542
0 0.9149777938109361 0.03810979449444799 0.1145913489046432 0.07621958898889598
0 0.9297264355039836 0.19831591700805712 0.1405471289920328 0.12011550542706692
2 0.8441139936652867 0.47921511420366664 0.21027958511458983 0.20291471732199753
2 0.8694001163226066 0.810427492652369 0.26090405925034227 0.11976138059640898
0 0.8133246464099961 0.5504659944613914 0.11817098997087001 0.0935596494796016
0 0.6986627528364868 0.5627347003634282 0.13035274122451135 0.08327724672063966
0 0.4473767006457735 0.7198732502271425 0.17023359514371972 0.11344942559888338
1 0.1717007507249158 0.7648360266851087 0.3026656619159093 0.16095294662978255
0 0.41507971153283324 0.4704021947092187 0.26264841567683306 0.1260932677515388
3 0.1532770788463836 0.2392185509953682 0.2629666644231918 0.13703076775153883
0 0.38704432508545994 0.2598298648810352 0.1304436694377568 0.08640224672063965
2 0.4597340158351176 0.1496083378572422 0.2435634465556454 0.16721623473485203
2 0.9755690990692456 0.7515703917932866 0.04886180186150888 0.07762038896415202