2 0.06328125 0.3109375 0.1265625 0.240625
3 0.28984375 0.31796875 0.0984375 0.2609375
1 0.41484375 0.18359375 0.1515625 0.2234375
3 0.8375 0.07734375 0.11875 0.1546875
2 0.43671875 0.44140625 0.1921875 0.0171875
0 0.32265625 0.55078125 0.0328125 0.2015625
2 0.10703125 0.87890625 0.1421875 0.2421875
0 0.01328125 0.70390625 0.0265625 0.2171875
2 0.525 0.5359375 0.178125 0.171875
2 0.51953125 0.87578125 0.2171875 0.2484375
3 0.8410218727903338 0.7886461262374646 0.1279504699126104 0.2653003045209029