0 0.22421875 0.71796875 0.3453125 0.0640625
3 0.22640130793019414 0.5386552065767024 0.20700147241989306 0.24877437551288217
1 0.4546875 0.66796875 0.26875 0.1640625
2 0.52578125 0.7046875 0.1265625 0.090625
2 0.47734375 0.078125 0.2234375 0.15625
0 0.23184234804671355 0.18929187653864635 0.17473923871722902 0.10544086958138302
0 0.08510007719703098 0.0537788463868595 0.16142088479802066 0.07680653361182795
1 0.50390625 0.19140625 0.1703125 0.1203125
0 0.96484375 0.3625 0.0703125 0.10625
0 0.42507185932948455 0.8540414205305975 0.17750052586424733 0.09306820357377185
1 0.125 0.9171875 0.25 0.165625