0 0.6151269710259252 0.7642401487507688 0.08845448770335977 0.165080654678545
0 0.5693735886105638 0.839494140077951 0.05199883723582168 0.07559998400699967
0 0.7652068434823376 0.08078385343726795 0.09458631303532491 0.14484088001272669
0 0.9579569039835796 0.2549133387969031 0.03993517447164337 0.15045453333863615
0 0.6511443434823375 0.07945661608845048 0.12896131303532493 0.14524086935072647
0 0.5270528585094523 0.056136200071587615 0.09589428298109545 0.10110906134627214
0 0.5407784943426593 0.24849642274026937 0.11350902985783762 0.17474655601527206
0 0.4793051840378089 0.2055907600652243 0.09620335518980241 0.15423406134627216
0 0.4950251119272978 0.3237504140674514 0.08970791549465282 0.11197383601209036
0 0.5946887686413519 0.3827265194143599 0.10233518052176756 0.1339942866804539
0 0.4580058591968233 0.5092697433959061 0.10581470452587265 0.1949681493475449
0 0.4595961511549092 0.37021633406267895 0.06618860226293641 0.09763861600890866
0 0.40989158782499685 0.31885328138922475 0.12144879488495217 0.19671246268299925
0 0.3805313407518631 0.26225783605186126 0.09797493344863373 0.19018974267981753
0 0.3580074218393647 0.10495386604867958 0.10238972267624522 0.1433692866804539
0 0.2674324188143026 0.09530559870304378 0.11488063231716561 0.14195223734881748
0 0.30591313583320706 0.1957601320416799 0.13395788524403188 0.19842041335136282
0 0.2612773467037914 0.21321071403563474 0.04901019262201593 0.09900112133990877
0 0.21160005445111785 0.15716016136218053 0.06768746974937896 0.08671929734245412
0 0.3779279946372468 0.4411459047183158 0.09904655405833437 0.10583292401336304
0 0.3243671782822723 0.38114364871099793 0.0930056323171656 0.14169769867918128
0 0.38980075986075324 0.5491038553866794 0.0914249515990063 0.13855451734563573
0 0.27845419370217045 0.6181254807049528 0.08349427693097126 0.11815111067790855
0 0.7006716448101975 0.16128841876190472 0.07873405405833438 0.1055965666772722
0 0.2266796329063408 0.25109197469763495 0.06962267447164328 0.15079997867599956