0 0.18623334136958153 0.3675537494341731 0.18219968775644108 0.10933513568479167
0 0.10154266498184698 0.40930748021229624 0.08523184585538689 0.0637150192218769
0 0.9243938690499105 0.27470882519002676 0.13707818874502423 0.11164790818602892
0 0.9170840933467479 0.3964609944573321 0.14329369665368966 0.1493935696514182
0 0.9335155651721273 0.5312011646291486 0.09795202174883003 0.10803822930778502
0 0.7359057361226544 0.5004889959276702 0.1957820266917457 0.1365527329258299
0 0.7768862217881984 0.5707505862713032 0.17314302273741297 0.11665631275401314
0 0.6504338097349199 0.5422017831282284 0.12588602076024671 0.10482469810012063
0 0.5955791664647216 0.42815257123329786 0.15002385771838506 0.12324050542706697
0 0.4468167198110321 0.5628473965389256 0.21740235870696817 0.13144915309764613
0 0.5966575523205462 0.5746148134313817 0.1076798488211363 0.07892393939369349
0 0.646709290457548 0.6336080331282284 0.22116402866891213 0.1472379274079058
0 0.7062461165412715 0.6711766321782887 0.21070668973360734 0.12018410447712728
0 0.8729733601154808 0.7104482513547371 0.15939885771838505 0.12373182835784532
0 0.8682129228533313 0.8080635577771723 0.1441558596955513 0.13228795680654803
0 0.7715899322448715 0.7583734170039979 0.2232995316346617 0.1613823145630356
0 0.7485861723590398 0.8041429404097462 0.10697951186299796 0.061736439393693485
0 0.8033254104960417 0.8633818215719821 0.09686968281352507 0.08147572930778538
0 0.5119377010279518 0.6555129313646346 0.12170785672980174 0.11707903663473136
0 0.5719546881763706 0.7197259175698247 0.1573906887450242 0.11271244120271576
0 0.3977942879860901 0.6323067254625979 0.15420202174882985 0.11098616689245625
0 0.3117692632715108 0.7452360933958507 0.13350751977166347 0.10054663387576941
0 0.844376105209746 0.336280411011104 0.12075285178688588 0.09364153663473136
0 0.7025905814465687 0.8377466564885483 0.16737318380210836 0.08984815128862386