3 0.04453125 0.18125 0.0890625 0.3625
0 0.4359387893795389 0.22468439323301714 0.09601335697722053 0.203247016805914
0 0.2315222274110468 0.201089020228774 0.1036666181871082 0.1443813527754692
2 0.36015625 0.3296875 0.2609375 0.140625
3 0.90390625 0.24140625 0.1921875 0.2984375
0 0.7229457422447785 0.2658678087463368 0.13364090273485515 0.20633752471457925
3 0.80625 0.35 0.153125 0.1
1 0.32096800937371983 0.751238917453305 0.22608297849830858 0.36583454152049344
0 0.11431939664662345 0.7549872944490618 0.09955294515850972 0.18937551779449713
3 0.4125657069481255 0.7833245641835443 0.10915108576539331 0.2115688527754692
3 0.171875 0.90390625 0.121875 0.1921875
1 0.9765625 0.7234375 0.046875 0.3875
1 0.8922055384614549 0.7520665884038321 0.20490960910325243 0.3353830375661605
0 0.9796875 0.48671875 0.040625 0.1265625