3 0.82109375 0.07578125 0.1796875 0.1515625
0 0.1596826341977197 0.7938882850505206 0.11541172359113024 0.1307070989738195
0 0.39765625 0.6875 0.0234375 0.096875
1 0.29453125 0.52734375 0.2296875 0.3171875
2 0.11015625 0.45703125 0.2140625 0.1765625
2 0.184375 0.9140625 0.23125 0.171875
1 0.65234375 0.5625 0.3265625 0.3875
0 0.4635516124285372 0.47866855423656246 0.08060021397248333 0.11740701196784728
2 0.93515625 0.81875 0.1296875 0.3625
0 0.953125 0.63984375 0.09375 0.1859375
0 0.8359375 0.41171875 0.065625 0.0859375