1 0.08203125 0.484375 0.1640625 0.05
3 0.21015625 0.06015625 0.1640625 0.1203125
0 0.1890625 0.38203125 0.134375 0.2546875
2 0.8484651789794071 0.23317722774940255 0.2765581404196279 0.37987791607077465
2 0.2359375 0.92890625 0.178125 0.1421875
0 0.60390625 0.7953125 0.0515625 0.153125
2 0.3901111623403157 0.7300368969849792 0.23061834902377001 0.34024158909937297
1 0.4953125 0.6234375 0.14375 0.228125
3 0.61015625 0.61015625 0.0390625 0.2015625
2 0.20533278774570513 0.6484527018264694 0.15288308684890542 0.2668043469752809
0 0.87109375 0.93671875 0.0984375 0.1265625
3 0.9546875 0.89375 0.090625 0.2125