3 0.353125 0.184375 0.271875 0.23125
2 0.115625 0.30625 0.23125 0.25
1 0.096875 0.496875 0.19375 0.14375
0 0.6252333992388783 0.1360902813426012 0.1931371877564411 0.11432629958972598
0 0.94453125 0.51484375 0.1109375 0.0890625
0 0.15673009144394356 0.6505303670255912 0.1983340237259963 0.1271814971002149
0 0.21171875 0.584375 0.1203125 0.03125
0 0.090625 0.9 0.18125 0.075
0 0.4 0.73125 0.178125 0.1375
1 0.4359375 0.64375 0.10625 0.15
0 0.7341308967674204 0.7924792234545055 0.1206891847906915 0.09481743776222676
3 0.5265625 0.74296875 0.075 0.1453125