0 0.5688800998290802 0.3067508582088573 0.1095521594086268 0.17023359514371955
0 0.27587659441880386 0.4237781999873647 0.08477947994174037 0.1773186694377568
0 0.04375 0.58515625 0.0875 0.1890625
2 0.19413616409398743 0.25520770790492353 0.2104159774344579 0.20283079796757128
2 0.08801053305689047 0.3613333389420205 0.11068876207419391 0.20929609514371955
1 0.55234375 0.5890625 0.1734375 0.18125
2 0.03203125 0.0953125 0.0640625 0.190625
3 0.16171875 0.628125 0.1828125 0.103125
3 0.22578125 0.065625 0.1796875 0.13125
3 0.71328125 0.38203125 0.1265625 0.3265625
1 0.08125 0.8203125 0.1625 0.28125
1 0.59140625 0.9453125 0.1171875 0.109375
1 0.709375 0.925 0.11875 0.15
3 0.76796875 0.978125 0.0921875 0.04375