0 0.98203125 0.215625 0.0359375 0.215625
0 0.9875 0.3625 0.025 0.109375
0 0.93984375 0.4125 0.1203125 0.2125
0 0.915625 0.4453125 0.125 0.146875
0 0.828125 0.4765625 0.165625 0.084375
0 0.784375 0.49609375 0.0625 0.0453125
0 0.9399651496031731 0.2875285890845662 0.11688471622369905 0.12483574505632156
0 0.8752727914913236 0.35038350418737385 0.11596256631598419 0.15899222376899794
0 0.95546875 0.17265625 0.0890625 0.1546875
0 0.8626876580841628 0.09771732609511603 0.10352312307124434 0.13478989926336588
0 0.753125 0.46015625 0.09375 0.1171875
2 0.76171875 0.7515625 0.2234375 0.434375
0 0.71796875 0.56640625 0.1328125 0.0953125
0 0.9610097462993721 0.5551878025388787 0.07381703423772627 0.05960422896477806