0 0.040625 0.378125 0.08125 0.1625
0 0.12421875 0.4328125 0.1078125 0.071875
0 0.17053890416776243 0.26680064191744995 0.14533950124939993 0.19052085099579194
0 0.21848041931460943 0.33392614373154855 0.1249319128671175 0.16799108656782166
0 0.23983243321205663 0.21467763592700023 0.11079763527271602 0.12542164065150557
0 0.15839133383211212 0.11677336006628458 0.12796182448483523 0.14627977767481415
0 0.33203125 0.078125 0.1421875 0.15625
0 0.2889085506386332 0.18366573810391848 0.08449524440092268 0.10736112141421188
0 0.32302436412580615 0.2534251665970393 0.1580529888018452 0.21434029691210804
0 0.3335250788577347 0.32002238955519735 0.133905093780867 0.2041468413771451
0 0.30703125 0.43359375 0.1234375 0.0703125
0 0.3859375 0.4578125 0.10625 0.021875
0 0.3703125 0.38671875 0.1375 0.1640625
0 0.42109375 0.41484375 0.0359375 0.1046875
0 0.38515625 0.15 0.1078125 0.121875
0 0.40234375 0.22890625 0.0734375 0.1546875
0 0.396875 0.05859375 0.084375 0.1171875
0 0.01640625 0.28359375 0.0328125 0.1171875
2 0.884375 0.234375 0.23125 0.46875
1 0.5515625 0.2859375 0.225 0.365625
0 0.8421875 0.03828125 0.0875 0.0765625
3 0.62734375 0.55859375 0.2109375 0.1796875