3 0.228376235345147 0.28378586607187295 0.35406334361388014 0.18497484160558172
2 0.25251703732004527 0.17066315319863817 0.24773419802510183 0.12776363912390726
1 0.0640625 0.0359375 0.128125 0.071875
2 0.40078125 0.17265625 0.0578125 0.1640625
3 0.31953125 0.046875 0.2203125 0.09375
0 0.3163909677648586 0.07751980455569099 0.07401729333702489 0.06272922896477802
3 0.5493092990402375 0.18577506494725116 0.16403912091177605 0.18102004307885
0 0.45078125 0.19453125 0.0421875 0.0578125
1 0.7790573557954976 0.14616698968531433 0.3571487708194908 0.16030262353656682
1 0.69765625 0.33671875 0.3203125 0.1859375
3 0.053125 0.83671875 0.10625 0.1484375
1 0.1140625 0.5 0.228125 0.1375
2 0.5874961212163179 0.8873750418183424 0.19993704811738686 0.15864229852673156