1 0.04765625 0.2125 0.0953125 0.19375
0 0.40859375 0.24296875 0.0609375 0.1328125
2 0.59296875 0.096875 0.3078125 0.19375
1 0.11484375 0.778125 0.2296875 0.3
1 0.21953125 0.64453125 0.4390625 0.4234375
1 0.18125 0.37734375 0.271875 0.1359375
2 0.37890625 0.44453125 0.1203125 0.2703125
0 0.23445012865839088 0.8383927689805489 0.10487050649282174 0.1060063472703419
0 0.54453125 0.9734375 0.2109375 0.053125
2 0.6692514172115797 0.7878074820076716 0.3759933043815014 0.2575967522779001
0 0.5468969504897626 0.6435254029414195 0.16961484496658025 0.14880006299888784