1 0.0421875 0.1875 0.084375 0.14375
1 0.28671875 0.09375 0.0453125 0.1875
3 0.2109375 0.2 0.065625 0.11875
2 0.73203125 0.16484375 0.1640625 0.1890625
1 0.45033984670379146 0.13944320749092348 0.16380901170746495 0.23162136760421675
0 0.11376147638867842 0.4278492025108266 0.11354539129415606 0.18427152372599612
0 0.57578125 0.93046875 0.0734375 0.1390625
0 0.634375 0.9875 0.046875 0.025
0 0.3328125 0.30234375 0.046875 0.0859375
0 0.43125 0.29140625 0.115625 0.0640625
0 0.5758483859314029 0.4021819935370283 0.09788402985783762 0.17738485376405225
0 0.6316352984991894 0.34523431517212744 0.08369426483072288 0.15493685079830274
0 0.63481431977282 0.47007514768164144 0.08187723477649378 0.11112318380210837
0 0.5398421873574587 0.5497082509514021 0.09293290944452863 0.1318813527754691
0 0.7001388170423455 0.6533068003433798 0.08862720452587247 0.1973153517868859
0 0.6775330848981306 0.5112930552862957 0.058367011903856715 0.09766817885919252
0 0.7216376089022357 0.44857287939285273 0.10425220452587265 0.19795202174882984
0 0.7423182684449602 0.3844639584423256 0.0792249334486339 0.19224584980971962
0 0.74140625 0.27421875 0.0921875 0.0296875
0 0.809375 0.3296875 0.115625 0.140625
0 0.8583432442444634 0.31100260072394065 0.03962610226293624 0.0984666749048598
0 0.90078125 0.2734375 0.0640625 0.028125
0 0.7724956060735654 0.5675656185184378 0.09277837334017516 0.10531885277546901
0 0.8189984222321481 0.4953749421307032 0.0820499515990063 0.14081068380210837
0 0.7765240550402931 0.6806558675298546 0.0789158612399266 0.13912084980971962
0 0.9027683924725064 0.730186340838109 0.07411927693097127 0.1201798488211363
0 0.3973239310127468 0.3438468646012861 0.07091246369925477 0.10599001482874763
0 0.9011120063447118 0.3436267583285949 0.05713176483072289 0.15385451186299806