0 0.30859375 0.50625 0.1296875 0.125
0 0.24140625 0.53125 0.1109375 0.075
0 0.26967460517256486 0.4547530986167329 0.10158635771838505 0.11731595941492116
0 0.36484375 0.403125 0.0890625 0.140625
0 0.25169256220637787 0.2628968352240523 0.12383804250907655 0.20358074188232517
0 0.2396806990507855 0.404193991068251 0.07601335475263546 0.10281708279171564
0 0.18298768867066215 0.4524581672049891 0.1395903765014653 0.2069784772718286
0 0.146875 0.48984375 0.115625 0.1578125
0 0.0703125 0.5171875 0.140625 0.103125
0 0.02421875 0.53359375 0.0484375 0.0703125
0 0.16314471536240785 0.32545929058178363 0.1092715237259961 0.11432732710967279
0 0.10219528650321537 0.3822490328711458 0.10754719764227279 0.1486477800317722
0 0.1855701550960153 0.21639793627971252 0.10429486364988402 0.14546823295387146
0 0.07944217190192919 0.13480128855318876 0.09721719269935694 0.12504663879807013
0 0.015625 0.49765625 0.03125 0.1421875
1 0.5462808675298547 0.3402502678536122 0.17520422433401847 0.2763012215897856
0 0.36171875 0.96171875 0.0953125 0.0765625
0 0.12344152270023194 0.7586751651763942 0.10786553262324468 0.15646028003177204
1 0.91015625 0.65703125 0.1796875 0.1765625
3 0.7414898912558507 0.7607615909060952 0.26339924410568205 0.3715239926931041