3 0.459375 0.12890625 0.2 0.2578125
0 0.12421875 0.0515625 0.1265625 0.103125
1 0.6953125 0.2859375 0.21875 0.228125
1 0.67421875 0.05 0.2296875 0.1
3 0.91484375 0.3484375 0.1265625 0.103125
0 0.959375 0.01953125 0.08125 0.0390625
1 0.53359375 0.8140625 0.0515625 0.253125
3 0.39449889039705155 0.8582930530053225 0.23069447241000382 0.22605154334173855
0 0.474610520248784 0.6834846295176821 0.11137898801910033 0.15554811151914832
0 0.20877967832348485 0.6218287498308221 0.11757442431676957 0.15449579454968648
1 0.8235589409373565 0.7200279073974691 0.1692708774894797 0.34100712152108803
1 0.90625 0.53359375 0.171875 0.2671875
1 0.765625 0.47578125 0.20625 0.1515625
0 0.6421179679791985 0.7402919652830753 0.11305061542376223 0.15880065727678297