0 0.7599452297671183 0.37327482223511355 0.16947865824437508 0.10135576866768634
0 0.8397243019554516 0.4121521359521057 0.08106946846486104 0.06076595048646727
0 0.06962739466100717 0.27376082832748877 0.1289991286090973 0.10689665665497756
0 0.20930357123840287 0.06768988068039522 0.15120013050895836 0.05418075973923264
0 0.07931347881718782 0.3879460592527653 0.14393445079743067 0.1446421185055306
0 0.06352743749840321 0.5149625267853611 0.10552526101791675 0.10492505357072232
0 0.2542245194703823 0.4878347853067778 0.18259690729444455 0.1281364569792892
0 0.21821559070878518 0.5512427203719698 0.16028549620027785 0.10900462743398442
0 0.334803025454306 0.5275069857932453 0.11787979065319458 0.098893241882325
0 0.38233002925402815 0.4221297390396561 0.14008209897381949 0.11333757142762982
0 0.5243019365484727 0.5495570840062364 0.20123780452090295 0.1237762394466932
0 0.3862752596867366 0.5580808758091312 0.10167290919430556 0.07362050649282174
0 0.34067312537805605 0.6119501696406211 0.20469011284152785 0.1378932865245938
0 0.2868038961796186 0.6461518457773592 0.1947695989738195 0.11429214529089186
0 0.13375228457236168 0.6801841521907507 0.14949346656500007 0.11506371266133186
0 0.13433547245201455 0.7723443786518003 0.151310539703264 0.12602848620028234
0 0.2293018271254173 0.7255842012972462 0.20814242116215292 0.15201033360249455
0 0.2529581858828826 0.7689484176120261 0.1013092332825 0.057995506492821744
0 0.20344980157420206 0.8227495275961401 0.09237064437666671 0.07658186525911966
0 0.4669453378589936 0.6352394395261234 0.11497299620027786 0.10821369480442442
0 0.41285855632385476 0.6936462288933865 0.1477127610179167 0.10566143912238175
0 0.5719049415824659 0.6152054034052714 0.14295252583555573 0.1024546185055307
0 0.655591570191563 0.721311127430689 0.12402068787965277 0.09431483603812651
0 0.14753549553468778 0.3329097317360555 0.11137521751493065 0.08784664772652384
0 0.295891221502084 0.8017160531636854 0.15501611474138893 0.08392280681713311