0 0.2157948714841873 0.12523045617180548 0.06172536167271776 0.1353568474022122
3 0.3859375 0.09765625 0.146875 0.1953125
3 0.16015625 0.11171875 0.0703125 0.2234375
0 0.27675759330956684 0.25766508076641603 0.09042336463846716 0.1499102711033185
2 0.075 0.3359375 0.134375 0.128125
0 0.40546875 0.3515625 0.0890625 0.096875
3 0.496875 0.321875 0.134375 0.15625
0 0.6958431743362061 0.1768026388013654 0.0718643656270503 0.1542704886359143
2 0.725 0.06484375 0.10625 0.1296875
0 0.8223884282905388 0.1558571189158629 0.08149403361182798 0.1606841298696164
0 0.9390055839180267 0.20612807995563714 0.08812603558899426 0.17016822402541756
0 0.92421875 0.3609375 0.0890625 0.078125
0 0.23273697376536484 0.5687116749222174 0.1051862015966055 0.16734323295387127
1 0.3202913704956042 0.6616474228936224 0.15466623125410078 0.3087318920444808
0 0.4190180305717163 0.6911519164008008 0.07712486859279988 0.16841480925276536
0 0.48121960022964905 0.7548638145343617 0.05978085969555132 0.12595457386326192
0 0.4469705701150433 0.5032973603944463 0.09957287155854946 0.1828591387980701
1 0.52265625 0.49453125 0.1328125 0.1890625
0 0.509375 0.98203125 0.053125 0.0359375
1 0.68203125 0.5171875 0.1671875 0.234375