2 0.7869750950772126 0.5322858825210324 0.22071228292387648 0.34699226594251653
0 0.8713741417911425 0.7438165247645447 0.1107054824490227 0.15869332654882307
0 0.42740048442757983 0.8938396947092186 0.13151808762187223 0.17694535956551008
2 0.4981806826990849 0.7179931676854256 0.22817779044572378 0.28185858887329507
3 0.2114823162434643 0.8143922913844298 0.20190479546028878 0.236798394391219
0 0.1139062857603633 0.9298302628902988 0.05225648495630521 0.13378850180902227
3 0.08579302830502292 0.5283463280191611 0.1266152904457238 0.27653592378986114
0 0.24803330087056513 0.32266845884271284 0.08948370031656908 0.12637879353213632
3 0.1855058717993899 0.48634585651329215 0.19313754922121246 0.20357645861557022
2 0.3839778463973609 0.08334036521971944 0.15205790815498563 0.16668073043943887
0 0.14539271951689903 0.10270451888319258 0.1080063797834557 0.1195489393936934
3 0.9669925863682309 0.4417859560176377 0.06601482726353822 0.26338747060135786