0 0.9367069922131245 0.5437586690383881 0.09044577488562525 0.13216975478036197
3 0.6381162894189235 0.0566960788113688 0.18939242116215294 0.1133921576227376
0 0.5068818603729859 0.17502007248984736 0.10283667211208343 0.12828329117755657
3 0.33427820212861087 0.2843716934016233 0.12220622758291685 0.22313471622369904
0 0.12555847198024286 0.23612036782945706 0.09204464247680565 0.1338323843300113
1 0.36699194462607576 0.6886994455610917 0.2148314450978474 0.3148797301033596
1 0.4928505022811107 0.4427082202380939 0.2070929867009726 0.3845914528054638
2 0.2528444045415622 0.39802198565891406 0.18012913677722245 0.29861438001107465
1 0.15885540235736065 0.5483607495385747 0.19284734232430578 0.3087904164082692
0 0.2789418582856936 0.9525499969176809 0.09818423328249999 0.06245803207825773
0 0.9698039008387493 0.8645928007475057 0.017914851823611144 0.03235142504614288