0 0.25234375 0.021875 0.2078125 0.04375
0 0.39140625 0.009375 0.1046875 0.01875
0 0.4234375 0.053125 0.190625 0.10625
0 0.453125 0.06328125 0.13125 0.1234375
0 0.4765625 0.140625 0.084375 0.1625
0 0.49140625 0.184375 0.0546875 0.0625
0 0.30793509716684964 0.060547759874491014 0.1209714389258032 0.11512195712440043
0 0.35876760950535075 0.11719947563676474 0.15192105027685515 0.11243704811738695
0 0.20078125 0.05 0.1484375 0.1
0 0.1135156662606109 0.15625718538205885 0.1294452729789592 0.10166023442229637
0 0.4546875 0.21875 0.128125 0.09375
1 0.3984375 0.80234375 0.240625 0.2046875
0 0.21115212986341633 0.6955433235695815 0.20558627081949102 0.1485538232558145
2 0.928125 0.8953125 0.14375 0.209375
3 0.915625 0.94765625 0.16875 0.1046875
3 0.8145028770856392 0.739721725018456 0.31245563695090495 0.2378747439830203
2 0.53203125 0.85 0.0265625 0.2375
1 0.62265625 0.61328125 0.2078125 0.2359375
0 0.546875 0.71953125 0.05625 0.1296875
0 0.7078125 0.95234375 0.153125 0.0953125
3 0.6624595157345872 0.7447968561092647 0.24496774830195706 0.22888167334809956