0 0.5968905308689803 0.2922255891380599 0.1106519742194024 0.1799459207272059
0 0.5597833565132921 0.2075409060723529 0.06207063206674697 0.0849547933370249
0 0.6620132468362406 0.9695648349760067 0.11009205223856355 0.0608703300479867
0 0.8872290100652236 0.869733332041346 0.06920810266810484 0.1617175524363234
0 0.5466748518791947 0.9598906438907353 0.14191526232447202 0.08021871221852947
0 0.41674501244007284 0.975917359653009 0.10080558344622811 0.04816528069398203
0 0.451243922435124 0.8127908081395361 0.1362251843053107 0.19248549352159508
0 0.3835717435568803 0.8476478670542648 0.11797315128862396 0.17107156847545246
0 0.4149179980794361 0.7281561898486538 0.10474281094499087 0.12662066162790708
0 0.5255146613538476 0.681940128774457 0.1198698439616777 0.14783432757475107
0 0.40171639247065505 0.531341746603914 0.13095783016686777 0.21083497532299766
0 0.3855890241987179 0.6745410340808426 0.08040455223856365 0.10793121838316751
0 0.32680052238969554 0.7193738702934672 0.1467466044771272 0.21496127081949085
0 0.2886553912274596 0.7741522054263574 0.1228996687014785 0.20564682757475108
0 0.2470367000247439 0.925124420108897 0.11962418249628844 0.14314682757475125
0 0.15525863580039267 0.9114042766795871 0.12324714947960161 0.12313471622369895
0 0.20330771144470466 0.832176654069768 0.1609728787873867 0.218987436766335
0 0.15914163161652117 0.8073978971299377 0.06165455223856364 0.10672966378737563
0 0.1009296619196745 0.856187048117387 0.07983134215265535 0.0969937183831675
0 0.3101187126879001 0.5889656770487274 0.11379026232447184 0.1209714389258032
0 0.24693263794809925 0.6429231893872285 0.1124667797373264 0.1551461798265045
0 0.3361633135469827 0.4808923611941685 0.11074050542706697 0.15192105027685515
0 0.23034708276885954 0.3910207279438914 0.1003828595655099 0.1325702729789593
0 0.6044331201965605 0.9260789574289422 0.09183337516934209 0.11800712523071262
0 0.12858102838258936 0.762326426587302 0.09108310266810493 0.16311936613141392