3 0.1586912789185572 0.24679705679834427 0.18982725879399173 0.17691267061270252
0 0.15625 0.37109375 0.0625 0.0953125
0 0.2484375 0.38125 0.08125 0.075
1 0.18515625 0.096875 0.1796875 0.19375
1 0.04921875 0.14921875 0.0984375 0.2984375
1 0.75 0.3515625 0.23125 0.134375
3 0.2143673230092018 0.6300723292181196 0.26119181788754575 0.252582092433353
3 0.24093046769897128 0.8180348437619871 0.1325246839486219 0.2544957945496865
1 0.07734375 0.9015625 0.1546875 0.196875
2 0.29765625 0.8671875 0.1046875 0.265625
3 0.48369218148423443 0.8478014474052278 0.16288212152108805 0.17005689273291544