0 0.16015625 0.3375 0.1234375 0.0625
1 0.7125 0.28046875 0.2625 0.1765625
1 0.559375 0.31328125 0.140625 0.1109375
1 0.45703125 0.321875 0.1546875 0.09375
2 0.484375 0.15859375 0.190625 0.3171875
0 0.3953125 0.15859375 0.03125 0.1484375
2 0.5890625 0.02890625 0.2125 0.0578125
0 0.18344743445920822 0.6785463376795656 0.09759210055371045 0.21017982878371627
3 0.8656987299557015 0.8641156565384845 0.16387843460686646 0.1992466368892682
3 0.8347839011443327 0.5929341693587661 0.11984663479143656 0.26574062406898663
1 0.5875 0.86484375 0.253125 0.2703125
1 0.5796875 0.4359375 0.24375 0.134375
3 0.909375 0.50625 0.18125 0.275