1 0.4515625 0.38515625 0.096875 0.3046875
3 0.43359375 0.171875 0.1328125 0.140625
0 0.69453125 0.4796875 0.1421875 0.11875
0 0.9484375 0.48359375 0.103125 0.1109375
3 0.5890625 0.0921875 0.15 0.184375
2 0.25625 0.6578125 0.203125 0.2375
0 0.4765625 0.6015625 0.046875 0.125
1 0.0484375 0.9171875 0.096875 0.165625
2 0.1390625 0.89296875 0.240625 0.2140625
3 0.0546875 0.62109375 0.109375 0.1640625
3 0.5953125 0.94765625 0.190625 0.1046875
1 0.57578125 0.62734375 0.1515625 0.1765625
0 0.80078125 0.634375 0.1359375 0.190625
0 0.7067911024352926 0.6226183259211402 0.14129416394474265 0.14294199980360825