0 0.7484375 0.38851382617548674 0.1625 0.09753222948277793
0 0.82578125 0.4309390219389243 0.075 0.05643314437666671
0 0.06796875 0.26486324021635427 0.1359375 0.10160148043270852
0 0.2234375 0.06301306553881962 0.15 0.05817878875333347
0 0.07265625 0.37512859298989587 0.1453125 0.13775718597979178
0 0.05234375 0.5004370643045487 0.1046875 0.10087412860909736
0 0.24375 0.48067334422416685 0.1765625 0.12285953780340293
0 0.2046875 0.5422641544446529 0.1546875 0.10516289152687505
0 0.321875 0.5231167237831947 0.1125 0.09480596656500015
0 0.3734375 0.42197310429215307 0.134375 0.10937761284152785
0 0.50625 0.5524080995425005 0.1921875 0.1154107137152085
0 0.36953125 0.5554759353142018 0.096875 0.0710047906531944
0 0.321875 0.6074917237831947 0.196875 0.13114481648875015
0 0.26796875 0.6382682918874656 0.1875 0.10748911094166687
0 0.1140625 0.6651548341561806 0.14375 0.1111583183886113
0 0.109375 0.755670731382639 0.14375 0.12209581838861112
0 0.20546875 0.7141573382402433 0.1984375 0.1436811840799308
0 0.22578125 0.7575988669255904 0.096875 0.05537979065319458
0 0.175 0.8095419202122225 0.0875 0.07391158510611114
0 0.44453125 0.6337840796908685 0.1078125 0.10250936379145834
0 0.38828125 0.6887248464083683 0.1390625 0.10011171561506949
0 0.55 0.619051392095556 0.1375 0.098512848023889
0 0.6265625 0.7270834040634033 0.1203125 0.09186280452090294
0 0.14765625 0.3253117373665626 0.1078125 0.08375936379145835
0 0.2671875 0.7913751080918752 0.15 0.08005378875333342