0 0.7530746205840492 0.6573067759043948 0.16329997867599957 0.07916347316352948
0 0.8256223299252309 0.6041002351882636 0.07550907733927241 0.0485562183831675
0 0.06630296861077531 0.8662746445090441 0.13260593722155062 0.08567428901808824
0 0.05731914095322942 0.7492676172111482 0.11463828190645883 0.12031010487264701
0 0.02634213462763816 0.6190899614433372 0.05268426925527632 0.08817992288667434
0 0.20704450525145832 0.6168427483019571 0.17296588001272667 0.10476425046142523
0 0.15459221459263978 0.5556258436138801 0.15248974801081766 0.089400066315984
0 0.2796013052594125 0.5628549575858257 0.10717724801081766 0.08649630937615385
0 0.35348315324636764 0.6637549259689932 0.12917951734563574 0.09883562307124442
0 0.4686279899347757 0.510858068318569 0.1947317920114541 0.09679106415651581
0 0.3246234512651395 0.5235211497508314 0.09440452800763603 0.0622577729789592
0 0.2649944599379574 0.4743536620893326 0.19491360534690844 0.11241606415651581
0 0.2011864986075936 0.44837335055371047 0.18993520401018138 0.08711567550756776
0 0.05242392397359212 0.4370982842377263 0.10484784794718424 0.0960715684754525
0 0.04128697664704636 0.3425973126153563 0.08257395329409271 0.10706962523071262
0 0.1230802272835932 0.37456680829641964 0.19505905601527201 0.12491606415651582
0 0.135362598623502 0.3268802799187896 0.09731135200509068 0.04370803207825791
0 0.07181826662954716 0.2782437183831674 0.0835033906747269 0.064681866131414
0 0.3882325126114116 0.4322138317368043 0.10105451734563572 0.09703329117755662
0 0.3184745432845477 0.38005175200258484 0.1384090666772723 0.08693640036914019
0 0.5015501252785025 0.43634822408638 0.13528406667727227 0.08673614126984167
0 0.5608262226289108 0.3142717674234049 0.11646134134309047 0.07928458667404978
0 0.13544058322727762 0.7905119833425622 0.10392497867599956 0.07535855027685515
0 0.171790994629229 0.28699575956072393 0.15218066534054514 0.06283756631598418