0 0.384375 0.5171875 0.153125 0.065625
3 0.18671875 0.053125 0.2546875 0.10625
1 0.39921875 0.35 0.4203125 0.2375
3 0.34856126160926915 0.13716399971013588 0.12272040339440445 0.15526106909549373
0 0.4380419181269315 0.21630910789530447 0.13791815651766245 0.08309902667183913
1 0.9625 0.2421875 0.075 0.234375
0 0.6453125 0.03125 0.071875 0.0625
0 0.778125 0.01875 0.115625 0.0375
0 0.9189555748409857 0.2573796154813481 0.09883747579950324 0.07678538273097572
3 0.8212180324901162 0.36965673275037236 0.2989738311856975 0.11654873970819626
3 0.7421875 0.26953125 0.265625 0.1953125
3 0.4372419665279252 0.7675515830596331 0.32395565046753827 0.11546447183034889
0 0.5523260901626879 0.6840212191245888 0.10506929508134384 0.07417056576151387
2 0.30234375 0.9453125 0.3640625 0.109375