2 0.325 0.13828125 0.35 0.2671875
1 0.39140625 0.45625 0.2171875 0.19375
3 0.11328125 0.29609375 0.2265625 0.1703125
0 0.91796875 0.29765625 0.1640625 0.1140625
0 0.95078125 0.35234375 0.0984375 0.0984375
0 0.8573963645632642 0.3569474784056611 0.1161349251546305 0.09110044191141178
0 0.7813922318322885 0.2636603423077526 0.13734024545807202 0.103577131123531
0 0.6742329203228384 0.4242803788252239 0.20283769970043758 0.1069873962703781
0 0.8144912585041275 0.39950275392547036 0.10184928454774678 0.06827824855010753
0 0.875412654111981 0.44283743421451993 0.20411315727678278 0.1226123962703781
0 0.9203125 0.4625 0.159375 0.096875
0 0.9578125 0.51015625 0.084375 0.0984375
0 0.7562639124469307 0.4951005190723173 0.10921524545807201 0.10144594606059662
0 0.82578125 0.52578125 0.1453125 0.0671875
0 0.6442900709316616 0.5004410597389735 0.1410073793969957 0.0914323286340201
0 0.96796875 0.11953125 0.0640625 0.0796875
0 0.35625 0.57578125 0.190625 0.0328125
0 0.46640625 0.94453125 0.0671875 0.1109375
0 0.4215865392588526 0.6690895130490326 0.11457242515463051 0.09098204274124858