0 0.7200683207366356 0.3893798591788583 0.17142655933798814 0.0823462524470707
0 0.7894802489510928 0.4399403651693081 0.07855197510489056 0.04949405771188111
0 0.0557987914918488 0.1962822337579312 0.1115975829836976 0.08868553248413762
0 0.24623545995804372 0.011493044148551072 0.15778918921211932 0.022986088297102143
0 0.047263318461550526 0.3144146748649238 0.09452663692310105 0.12117065027015243
0 0.01291070663405142 0.4435491033580446 0.02582141326810284 0.08790179328391083
0 0.1745539885781306 0.4419344957388308 0.18437684523075956 0.1092906983633867
0 0.11999562052685417 0.5038367842134182 0.15963695435896633 0.09128474282842376
0 0.24541001762242476 0.49400293802694967 0.1173310551888033 0.08824902286549072
0 0.3216783649277768 0.39238338512439197 0.13859074855010753 0.10145835099579195
0 0.43122819583688193 0.5404984481937507 0.20397895020978146 0.10062502649368774
0 0.28848458878326766 0.5322370588081894 0.10149256763635792 0.06432044954451292
0 0.22712011367837692 0.5811309157944311 0.20516294191141168 0.11625002649368774
0 0.16260732778560555 0.6098759638876653 0.1970185551888033 0.0910317716843645
0 0.03584945393475905 0.623680547460262 0.0716989078695181 0.09606152286549072
0 0.02276865217019438 0.7177033659719163 0.04553730434038876 0.10774306733052796
0 0.09299864179723219 0.6843700215995464 0.18599728359446438 0.1288045901960187
0 0.09339354126813419 0.7315079164274032 0.10163427759440165 0.04562501324684387
0 0.03672977478325198 0.781319432669472 0.07345954956650395 0.0670635036281972
0 0.3480236869138123 0.620543101459128 0.1119098493799445 0.09896826805616747
0 0.2769290142984325 0.6744518406593548 0.14545605518880328 0.08923116950744614
0 0.46148253566905684 0.614243483040141 0.14377515601864027 0.08761410580511537
0 0.515528650396341 0.7339086530957413 0.12466995850815117 0.08227184137714509
0 0.10957129646622628 0.2712251808553735 0.11025226099766212 0.0770932680561673
0 0.1278743624289771 0.7700421375714628 0.1577425676363579 0.06628474282842375