0 0.8238264446651193 0.8051789998793139 0.18028746369925486 0.11779276212797143
2 0.6230401286047325 0.6536968929020933 0.31372719847574826 0.2364466515269072
0 0.6314849294416129 0.8972395988114487 0.1363738372358217 0.08609648091420467
0 0.02558490826617828 0.907908094849249 0.041115879390299356 0.08769118969849785
2 0.20161353873663215 0.29366960697722055 0.3122828731437834 0.2566316057692726
1 0.40061412011872133 0.2724316910756238 0.34976469242562425 0.25656770395250145
2 0.7748914365718917 0.41944892290791225 0.4502171268562165 0.2868607239563808
3 0.6690288185944697 0.5051795156311293 0.15699540944452864 0.1408795757634536
0 0.6875349415418615 0.8674562460862919 0.13635565651766246 0.08297148091420467
3 0.7727719630118838 0.6198475356350086 0.11784200585373235 0.1220659318225902
0 0.08884589402463054 0.3727037895487167 0.12372839149054778 0.06007611485312827