0 0.18321447623682277 0.5208794062292365 0.17763952174882985 0.11423938001107459
0 0.12914374155986197 0.44456842766703614 0.0852318458553869 0.06468186613141391
0 0.7894128077205725 0.9522963930417138 0.17320668973360737 0.09540721391657243
0 0.8345899979484717 0.8555719000553733 0.17773236364988412 0.15476425046142522
0 0.8987081891649538 0.7429705729420475 0.1057008547526351 0.10807092072720578
0 0.7120650350203406 0.6714798974344796 0.19434686068413445 0.14180317550756777
0 0.7786596274156864 0.6326665237449264 0.17020902372599628 0.123113732262828
0 0.6572130503433798 0.5951188540974547 0.12601335475263548 0.10937260487264702
0 0.5603115340317574 0.6664548311184955 0.15008752471457926 0.12649954811738695
0 0.49347815559030683 0.4804486775101527 0.21296952669174568 0.13987973010335963
0 0.6265015612177948 0.5414536335548189 0.10780718281352505 0.08327117982650449
0 0.6964612341454882 0.5161718337393891 0.21666752965749528 0.15414248920265833
0 0.7631858191264601 0.5126148395994852 0.20627385771838486 0.12854171190476257
0 0.9132521447158919 0.5590461559154694 0.13758752471457925 0.1256985117201923
0 0.9380067469970694 0.47055415483573526 0.09571835969555131 0.13080751387966066
0 0.8581282460084863 0.47013504780361987 0.22030186562705048 0.166842748301957
0 0.859416173384804 0.4193037330287952 0.10548067885919252 0.06442105027685514
0 0.9332502628144003 0.3950535070874886 0.09686968281352507 0.0825702729789592
0 0.5909871669590133 0.43265033003876124 0.12170785672980174 0.11844721622369914
0 0.671134923384804 0.40723812229605194 0.15595552273741298 0.11752506631598418
0 0.4827581728905124 0.39751626156330877 0.1527668557412186 0.11576230721668548
0 0.46017220155942445 0.259776429669621 0.1320086867678579 0.10352312307124434
0 0.7308919949827221 0.8630258497785182 0.11931768577927464 0.09803458667404996
0 0.8364216837649273 0.368482910234406 0.16287668479069134 0.09615071406423077