0 0.18009429210963238 0.39469229392146676 0.09538925046142525 0.17876247091226496
0 0.23984375 0.45234375 0.0578125 0.0734375
0 0.13671875 0.03515625 0.1109375 0.0703125
0 0.2921875 0.09453125 0.09375 0.1890625
0 0.40078125 0.0375 0.1078125 0.075
0 0.6921875 0.040625 0.0875 0.08125
1 0.0671875 0.675 0.134375 0.35
0 0.63046875 0.54765625 0.1203125 0.1171875
0 0.5453125 0.5203125 0.10625 0.0625
2 0.6887507078995928 0.7442625039137081 0.24082046884459274 0.26524158909937307
0 0.8453125 0.5234375 0.121875 0.06875