3 0.11810987594866082 0.23275551333166195 0.1583615647365729 0.2595436695074461
2 0.03046875 0.11796875 0.0609375 0.2359375
2 0.63515625 0.078125 0.2390625 0.15625
3 0.4671875 0.0953125 0.05625 0.190625
0 0.359375 0.9328125 0.11875 0.134375
0 0.3455119029183626 0.8081945121505356 0.14051029129135612 0.20905259618646851
0 0.33899625809787715 0.5165526491738441 0.07992614357108571 0.1087599303072194
1 0.35078125 0.48515625 0.1765625 0.1921875
3 0.2671939583076585 0.607547182206136 0.1684684253146722 0.14613593393541652
0 0.7 0.92421875 0.121875 0.1515625
2 0.6051605126712692 0.7844891389222252 0.27010454813983353 0.2946131286706061
0 0.7921875 0.9453125 0.221875 0.109375