0 0.8659815966927088 0.32737498613994875 0.17107752583555574 0.10982856826055958
0 0.9186877161837504 0.2789521676676275 0.15040134992375015 0.09302049985882573
0 0.7997376944322574 0.2634420177805669 0.10657861474138901 0.087347352532014
0 0.724394161947188 0.3448747573278104 0.13027068787965276 0.0996499314570917
0 0.6246091014423614 0.18068418373499168 0.18964568787965277 0.10310813140062187
0 0.7604563356747921 0.21824363886960665 0.09356946846486114 0.06474431043863901
0 0.8189221458952781 0.18263933881313693 0.19309799620027804 0.11735264192396552
0 0.8802590361878823 0.16982779664917497 0.18633884992375016 0.09511362087727804
0 0.98359375 0.1875 0.0328125 0.103125
0 0.93125 0.11484375 0.1375 0.1296875
0 0.9488797899876044 0.0677185360552441 0.09473192496187507 0.04764781570031094
0 0.98515625 0.0328125 0.0296875 0.065625
0 0.7051310964083684 0.12061820997276378 0.10214568787965277 0.09801183674699843
0 0.7729537228332642 0.08477869148632511 0.13633884992375017 0.09220145250377901
0 0.5978634570656948 0.10422809954824208 0.13317748233256949 0.09045694198043534
0 0.5484375 0.01015625 0.115625 0.0203125
0 0.91640625 0.028125 0.1484375 0.05625
0 0.8539491496950002 0.8277250546828571 0.18372299620027785 0.11680661035393455
1 0.859375 0.97421875 0.259375 0.0515625