1 0.7512548690127294 0.6301298727720861 0.29989120653952134 0.19246240937299816
2 0.6135943374152488 0.3830992367520415 0.27135502965749525 0.14371582670272556
3 0.5845063566926207 0.29131117874758716 0.21408635771838505 0.1180612986950896
3 0.3663134777196976 0.5052811300524975 0.28500103558899426 0.17198627737108918
2 0.054025643023052405 0.32646305000795417 0.10805128604610481 0.20448860001590835
1 0.7714148828157128 0.9549535923774524 0.32425985376405214 0.09009281524509519
0 0.5702874174161239 0.793727654081769 0.17901102076024672 0.10047380935708965
1 0.10931269711080016 0.5857658720162264 0.21862539422160032 0.16840674403245295
0 0.053920872262805744 0.4655710033418178 0.10784174452561149 0.08895450668363551
0 0.33574786311841137 0.257933415380316 0.1366325197716635 0.09529541335136278
1 0.010214669430471281 0.8268624920034998 0.020429338860942562 0.12559998400699968
3 0.21211806764358537 0.4722220873647259 0.21051037155854946 0.1836135733609078
0 0.47328099110275146 0.04771462539781522 0.1430443458553869 0.06101132001909003