1 0.2357468214101132 0.5077471529900339 0.3200678778516063 0.23525039173126702
3 0.06722196985049775 0.5484455968530826 0.1344439397009955 0.19278588217054296
0 0.12872366826319576 0.40283151064045813 0.13050712523071267 0.09394786397194572
0 0.6318801442045023 0.5080298642764876 0.2326494185677376 0.1580685255998528
0 0.5641212338132128 0.9738326291620532 0.13303134793281685 0.05233474167589378
1 0.8431588032115158 0.5529475478036199 0.26461891424880085 0.24414572794389144
1 0.655710065550017 0.6013385757198246 0.2445276573089707 0.19773180289774892
1 0.8698667072812839 0.3075547046511651 0.19735226866002265 0.19004041640826924
0 0.8627608158545588 0.07568414095607459 0.14947836829088246 0.05003717766703617
0 0.6607804063861199 0.2039431415743834 0.17768251387966066 0.10163925046142533
0 0.8244411906238461 0.15951892041343882 0.13828005243632369 0.06954864126984162
0 0.467670756478405 0.15705194786821827 0.14779475478036197 0.09661178901808824
0 0.4798319925987443 0.24882843768918547 0.17928458667404978 0.12663925046142532
0 0.30533024521963803 0.10742578038021491 0.12209384793281668 0.08407221622369909