1 0.41484375 0.27421875 0.0890625 0.1796875
0 0.10339472823539006 0.4142109282822723 0.20526019262201595 0.09962833703943001
2 0.0703125 0.21171875 0.140625 0.1296875
1 0.17492883976990442 0.35519902176460993 0.3209579154946528 0.11280102361132158
2 0.22522375555914492 0.27130983509452233 0.3700044695529872 0.2177703247427898
2 0.8359375 0.49921875 0.16875 0.0390625
0 0.7849214633064714 0.19750819985049048 0.1175511143631848 0.06318177693097127
2 0.9796875 0.41484375 0.040625 0.1640625
1 0.7830100262436004 0.4061201305686497 0.28824540944452864 0.12979762607064965
3 0.50234375 0.2171875 0.0859375 0.140625
1 0.26488621925839967 0.6332927263886784 0.31786018657189163 0.1174703428931625
0 0.30234375 0.55703125 0.2390625 0.0765625