0 0.3579290950053421 0.1072656603117208 0.15398315027015244 0.11668075973923261
0 0.3598512374709463 0.25185145738962145 0.15903274881887358 0.08241485389503396
3 0.5765625 0.246875 0.084375 0.215625
3 0.4703125 0.41640625 0.290625 0.1265625
0 0.219558598085385 0.39813789651200315 0.15645338584218216 0.09798530681713338
3 0.05859375 0.3984375 0.1171875 0.10625
1 0.06484375 0.16171875 0.1296875 0.2359375
1 0.3 0.5015625 0.315625 0.04375
0 0.6359375 0.75546875 0.034375 0.0828125
0 0.69609375 0.6078125 0.1546875 0.109375
2 0.7672917483555375 0.7616707422926575 0.2604712524470706 0.17007058684890541
0 0.9234375 0.78046875 0.153125 0.0734375