1 0.9197122661572508 0.29030966138718395 0.15370044119181045 0.333824733702664
2 0.7217459921106337 0.3158311839527261 0.2334077885594054 0.381410439033798
1 0.6330852853945446 0.2569442657686106 0.29659726932211167 0.35827446740532787
1 0.4253644883976186 0.7185624127073321 0.24543158420556885 0.27874008010002493
0 0.2292012726110367 0.8716095416993651 0.15843752649368784 0.20128501834239998
0 0.35232390263240515 0.055610120150037266 0.11097719473518967 0.093762023356965
0 0.6018723915781778 0.9614903956185733 0.12358632213985139 0.07701920876285336
0 0.7186779456618619 0.9743828522033485 0.08844743030721922 0.051234295593302906
1 0.3422395082678845 0.5683374406831507 0.15625995680090715 0.273023626022532
0 0.5022717618960815 0.4869690833987302 0.15347720798203354 0.193336126022532
0 0.29920879319909277 0.27772916105797957 0.11132442431676956 0.14840405925034225
3 0.2576586663425853 0.4821977007122806 0.14677582939624545 0.26962584138279594
1 0.21973211352484562 0.2245837775136001 0.20346233901489236 0.28376254922121247
0 0.3158357540915332 0.4510446406040084 0.16646828130301125 0.20776233887551337
0 0.4265375748806222 0.9313124652937569 0.11448414065150558 0.10479045157021041
1 0.9521651568087564 0.18958824735970353 0.0891220421027846 0.1383925617576248