1 0.134375 0.16953125 0.26875 0.2328125
0 0.11953125 0.04296875 0.2203125 0.0859375
1 0.7727847297620704 0.17756738632162303 0.3705182971501809 0.21016270830765862
3 0.5057123371798736 0.304788124074561 0.2059025192218769 0.09808599295103022
3 0.88515625 0.06171875 0.2078125 0.1234375
0 0.75 0.0578125 0.16875 0.115625
3 0.92578125 0.8609375 0.1484375 0.115625
0 0.953125 0.9953125 0.09375 0.009375
1 0.83203125 0.68671875 0.3359375 0.2109375
1 0.628125 0.90234375 0.275 0.1953125
3 0.4695645545018712 0.7340971157761913 0.1882037641334941 0.1761159045687478
3 0.409375 0.87578125 0.28125 0.1640625
0 0.3 0.78984375 0.0625 0.1109375
1 0.34921875 0.40625 0.1609375 0.075