0 0.7485416158870983 0.38177530005131366 0.17375001324684405 0.09942834913967831
0 0.8275644277753307 0.42364970354391396 0.0817063569862416 0.058276108313060425
0 0.05857141343217838 0.2777073643631847 0.11714282686435676 0.10541472872636941
0 0.20872767005560036 0.0645084484757484 0.15665179328391082 0.057149945548882156
0 0.06154015680875642 0.39335963544042357 0.12308031361751284 0.13984427088084717
0 0.0402256627992062 0.5205943011314682 0.0804513255984124 0.10056360226293641
0 0.22257433821228415 0.4959266201187214 0.18874009618646842 0.12607266237139497
0 0.18122016271438818 0.5613243611417309 0.16470239546082904 0.10874880698520073
0 0.30159715010051646 0.5378010236113215 0.12062501324684387 0.09911927693097126
0 0.3577057955613455 0.4302930506404888 0.1444990228654907 0.11175563231716557
0 0.4938020082678845 0.5607986829576544 0.20570934137714506 0.11992265632127079
0 0.35128712605389933 0.5693464602814092 0.10412699400955017 0.07402837334017516
0 0.3017211464723194 0.6237567043294808 0.20937997840045366 0.13556583703942984
0 0.24346221316987515 0.6585811562230749 0.19918652286549074 0.11207379488495235
0 0.08364077986743086 0.6928147347764936 0.15398315027015247 0.11493517447164336
0 0.08351923957874494 0.7858016654946528 0.14337303248413763 0.124246541958086
0 0.1789061506486706 0.7394720870394298 0.21299605172143127 0.14964651775758925
0 0.19922608513224122 0.7841306020665446 0.10352679328391079 0.05684087334017498
0 0.14497260555066127 0.8385135750373773 0.0948065577118811 0.0755363311856975
0 0.42824644093735653 0.6479350685944697 0.11621033175849824 0.10690450585373235
0 0.369141770248784 0.7069782704880637 0.15047620435383652 0.10397949375348396
0 0.5383307690676576 0.628258893730043 0.14724207694917482 0.10083631303532492
0 0.6150073417556632 0.7373207972226432 0.1282738221398514 0.0944772287263694
0 0.12571424029653516 0.3382999515990064 0.1138839399258662 0.08502041549465282
0 0.2402950292344587 0.8164072917616941 0.15908731252120453 0.08215903590796181