0 0.54296875 0.46171875 0.2359375 0.1953125
0 0.33746553515558503 0.34902881779724276 0.1376584735308673 0.21364687278026223
0 0.1811555690683158 0.44483798055426194 0.13838191149637408 0.1623028940675857
0 0.15682561890170008 0.19813222535848185 0.09939218610347988 0.16113387797604234
2 0.2984375 0.11171875 0.21875 0.2234375
0 0.15380116460125515 0.3299449540711583 0.07257282092583343 0.12032320767745475
3 0.0484375 0.45390625 0.096875 0.2109375
0 0.5609375 0.63125 0.1375 0.14375
3 0.4078125 0.62109375 0.2 0.1234375
3 0.803125 0.88125 0.1875 0.2375
1 0.78671875 0.68515625 0.1546875 0.2515625