3 0.8747387203425048 0.2021933727033877 0.11555069863085592 0.15921074505632146
1 0.8943933512554132 0.3735820536456372 0.1420787065395217 0.19845891535490923
0 0.8407524036131406 0.5171246040139543 0.11392453163466162 0.15753898441265973
0 0.6958510804951666 0.4584166035097511 0.19490922927693433 0.30965849530842304
0 0.7846363492782469 0.37530880858931576 0.06169618676785795 0.09935514381548423
0 0.5005412390884041 0.483149533695696 0.08159219269935694 0.1287912715394249
0 0.4194039856283629 0.4939288605471167 0.1068707184025195 0.2520866599070276
0 0.21915190661607106 0.0631166310781355 0.08357118676785787 0.10088479282674849
3 0.3069410666921832 0.1005944877668544 0.11934686068413444 0.13766352698730663
3 0.17216422969686387 0.5048453091703934 0.06526153855474384 0.18685514381548424
3 0.12913051821442662 0.7149415750098352 0.07434737847863165 0.21865144703379294
0 0.30003326722584345 0.7315931154907952 0.08410969764227279 0.15233803218308672
0 0.8198390898495257 0.8188674204738147 0.09048703163466172 0.15590007475773363
0 0.6800099273019556 0.7895027125442586 0.13534854547482594 0.2244751121366006
1 0.23504630129478193 0.9519800761827295 0.102830522737413 0.09603984763454107
1 0.38077263677004547 0.9448502732165224 0.13203786167271775 0.11029945356695521
1 0.45353099893705473 0.8292925601787996 0.1121710306460784 0.15274222376899793
1 0.7145825399632565 0.6524615344520006 0.0934210306460784 0.15143109604505725