1 0.38515625 0.23984375 0.2671875 0.2578125
3 0.4484375 0.1328125 0.140625 0.165625
1 0.14296875 0.08203125 0.2859375 0.1640625
1 0.11015625 0.31484375 0.2203125 0.2890625
0 0.1390625 0.44453125 0.196875 0.0296875
0 0.88984375 0.09645412592718854 0.1390625 0.10809946828879458
1 0.65859375 0.1 0.2671875 0.2
0 0.57109375 0.23359375 0.1046875 0.1171875
3 0.54140625 0.1640625 0.0453125 0.196875
3 0.86953125 0.3546875 0.2609375 0.209375
2 0.9640625 0.2609375 0.071875 0.240625
0 0.30703125 0.5958464521508432 0.146875 0.11792949459715381
3 0.1625 0.8858659654461972 0.3125 0.1728885523343699
1 0.42578125 0.575 0.1859375 0.23125
0 0.0921875 0.97421875 0.16875 0.0515625