1 0.7828125 0.3765625 0.28125 0.165625
0 0.93046875 0.80859375 0.1390625 0.1015625
0 0.98515625 0.88046875 0.0296875 0.0609375
0 0.50859375 0.778125 0.0390625 0.103125
0 0.559375 0.69765625 0.140625 0.1171875
0 0.6426322189240791 0.8801227786433088 0.21096686305535767 0.12332279129135611
0 0.521875 0.828125 0.065625 0.075
0 0.515625 0.86171875 0.053125 0.1390625
0 0.5483215058263692 0.9365368767738534 0.11685284200867016 0.10996884108157481
0 0.51640625 0.95859375 0.0546875 0.0828125
0 0.66015625 0.9546875 0.1484375 0.090625