1 0.7414360190955392 0.286398180065335 0.35843149710021505 0.2197978174358653
3 0.8389309388111339 0.5257315219721023 0.19453586307689896 0.2710732070582587
3 0.8237356817621642 0.7296028057902813 0.2613663203356502 0.16894386722608382
2 0.934257062137527 0.06176427965738311 0.13148587572494605 0.12352855931476622
0 0.8036847975151336 0.1331771690676729 0.12289397095570598 0.06368583693238983
3 0.31714456888575776 0.22426075849886243 0.39413035352912934 0.11686299420042996
0 0.2967514037435552 0.34916659273195993 0.14521925684847722 0.09178752614450918
0 0.22962218071325688 0.3031805091235623 0.2150581601678252 0.0908654888018452
0 0.07671678796736385 0.022265625 0.1533151767645647 0.04453125
3 0.09798905933798817 0.06957694896038158 0.136222765146847 0.07557053029369402
2 0.07891363092303832 0.40888882531002774 0.10857320705825868 0.1822223493799445
0 0.11950550997197688 0.5401737914918489 0.16548513527271586 0.13371491701630234
2 0.12276333238221962 0.686859537342664 0.15412250539858477 0.18878092531467203
0 0.2546672956642556 0.8410832508251925 0.17012416846619488 0.07192531203728052
0 0.5145993253332497 0.859887837333375 0.1517293659766839 0.07519202199532415
0 0.3984602267784978 0.581894737128238 0.14604805103961843 0.102725026144509