3 0.13984375 0.24765625 0.2296875 0.2421875
0 0.24779861077024234 0.18873269482000765 0.13386430121764636 0.15113096878180682
2 0.3390625 0.303125 0.175 0.13125
0 0.95234375 0.09765625 0.0953125 0.1671875
0 0.98046875 0.05 0.0390625 0.1
0 0.5265625 0.0234375 0.103125 0.046875
0 0.04453125 0.49140625 0.0890625 0.1796875
0 0.09789510818516849 0.4299603847458739 0.0645724251546305 0.0848313569862417
0 0.07109375 0.96171875 0.1046875 0.0765625
0 0.01875 0.89140625 0.0375 0.1484375
0 0.1481011128962743 0.8064236810250096 0.13128117728066221 0.21492065027015245
0 0.1171875 0.946875 0.078125 0.10625
0 0.159375 0.95390625 0.146875 0.0921875
0 0.21981635835434635 0.9024107928205746 0.11725088606495575 0.11938989546082901
0 0.2640625 0.9515625 0.1125 0.096875
0 0.22912797228939077 0.787440557248545 0.11042680121764636 0.15031251324684386
0 0.3624667597120756 0.7508086312024947 0.10108375212603189 0.13128969473518967