1 0.1125 0.046875 0.225 0.09375
3 0.21261890092927124 0.24285037865509568 0.21530030452090293 0.12402170129724617
2 0.4052051380114934 0.18946845982525345 0.27693009517409733 0.22193309577735915
0 0.618670185598542 0.29438028206695754 0.10806837955902786 0.07997960064862308
0 0.64765625 0.23984375 0.1421875 0.1484375
0 0.82109375 0.71171875 0.1484375 0.0546875
0 0.896875 0.72109375 0.1375 0.0359375
0 0.5984375 0.79921875 0.178125 0.1203125
0 0.8258690090211465 0.8411264172115797 0.11551720364722229 0.0644909683433749
1 0.9125 0.94296875 0.175 0.1140625
0 0.9828125 0.78984375 0.034375 0.1015625
1 0.94609375 0.80703125 0.1078125 0.1359375