2 0.3359375 0.32109375 0.265625 0.0765625
0 0.3847148417024295 0.22217624755922455 0.10434666327441153 0.05608016693047428
0 0.2959045629811558 0.5421190230277606 0.16946705223856356 0.10789873119538154
0 0.4046875 0.55 0.128125 0.1
2 0.38828125 0.92421875 0.1609375 0.1515625
0 0.4125 0.846875 0.1125 0.103125
0 0.1689625254419133 0.6870032771843957 0.1138035504295413 0.057915451570210406
3 0.378125 0.75 0.18125 0.2
0 0.95703125 0.434375 0.0859375 0.084375
0 0.9484375 0.621875 0.103125 0.10625
1 0.71328125 0.4484375 0.3671875 0.178125
1 0.8089634056996381 0.5140645676966266 0.3081001843053109 0.19305864436493217
1 0.83828125 0.9140625 0.3234375 0.171875
0 0.6345864461795567 0.7305343168386967 0.1510512449116174 0.083961126022532
0 0.509375 0.68046875 0.08125 0.0921875