3 0.03671875 0.0671875 0.0734375 0.134375
0 0.0796875 0.39765625 0.159375 0.1171875
0 0.0796875 0.7703125 0.159375 0.134375
0 0.040625 0.69375 0.08125 0.096875
0 0.0453125 0.55859375 0.090625 0.1140625
3 0.6566022742162532 0.8322315755337424 0.3288790012659444 0.26958432988341985
1 0.65859375 0.50546875 0.3234375 0.0734375
0 0.4125 0.52265625 0.1125 0.1078125
0 0.7386954892850449 0.5501546265733608 0.17698414065150558 0.11470480788809567
3 0.978125 0.5703125 0.04375 0.121875
3 0.94375 0.51171875 0.1125 0.0859375