3 0.37265625 0.45 0.0328125 0.15625
0 0.234375 0.6828125 0.196875 0.034375
2 0.1984375 0.37421875 0.38125 0.3078125
1 0.1876870726050483 0.30366615307391376 0.24340674403245313 0.2460639724198929
2 0.940625 0.48828125 0.11875 0.2890625
0 0.41015625 0.23671875 0.0421875 0.1171875
0 0.40703125 0.3078125 0.0359375 0.090625
0 0.53359375 0.95390625 0.1921875 0.0921875
0 0.6478615039385938 0.9422439536152745 0.13710110534690845 0.10395537727617317
0 0.8052200179424117 0.9186880963308539 0.17042268268618094 0.14866012351524954
0 0.8876421666136387 0.8874812119285446 0.1890817760184536 0.14139319279472176
0 0.80703125 0.73046875 0.1578125 0.0609375
3 0.5046875 0.75234375 0.178125 0.1046875
0 0.90546875 0.80625 0.1890625 0.15625
3 0.715625 0.96484375 0.20625 0.0703125