2 0.21996681574229177 0.6612779100486319 0.2225955689919979 0.23050094499482016
2 0.10022706006024891 0.688486765301481 0.1802717012972462 0.22072353060296201
2 0.13437064041962787 0.3637800177826803 0.2273182508107789 0.14329204342324342
1 0.30174646996163734 0.8742916404039249 0.27350350405718976 0.19540250702931336
1 0.9096846915580137 0.2618496840320561 0.18063061688397256 0.1975771290313853
1 0.8400091655834313 0.4694759394087396 0.31998166883313744 0.3010746182780183
3 0.7131110693957398 0.5601287105011888 0.22731034253094826 0.23228176881613755
2 0.4531945527566482 0.47230326302516945 0.3664467548679687 0.3324359342414531
0 0.5809043157422917 0.678088844290085 0.1911898360381265 0.13068072745980874
0 0.8971253794592841 0.7716591776219153 0.1880569277582957 0.21952490363849114
3 0.881020912737467 0.9223483823366451 0.1415171185055307 0.1471019400324213
0 0.4421250446422687 0.1064599392038518 0.1152352621748646 0.07250004631872758
3 0.29273474512873604 0.17912468961813655 0.13923759821299111 0.19539389081820963
3 0.42635972280760176 0.14241455582924029 0.2520727889602259 0.1303939371369372
2 0.3812940535674271 0.6016589691876411 0.23551258035608366 0.16553091645877274