2 0.7145126285121881 0.7607813647654342 0.475332534003681 0.30737864653892544
0 0.7104459904037854 0.9213094289897853 0.18077983415618065 0.12339763568479185
0 0.7023620398906953 0.9595354101643935 0.18837412860909736 0.08092917967121309
1 0.8741824885039244 0.9585483208946137 0.1606855397032639 0.08290335821077263
0 0.3184364090973964 0.707251414517607 0.20741506933854179 0.12791471732199752
3 0.6211594059632644 0.6052916033454735 0.22696646276527802 0.23037797602842486
0 0.4360739315144796 0.49805455619529243 0.22678331838861115 0.1554598631835546
0 0.5415023946610071 0.30070260063194 0.144733231382639 0.11682673111680746
0 0.45022212480937523 0.23427533921197927 0.1371753045209029 0.12735479534115868
0 0.2569624340799307 0.2116622755534549 0.16213893692972237 0.1271024898232347
0 0.2505656572944446 0.13797911408806568 0.11631729065319456 0.1028527623244719
0 0.02023333880892412 0.601108798620519 0.014572952697291742 0.08971759724103805