1 0.38515625 0.484375 0.1984375 0.06875
0 0.9028933987459558 0.3935396330827999 0.08842572780418294 0.14003185775648763
1 0.5984375 0.2984375 0.078125 0.271875
1 0.5875 0.14140625 0.05625 0.2828125
0 0.9578125 0.1875 0.084375 0.203125
1 0.48359375 0.86796875 0.1515625 0.2640625
0 0.54140625 0.81875 0.0359375 0.190625
1 0.490625 0.74453125 0.1375 0.1890625
1 0.0375 0.596875 0.075 0.15625
0 0.06015625 0.828125 0.1203125 0.34375
1 0.7589001420979711 0.7966569097679086 0.22850904399064867 0.3045591044771271
1 0.6515625 0.93359375 0.15 0.1328125
1 0.61484375 0.81953125 0.1109375 0.2046875