0 0.15546875 0.4515625 0.1140625 0.05625
0 0.27421875 0.44453125 0.1453125 0.0703125
0 0.41171875 0.4640625 0.0953125 0.03125
0 0.371941272046952 0.30168480126627645 0.15094278154634874 0.20096676959604132
0 0.41953125 0.33984375 0.0796875 0.1765625
0 0.403125 0.21328125 0.1125 0.1296875
0 0.2866102023955338 0.16191159593514248 0.132943054047586 0.1551996285298145
0 0.396875 0.059375 0.125 0.11875
0 0.4234375 0.15859375 0.071875 0.1109375
0 0.4375 0.20859375 0.04375 0.2234375
0 0.21710436510411846 0.41340824828414036 0.10326219810012063 0.12469377461060631
2 0.65859375 0.8953125 0.3703125 0.209375
2 0.67265625 0.54296875 0.3265625 0.1265625
3 0.53828125 0.94921875 0.1578125 0.1015625