2 0.13828125 0.22734375 0.2765625 0.2078125
2 0.46796875 0.371875 0.1640625 0.215625
1 0.0765625 0.4015625 0.153125 0.15625
1 0.17109375 0.1 0.3421875 0.196875
3 0.36796875 0.39453125 0.1796875 0.1703125
1 0.3453472825396832 0.26726850374819955 0.10700906847545255 0.11695254689043359
0 0.90859375 0.1765625 0.1828125 0.115625
1 0.89921875 0.35859375 0.2015625 0.1265625
0 0.5 0.61796875 0.1 0.0734375
0 0.34201723318567867 0.7009834207645019 0.16830751387966067 0.10293851369695446
1 0.2421875 0.5609375 0.26875 0.1625
0 0.38256069246954744 0.7755816016782514 0.16185725478036198 0.09933991701630233
1 0.4125 0.559375 0.196875 0.159375
2 0.86328125 0.61328125 0.2734375 0.2109375
0 0.59765625 0.76875 0.0953125 0.109375