1 0.30390625 0.38203125 0.2515625 0.2140625
2 0.45390625 0.3515625 0.1515625 0.20625
2 0.13671875 0.0421875 0.2421875 0.084375
0 0.3265625 0.0390625 0.165625 0.078125
1 0.48828125 0.0890625 0.0609375 0.178125
0 0.6609375 0.46953125 0.103125 0.0390625
3 0.6903862177345323 0.41913290268936265 0.19527905925034228 0.1084863040260899
1 0.7161948968057075 0.25933118869349875 0.3320636569013444 0.19286239871099795
1 0.8796875 0.328125 0.240625 0.321875
3 0.36875 0.53984375 0.240625 0.1015625
0 0.35078125 0.9734375 0.1796875 0.053125
0 0.328125 0.50859375 0.15625 0.0390625
0 0.7653321126281899 0.5490584020528158 0.18769387978345567 0.1162078973583625
3 0.97109375 0.68671875 0.0578125 0.1515625