3 0.5690166992361864 0.7458823038204432 0.27144083736472596 0.24533459068231736
3 0.8396002772120056 0.938296612390585 0.2477840666772721 0.09106317051050077
0 0.965700247891505 0.850316334800965 0.05089088534372692 0.0791828889641522
3 0.7085160985837311 0.6484418170494264 0.2303613040260899 0.20414302464894368
0 0.6465348139322303 0.5334066372666715 0.12116702267663584 0.07974281094499087
0 0.9408575259389119 0.4995826724310648 0.10868520401018138 0.080650213703953
2 0.6264410372772298 0.4463636606724197 0.30510676535645337 0.18619860809517194
0 0.6613080279678651 0.27152079093014453 0.13691929201145392 0.09149918249628844
3 0.8735091306492734 0.17398180687266104 0.20565111067790848 0.09353971732199748
2 0.04966255064450102 0.4183272761192818 0.09932510128900204 0.1835295522385636
0 0.9279795493316364 0.061140970147072614 0.07841590133672724 0.02909435775648759