2 0.73046875 0.15390625 0.2484375 0.3078125
1 0.5868730312221344 0.214592514654853 0.2713485769216895 0.30714637569213804
1 0.4671875 0.24609375 0.15625 0.2984375
1 0.57421875 0.55625 0.2640625 0.246875
0 0.8035083753073315 0.3738814697766687 0.1351841368892682 0.15977312307124442
3 0.96640625 0.484375 0.0671875 0.221875
1 0.70234375 0.6125 0.2078125 0.134375
0 0.7165842258026697 0.5769144370801019 0.0827440334984459 0.0707316070321152
2 0.8847347965236153 0.28404940932078065 0.19220904052775936 0.3472521391103733
2 0.2046875 0.7203125 0.209375 0.08125
0 0.13828125 0.9078125 0.1328125 0.184375
0 0.29453125 0.96328125 0.1015625 0.0734375
1 0.08125 0.709375 0.146875 0.059375
0 0.83046875 0.7359375 0.1078125 0.1125
1 0.971875 0.7875 0.05625 0.215625
3 0.95390625 0.953125 0.0921875 0.09375