3 0.0802543707479362 0.6108176836222805 0.1605087414958724 0.19408825599585597
0 0.043145382561797854 0.7987329065339753 0.08629076512359571 0.11309081306795062
0 0.8544662934624249 0.6381574729071856 0.17088606909549364 0.12937078453190337
0 0.8060920505894265 0.4814130132300571 0.2068235690954939 0.13104460049533806
1 0.9320478701439623 0.24495543651325544 0.11804785364324069 0.18761562406898663
2 0.922115534378569 0.4530954222452318 0.09760806576151353 0.10883565260503385
2 0.3562184359054761 0.11305023345566478 0.33443812818904783 0.2070335198495949
2 0.21326630604943828 0.3079367402800903 0.3578434194047545 0.3030737659206535
0 0.18574824437081033 0.6258327156729845 0.19419602333785924 0.12889990363849116
2 0.4383152639156477 0.6540648393276862 0.35701450091808395 0.2547818151348652
2 0.08218314575278537 0.3467359129441161 0.16436629150557075 0.18315075599585598