0 0.046875 0.03515625 0.09375 0.0703125
2 0.21774901873954775 0.19707061592936687 0.21618055366555106 0.36655334269572587
1 0.6796875 0.40390625 0.159375 0.1296875
2 0.640625 0.24765625 0.08125 0.2453125
2 0.6296875 0.12734375 0.059375 0.1015625
1 0.8640625 0.05078125 0.1875 0.1015625
0 0.1737399435057787 0.5980700419319123 0.10562380698520073 0.16215564934754473
3 0.2828125 0.51953125 0.240625 0.1015625
0 0.084375 0.52890625 0.0875 0.1203125
1 0.0578125 0.5140625 0.115625 0.090625
0 0.57578125 0.6359375 0.0484375 0.175
1 0.85546875 0.52578125 0.2890625 0.1140625
2 0.715625 0.940625 0.23125 0.11875
3 0.615625 0.9265625 0.03125 0.08125
2 0.63125 0.6484375 0.0625 0.359375