2 0.09140625 0.3046875 0.1828125 0.26875
1 0.14107883466890508 0.1919707609332404 0.14746531015895176 0.2527913922715738
3 0.18125 0.07265625 0.1875 0.1453125
0 0.86875 0.36640625 0.0875 0.1453125
0 0.9859375 0.2015625 0.028125 0.121875
3 0.9265625 0.07578125 0.146875 0.1515625
0 0.0203125 0.4671875 0.040625 0.05625
2 0.18515625 0.51796875 0.1828125 0.1578125
0 0.478125 0.50234375 0.096875 0.1265625
0 0.4723362691524756 0.7298171157404617 0.13494546279135697 0.206521985014259
1 0.53125 0.75390625 0.05625 0.3359375
0 0.7339409133473603 0.6119365486339341 0.081091287293461 0.13638585080120363
1 0.79921875 0.47734375 0.1859375 0.0765625
3 0.9546875 0.70078125 0.090625 0.2984375
2 0.8392930683420182 0.8264665232806007 0.19713792794496676 0.24779082544787007
2 0.73984375 0.95703125 0.2390625 0.0859375