0 0.02421875 0.384375 0.0484375 0.140625
0 0.04921875 0.34140625 0.0984375 0.1078125
0 0.08886583250326074 0.45562456563572884 0.1556764193542568 0.12536628875333342
0 0.22734375 0.31953125 0.2046875 0.1359375
0 0.08600404404241599 0.31022114665777745 0.11152400496239867 0.08219686379145834
0 0.07265625 0.2515625 0.1453125 0.153125
0 0.03984375 0.21484375 0.0796875 0.1265625
0 0.16826642638357026 0.22931467914284678 0.12726032092583353 0.11846167211208343
0 0.10668891749223004 0.16661596381211768 0.16141699710451593 0.11457425911805572
0 0.26640625 0.25078125 0.1265625 0.1140625
0 0.31328125 0.13828125 0.0328125 0.1046875
0 0.02890625 0.04765625 0.0578125 0.0921875
2 0.13203125 0.8453125 0.2640625 0.2625
0 0.38046875 0.88203125 0.1015625 0.1171875
0 0.3859375 0.7578125 0.1125 0.159375
0 0.36484375 0.625 0.0703125 0.115625
0 0.5471277886657325 0.6580254798640276 0.20008139081820958 0.14044708130638917
0 0.50390625 0.59296875 0.1765625 0.1078125
0 0.6312095361845331 0.6161815123490969 0.13143839867609247 0.10763327488562506
0 0.6873033325032607 0.7290620656357288 0.1556764193542568 0.12536628875333342
0 0.83203125 0.6 0.2171875 0.121875
0 0.684441544042416 0.5836586466577774 0.11152400496239867 0.08219686379145834
0 0.63203125 0.5703125 0.2234375 0.0625
0 0.8796875 0.56015625 0.15625 0.0421875
0 0.44208718589408297 0.8208001964290276 0.12304370181924558 0.09495143692972227