0 0.58984375 0.2015872997499379 0.0734375 0.16307431301126601
0 0.53125 0.13454220374828843 0.046875 0.07480142319868044
0 0.86171875 0.8678952951975913 0.0796875 0.15856866943775677
0 0.7484375 0.8922851929277357 0.1140625 0.1595688797834555
0 0.62421875 0.9318370894042388 0.0859375 0.0978130258642473
0 0.603125 0.736357104843645 0.0984375 0.17473923871722885
0 0.54921875 0.7910506165221276 0.0828125 0.15397209765100203
0 0.54375 0.668553490895307 0.08125 0.1086141335443795
0 0.63515625 0.5901125906578801 0.0921875 0.13080738229073816
0 0.475 0.48930391158670494 0.0875 0.1947334899708702
0 0.50078125 0.6283975038274306 0.0578125 0.0954321719450391
0 0.459375 0.6897585526529317 0.103125 0.195188131037097
0 0.4390625 0.7536308360390265 0.0796875 0.18981866943775677
0 0.44375 0.9159944437191585 0.0921875 0.14018238229073815
0 0.35234375 0.9327165939565856 0.1046875 0.11710859514371989
0 0.375 0.8359636144105564 0.1171875 0.195597307996701
0 0.32734375 0.8264127696625483 0.040625 0.09805706677218957
0 0.2859375 0.8924613184880494 0.0625 0.08463106426490725
0 0.40625 0.5733355822781029 0.090625 0.10263691818411544
0 0.36171875 0.6441625593168494 0.08125 0.1398641335443795
0 0.39921875 0.4626026707579049 0.0796875 0.13669366943775674
0 0.2734375 0.4139187813410308 0.075 0.11780727711788867
0 0.78046875 0.7921344287419708 0.06875 0.10356292069139794
0 0.284375 0.794069282594672 0.05625 0.15163670783841657