0 0.04453125 0.16171875 0.0890625 0.1046875
0 0.5451687420865422 0.2715339625442585 0.1905984237898611 0.13164275595208466
0 0.60234375 0.22578125 0.1546875 0.1140625
0 0.48388708333468633 0.19903089583229655 0.12374511646291494 0.1036163089182919
0 0.3919242333801149 0.2780685497872394 0.144712713703953 0.1175366972858944
0 0.30973028833221206 0.09589555213302789 0.21050148801421234 0.12525064431968733
0 0.4489665287212736 0.14718989038441493 0.10516553482570909 0.07585194183801285
0 0.5172561832892579 0.11589596774003859 0.21600785956550989 0.1412034262506726
0 0.58046875 0.10625 0.1984375 0.115625
0 0.62421875 0.06640625 0.1109375 0.1328125
0 0.65 0.01640625 0.059375 0.0328125
0 0.4046875 0.046875 0.115625 0.09375
0 0.4828125 0.03046875 0.153125 0.0609375
0 0.2921875 0.0328125 0.15 0.065625
0 0.48359375 0.96328125 0.1734375 0.0734375
0 0.5355846229100939 0.8741394285195865 0.20095606965141818 0.15104831981405517
0 0.5920537081653443 0.754198269116762 0.13180327792830404 0.10885011213660042
0 0.38423124208654225 0.6949714625442585 0.1905984237898611 0.13164275595208466
0 0.44852943747312934 0.650068507968897 0.1678226650834338 0.11292560694082035
0 0.3229495833346864 0.6224683958322965 0.12374511646291494 0.1036163089182919
0 0.2309867333801149 0.7015060497872394 0.144712713703953 0.1175366972858944
0 0.14879278833221204 0.5193330521330279 0.21050148801421234 0.12525064431968733
0 0.28802902872127356 0.5706273903844149 0.10516553482570909 0.07585194183801285
0 0.35631868328925786 0.5393334677400385 0.21600785956550989 0.1412034262506726
0 0.4234619176854256 0.5299145450956624 0.20376016508343398 0.11543860174504025
0 0.5894620539360442 0.564261683967468 0.15573210085908257 0.11986402179152655
0 0.615625 0.4734375 0.128125 0.13125
0 0.5162945488476616 0.4791657821062122 0.2167448439616777 0.15526592625067254
0 0.5127058813893786 0.42794748953156525 0.10582727611928178 0.05877370248167448
0 0.5859375 0.4078125 0.096875 0.05625
0 0.24429671811496706 0.4624981801090703 0.11634205223856356 0.11088250569998301
0 0.321875 0.43203125 0.153125 0.1046875
0 0.13195717039895918 0.4366080334435945 0.14874511646291494 0.10536447921687966
0 0.41807289631584227 0.8870932605667872 0.1152775192218769 0.09057000569998337
0 0.48515625 0.4 0.1640625 0.040625