2 0.95078125 0.41640625 0.0984375 0.0671875
2 0.021875 0.921875 0.04375 0.15625
1 0.15390625 0.5765625 0.2390625 0.253125
0 0.59296875 0.478125 0.1109375 0.05625
0 0.55546875 0.9390625 0.1390625 0.121875
0 0.6109375 0.97578125 0.11875 0.0484375
0 0.621968273966079 0.9088580151988885 0.1066960233378591 0.12256729065319441
0 0.5293505971444586 0.8194337989182289 0.1242342097023772 0.14636846656500016
0 0.7017679889592902 0.7261890259324648 0.13440617728066223 0.2136650693385418
0 0.6689071757828502 0.8701942522811107 0.08042056576151388 0.10636040919430556
0 0.709375 0.9140625 0.15 0.171875
0 0.72890625 0.95078125 0.1234375 0.0984375
0 0.7727019844173624 0.8184661384896522 0.1189409318225902 0.119733231382639
0 0.8151443180567236 0.8973171838924994 0.11393443849054989 0.15392639342673622
0 0.7844848941100413 0.7039126760087149 0.11211684697528082 0.15076502583555573
0 0.9180787730479951 0.662449261780416 0.10277379788366652 0.13183318787965279