1 0.6600023300752371 0.37593772687965765 0.39536553262324486 0.15695099941082483
1 0.91759468899217 0.3321912302975033 0.1648106220156599 0.2525624394987579
0 0.8648542451314463 0.7623377934310239 0.13200868676785796 0.09605790944452863
0 0.9117239279449713 0.8386457633767946 0.14543451680591418 0.08051472267624504
3 0.6463217624316517 0.8456598744203297 0.3573561966536897 0.14423283079291388
3 0.39044183554962564 0.7986995577707676 0.25225220258518866 0.1717396863754999
0 0.6941186393902277 0.6570559166730032 0.12770318874502423 0.10540563836728971
3 0.5398039407221906 0.11094905201523093 0.11743685079830275 0.08347609621281209
0 0.3523277984405756 0.22769216618202393 0.18108285672980182 0.11196471057599681
3 0.1920136754363324 0.4357051749626226 0.24074169961943914 0.1576135538619427
1 0.46434232018940536 0.3301899314055302 0.24845604053191012 0.19358741529826115