0 0.1 0.06171875 0.2 0.1234375
1 0.35234375 0.30078125 0.2546875 0.2171875
1 0.2609375 0.3234375 0.303125 0.171875
1 0.79921875 0.125 0.4015625 0.25
0 0.8606994971744111 0.2043082518549265 0.1894841406515056 0.11347791640826924
3 0.21171875 0.4671875 0.2015625 0.115625
0 0.36953125 0.95546875 0.1734375 0.0890625
0 0.43828125 0.95234375 0.0828125 0.0953125
0 0.71875 0.4375 0.15 0.05625
3 0.6600149616950487 0.6032161212255429 0.26693950725639404 0.18859663479143657
0 0.8561781443645208 0.5029496036452545 0.16933533175849824 0.11686373226282801
0 0.9453125 0.6484375 0.109375 0.1125
3 0.91015625 0.7421875 0.1796875 0.165625