0 0.08359375 0.453125 0.1015625 0.153125
1 0.39140625 0.2390625 0.1765625 0.221875
3 0.37265625 0.43203125 0.1328125 0.1953125
2 0.15546875 0.46796875 0.1734375 0.1234375
1 0.11484375 0.0421875 0.1609375 0.084375
1 0.02265625 0.0140625 0.0453125 0.028125
0 0.5309358883729935 0.15261150123834505 0.0775115385920639 0.11882708271265781
2 0.6160445941818524 0.16755160462916724 0.18307814482048546 0.2996832845319033
0 0.7880981155524768 0.12146862489304691 0.08807053029369402 0.1348887303552929
0 0.14482967716555 0.780535178245597 0.1624319128671175 0.17104886228216235
0 0.40625 0.5546875 0.1125 0.05
1 0.36796875 0.88828125 0.2015625 0.2234375
0 0.8212900464662262 0.671123906738863 0.09834610207923689 0.18830482878371627
0 0.7890625 0.59296875 0.128125 0.1265625
0 0.96875 0.8671875 0.0625 0.16875
2 0.690625 0.9046875 0.2125 0.190625