0 0.32414917477444377 0.7550698476938651 0.10716180262104177 0.1794438472703419
0 0.3620654424418743 0.8355617135212329 0.0613024823325695 0.08627069994353036
0 0.2501441639439583 0.05520416851467351 0.11221167211208342 0.11040833702934702
0 0.36874869357923606 0.05854200014117435 0.15000261284152785 0.1170840002823487
0 0.5011981708778125 0.03611399231925373 0.10697865824437507 0.07222798463850746
0 0.46463915577583315 0.2163574162367734 0.13408797853284735 0.19661593671876346
0 0.5335170955553471 0.173336187354048 0.11635496466513899 0.17217737884037315
0 0.5033184896476733 0.29758502943330534 0.10439917211208342 0.12779034200867018
0 0.3919802929343052 0.3547821503811707 0.12056968597979179 0.1521378946253887
0 0.5182674231589232 0.4933224636624073 0.13139938962701408 0.21518392619541976
0 0.5333501753431247 0.34810867419986835 0.07899912860909737 0.10914675782192065
0 0.592290070669722 0.2963039795180099 0.14553462480937523 0.2191279735504664
0 0.6295549877478124 0.23717960849955744 0.12031641926229178 0.2082968893637168
0 0.6716002834349999 0.07699383845064574 0.12078789152687505 0.15398767690129148
0 0.7676394820482291 0.0739640608621621 0.13157992116215295 0.1479281217243242
0 0.7153665075994443 0.17054657436927756 0.15810735999173636 0.2229810156438412
0 0.7593704275273262 0.1906091744116299 0.060212761017916706 0.10649219468185844
0 0.8184194256274651 0.13411697972977146 0.07874455547083344 0.09820925782192061
0 0.6103289430105552 0.42632540848544 0.11366506933854162 0.12364887357870132
0 0.6741745438842358 0.36487269801856603 0.11134015634451408 0.15784186305535758
0 0.5850905940367357 0.5385824847796818 0.10970492116215294 0.15462585779368573
0 0.6925017441129855 0.6165871164626523 0.09829464247680555 0.13367632096198284
0 0.30855476956729155 0.11778195029646613 0.09331620174736113 0.12090330517696724
0 0.7911464511786803 0.23322931391652105 0.0896469943004167 0.1643802893919517