1 0.21207000194941142 0.19992128317062105 0.1878839973742709 0.3166128994008751
1 0.39296875 0.0984375 0.1671875 0.196875
0 0.5890625 0.17265625 0.08125 0.1734375
1 0.975 0.10625 0.05 0.2125
0 0.9578125 0.19921875 0.084375 0.1796875
0 0.72890625 0.046875 0.0703125 0.09375
1 0.546875 0.74140625 0.165625 0.2984375
1 0.57890625 0.91328125 0.1015625 0.1734375
3 0.0578125 0.4828125 0.115625 0.1875
0 0.324815997294729 0.5173804948298523 0.10527039735836255 0.19279302000387935
0 0.35028706993954817 0.6760859440712479 0.09720335868872639 0.17028029121570665
0 0.2504961552753208 0.6662801225598581 0.08717383068109026 0.1132650166698995
0 0.23239049793127592 0.7465893758938381 0.06647952267663593 0.07879442182065048
0 0.03756944127945703 0.6532213684769722 0.07014996268299925 0.12592451333591956
0 0.06958995858532191 0.8527591118090125 0.07036813868554459 0.14467451333591957
1 0.86171875 0.4578125 0.1890625 0.1375
0 0.7474353372851841 0.6816019757440569 0.09011701734563582 0.09789510818516849
1 0.90625 0.9234375 0.184375 0.153125