3 0.421875 0.3953125 0.15625 0.26875
3 0.140625 0.0828125 0.13125 0.165625
1 0.115625 0.41328125 0.23125 0.2328125
1 0.0609375 0.10078125 0.121875 0.2015625
0 0.93984375 0.17421875 0.1203125 0.1796875
3 0.76015625 0.396875 0.2734375 0.265625
3 0.828125 0.10078125 0.228125 0.2015625
2 0.41796875 0.775 0.1640625 0.346875
0 0.25840307141011315 0.7873467972057991 0.13222791640826922 0.18873780452090294
2 0.23046875 0.90703125 0.2390625 0.1859375
3 0.62578125 0.93046875 0.2359375 0.1390625
1 0.76015625 0.6265625 0.2546875 0.19375
3 0.928125 0.6015625 0.14375 0.14375
3 0.84140625 0.96953125 0.2265625 0.0609375