3 0.7125128871077886 0.12508933274032133 0.19254365514950217 0.23018290815498568
1 0.5646971483665555 0.17015624105990917 0.24037798272425343 0.34031248211981835
1 0.27929057449243216 0.18058344411486998 0.22144870758582574 0.2918478338609486
1 0.13792509485049775 0.22056724960428858 0.2279781122739027 0.3450637620741939
1 0.04216891116648191 0.28066732680131956 0.08433782233296382 0.27304034639736086
0 0.1521671560815781 0.6919277725655422 0.2430023349760068 0.3361434031404208
0 0.08747120527869914 0.5698231035234969 0.13198808451458144 0.16135870031656907
0 0.16458230876707022 0.9605952045397113 0.09795544108527147 0.06835284639736088
1 0.4944595758859334 0.9237039921489482 0.17958497532299766 0.12531355172849495
1 0.41981002930970596 0.9204175192668369 0.14278588217054294 0.1351599131695508
1 0.5443651480620136 0.7046895676966265 0.33350382633813336 0.5072120725781776
0 0.6051488610465101 0.522788698338012 0.13817752775932135 0.18493259263643722
0 0.6002332186969345 0.6360017521780781 0.0640205320782579 0.0985571719450391
0 0.838587912559983 0.7982814771717603 0.08926036397194573 0.1273641335443793
0 0.37858755861018667 0.5902048335317442 0.09933627081949092 0.13857441818411545
0 0.2175253524086369 0.36563204552679573 0.06458173658176473 0.08297763605166182