2 0.55390625 0.1421875 0.1109375 0.1875
2 0.22902373841340234 0.15449708392922545 0.2688266544446529 0.2262427330402364
3 0.2909177942654854 0.4769462977144886 0.2666809665650002 0.13405523304023656
2 0.7618706463734369 0.4536216573974691 0.2786744331300003 0.2473205075860438
0 0.75859375 0.02421875 0.2109375 0.0484375
1 0.8797692740326039 0.3129970442113308 0.23844686379145835 0.12707190940281485
1 0.30998018484243006 0.8745872169500652 0.3187539192622918 0.22719919728454166
1 0.2985186208222218 0.7304864016475933 0.217262848023889 0.1549737687959313
1 0.0625 0.77265625 0.125 0.1921875
2 0.215625 0.61796875 0.190625 0.0765625
2 0.1296875 0.90859375 0.259375 0.1828125
1 0.93125 0.921875 0.1375 0.15625
3 0.807888395139166 0.8794348583058547 0.10774237765916687 0.1397955657615139