0 0.76328125 0.32462779354310334 0.1625 0.09077940782296263
0 0.83671875 0.3697653448154183 0.075 0.05499914976444433
0 0.075 0.1879696002355557 0.15 0.09906079952888858
0 0.07109375 0.30081135282745386 0.1421875 0.13275229434509228
0 0.04453125 0.4281352704523612 0.0890625 0.09685445909527761
0 0.2359375 0.41373314344935236 0.171875 0.11659961404351815
0 0.18828125 0.4772775250705097 0.1515625 0.1007600005656478
0 0.31015625 0.4588023442032876 0.1078125 0.09380737153638882
0 0.37578125 0.35462340065939885 0.1296875 0.10665868605101832
0 0.4953125 0.49182202134731573 0.1921875 0.1105642275213885
0 0.35546875 0.4923380141372692 0.09375 0.06913956220555537
0 0.30078125 0.5447788004238432 0.19375 0.1263259285581478
0 0.240625 0.5758230403390745 0.1875 0.10077912441111074
0 0.0796875 0.6024032471252779 0.1390625 0.10747889227157384
0 0.071875 0.6944930023090742 0.121875 0.11691268086722192
0 0.16796875 0.6532733885483799 0.1953125 0.13896262959490696
0 0.18359375 0.6987813781807874 0.0953125 0.050526263242314684
0 0.12421875 0.7508510175776392 0.0859375 0.07314355702175916
0 0.421875 0.5740282200750009 0.103125 0.1027722684261109
0 0.3578125 0.6304142125821303 0.1359375 0.09626799019805539
0 0.53203125 0.5597032969834732 0.134375 0.0961312891612959
0 0.5953125 0.6721356549947234 0.1171875 0.08837757775694417
0 0.15703125 0.25266779580569476 0.103125 0.08089726842611089
0 0.22109375 0.7337818032985652 0.15 0.07406079952888867