0 0.04765625 0.06875 0.0953125 0.11875
2 0.459375 0.1 0.31875 0.2
1 0.51484375 0.234375 0.2078125 0.221875
1 0.39823313642447805 0.22491069879850373 0.35824221741393636 0.2649901235365668
3 0.87265625 0.40703125 0.2546875 0.1046875
0 0.7610608112921569 0.26931589868228817 0.14042868182494211 0.08148993664223267
0 0.66640625 0.3765625 0.0953125 0.096875
3 0.9859375 0.23359375 0.028125 0.1046875
1 0.52109375 0.97578125 0.1953125 0.0484375
0 0.28837265817330787 0.7875206873985373 0.09923067885919253 0.06458665990702742
1 0.0109375 0.72890625 0.021875 0.0578125
3 0.69140625 0.71875 0.1453125 0.278125