2 0.27890625 0.42734375 0.2421875 0.1828125
3 0.36640625 0.18515625 0.0671875 0.2078125
0 0.7151126250242459 0.30633881920082223 0.15105154334173854 0.22884919467652337
0 0.5703125 0.03125 0.13125 0.0625
0 0.9109375 0.03515625 0.1375 0.0703125
1 0.527516901237043 0.3166038626613009 0.17732674304217613 0.3218006986308559
3 0.33046875 0.90546875 0.1390625 0.1890625
3 0.2660377830499348 0.837155079086654 0.14307928879981074 0.3219625247145794
1 0.703125 0.928125 0.190625 0.14375
2 0.93125 0.83203125 0.1375 0.3359375
1 0.80546875 0.9046875 0.2015625 0.190625