3 0.2659222131962943 0.727404826095116 0.19946496071058578 0.16968905917039337
0 0.32781859160850707 0.7861517593831541 0.10306084160399784 0.1395866599070276
1 0.40706944396587197 0.7899544665564056 0.17847187220695981 0.3208473675844822
1 0.4617914088102869 0.25037851432683256 0.38269710752465136 0.4924267086858608
2 0.2137263980569199 0.12600049924369536 0.19227319892376143 0.215908495308423
3 0.6545076017381923 0.20886908547827004 0.1484846575674325 0.17858345792955618
0 0.7073821987188736 0.14365399488109448 0.13649407981717357 0.1886468727802623
0 0.6753766815553659 0.055622661244409885 0.2117466368892682 0.11124532248881977
2 0.7327309933849714 0.3684847500768746 0.2379239549196175 0.39353075075630456
0 0.635939422459138 0.4905014977310861 0.07010279238978612 0.13416718639013112
0 0.7228100680348585 0.6650865984677203 0.14666960049533806 0.20648993664223275
0 0.5779021364794926 0.5996851096155851 0.13696926881613755 0.2322876121366006
3 0.16540644458504447 0.5615609408296066 0.15807798138875015 0.18392652179152655
1 0.410496196861356 0.900291033016266 0.23601889081820956 0.15199881461827508
2 0.6383686397892616 0.8563232396853143 0.20934938296032685 0.18128212303236388
3 0.7863523755212378 0.8389668588592805 0.1392508986760923 0.11408391535490914
1 0.5576411021524772 0.3659328224888198 0.21018844499482014 0.23273536238870207
3 0.5757102820552131 0.780498067040938 0.2590669007430071 0.3124664210548923