0 0.34751422390340225 0.06640625 0.17575740514873245 0.1203125
0 0.4155600266612951 0.19921875 0.15976838410204497 0.1140625
3 0.134375 0.36328125 0.26875 0.1859375
3 0.32890625 0.471875 0.3046875 0.19375
1 0.9453125 0.40234375 0.109375 0.2109375
1 0.72578125 0.1890625 0.1140625 0.225
0 0.1640625 0.58828125 0.209375 0.0390625
1 0.0734375 0.66640625 0.146875 0.1828125
1 0.5390625 0.61015625 0.259375 0.0828125
1 0.62421875 0.92890625 0.0890625 0.1421875
0 0.5077665823323725 0.871875 0.20324536831702938 0.109375
3 0.1296875 0.875 0.259375 0.15
3 0.63984375 0.69140625 0.0578125 0.1390625
1 0.80546875 0.796875 0.2734375 0.20625
3 0.771875 0.9453125 0.175 0.109375
3 0.71015625 0.90390625 0.0828125 0.1890625