1 0.1709523285534188 0.15058854321835569 0.22928856596219105 0.21062509263745519
1 0.49216775663929935 0.38321683685099617 0.3636453852440319 0.21375870884855885
0 0.8391619730690287 0.07807114868060164 0.14885565651766228 0.07878858767505645
0 0.9027835906536673 0.1508686397892615 0.1520624697493787 0.09299663688926821
1 0.5842082482514842 0.8069389731210919 0.32425563231716553 0.15568934367091244
0 0.9080088417338217 0.8637132421466263 0.17392837939029918 0.09245298138875029
3 0.9606354346269843 0.544160567415686 0.07240224082661798 0.09397263192686936
0 0.17803499542281376 0.9469177336650617 0.15506929508134393 0.07282968610347992
0 0.03470322331451833 0.6240346594294595 0.06940644662903667 0.13764985731976367
0 0.814152361829102 0.21513665509074245 0.19570338544042337 0.0762843258882322
1 0.382037735954844 0.6523371720448532 0.3792340238077133 0.20823645491961748