0 0.7992120217082677 0.5901952161043589 0.16478619629109836 0.07531017735518084
0 0.863328753390902 0.5323832634468129 0.07589411465389233 0.04772952267663584
0 0.1422438059681499 0.8519175833465903 0.1604262449116173 0.08150563335454457
0 0.11911948722124288 0.7384363386775904 0.1544152623244719 0.11578972668681722
0 0.07753509554355736 0.6153710086728179 0.09044129353213634 0.08693747334499946
0 0.2678358689493057 0.5965044720321349 0.17538950361804462 0.09885676535645338
0 0.21188576209732926 0.5419800566915898 0.15434001922187687 0.08455790802036275
0 0.33273385063194 0.5387016100413617 0.11050813206674714 0.08248633068109026
0 0.4140458056294657 0.6302174953850885 0.1329563421526554 0.09367836935072642
0 0.5095995658062309 0.47205155406586063 0.195210680687266 0.08971812269254435
0 0.37266945386587186 0.49622375604708874 0.0952173247398008 0.05888519867918127
0 0.3103431942549334 0.45411752470558914 0.19602955223856355 0.10534312269254435
0 0.24677866123824663 0.43307777136377135 0.19159435775648764 0.08030676002545331
0 0.0876493227036359 0.4359107753421359 0.13451884215265536 0.09369655068427182
0 0.06957767412854542 0.3443499840069997 0.10852955223856361 0.10432496801399935
0 0.1637747314554917 0.3688692733529536 0.19668464947960165 0.11784312269254435
0 0.17139247964646936 0.320549952020999 0.09744156603337358 0.04173406134627218
0 0.10520091361309583 0.27917951734563584 0.08608798620519006 0.06346361067790855
0 0.424705587402957 0.40157487472149744 0.10474945499752555 0.09178860534690844
0 0.3529224406368888 0.3577970553787252 0.14011374491161738 0.08126927601845368
0 0.534534288782438 0.3966066587364513 0.13855124491161738 0.08125109468490824
0 0.5803680099496227 0.27299698341022377 0.11947369629109836 0.07478291868236298
0 0.21615161747896766 0.7723579000238626 0.10524742198083885 0.07149428668045381
0 0.20281622003553096 0.27953460069222613 0.15138543758467105 0.05797722668681722