3 0.02890625 0.446875 0.0578125 0.25625
0 0.03515625 0.56015625 0.0703125 0.2359375
0 0.1203125 0.096875 0.115625 0.19375
1 0.5681903596211892 0.4507513912304068 0.22525725695726315 0.4317523806803951
0 0.253125 0.94921875 0.071875 0.1015625
0 0.3390625 0.82265625 0.1 0.1078125
0 0.46015625 0.8203125 0.1359375 0.103125
0 0.596875 0.79296875 0.1 0.0484375
0 0.58671875 0.940625 0.1203125 0.11875
0 0.653125 0.921875 0.103125 0.15625
0 0.7296875 0.971875 0.128125 0.05625
0 0.7609375 0.94140625 0.103125 0.1171875
0 0.784375 0.8296875 0.1125 0.121875
0 0.8828125 0.82265625 0.121875 0.1078125
0 0.84296875 0.90234375 0.1453125 0.1953125
0 0.892200792966187 0.9301054748329012 0.05270318874502422 0.10553297970746059
0 0.9470912228139626 0.8685191383877378 0.0740688527754692 0.09341480925276527
0 0.4116657173767552 0.8849728380667214 0.0858340237259962 0.11391822402541765
0 0.93046875 0.94453125 0.0765625 0.1109375