0 0.4578125 0.5078125 0.121875 0.11875
1 0.36015625 0.24143346561694584 0.309375 0.13111611306150942
1 0.32109375 0.684375 0.3953125 0.15
2 0.2234375 0.5548015395708956 0.3328125 0.15068456859647233
1 0.34609375 0.35051828893792353 0.3453125 0.1370585782151191
1 0.4828125 0.7046875 0.071875 0.109375
1 0.63359375 0.47265625 0.2296875 0.1390625
3 0.890625 0.52734375 0.21875 0.1484375
3 0.8546875 0.1589582715147284 0.246875 0.23674606496827524
3 0.596875 0.38203125 0.15625 0.2203125
0 0.86875 0.7140625 0.15 0.090625
1 0.3453125 0.9703125 0.259375 0.059375
0 0.34453125 0.9321229198859644 0.184375 0.07675101687504107
0 0.43984375 0.8078125 0.1578125 0.078125