2 0.821875 0.13046875 0.334375 0.2609375
2 0.515625 0.303125 0.19375 0.13125
0 0.16953125 0.40234375 0.1671875 0.0671875
0 0.1251288648553779 0.4796543790489386 0.18060689204448094 0.15568500539858476
0 0.06373562297305277 0.5907802105827435 0.11271028003177211 0.10996884108157472
0 0.25333786526241503 0.6638186593426326 0.18817393019392786 0.1422145012493999
0 0.18852534294128065 0.7019330433659486 0.1644091477265238 0.12168851369695446
0 0.30834691924017454 0.7391747794685014 0.12049550649282174 0.10899833693238978
0 0.37421875 0.66953125 0.0890625 0.1234375
0 0.39375 0.853125 0.05 0.1375
0 0.34028666599376367 0.7916611620419249 0.10284435633066594 0.08113344606059662
0 0.2717997187537072 0.8161982981398334 0.20865007142762995 0.1531286904615193
0 0.2068332378284307 0.8183159825780679 0.19883869480442443 0.12741829544054112
0 0.0609375 0.7703125 0.121875 0.125
0 0.0390625 0.85546875 0.078125 0.1296875
0 0.11458150812097012 0.859827131123531 0.21199325973923266 0.1658654888018452
0 0.11528489164403441 0.909164280293694 0.1025716209411626 0.06550844606059662
0 0.04453125 0.93125 0.0890625 0.084375
0 0.36875 0.8984375 0.1 0.115625
0 0.2996598916440344 0.9231353823729309 0.1502648271096728 0.11593542116548719
0 0.23002091639750546 0.47586837344986116 0.11400004464226869 0.09446224025173768
0 0.13828125 0.9546875 0.1578125 0.090625
2 0.4484375 0.61328125 0.059375 0.1984375
0 0.6282661327155807 0.815217061212088 0.20081029788867957 0.15097419461070416
1 0.6613764618538484 0.6213728954451854 0.27948076866768634 0.18814415311885532