2 0.2003249261308681 0.20523217855814777 0.3386557945498551 0.3302697177194438
3 0.3743452686891395 0.2594001431200456 0.24188494355406326 0.19095435655064769
0 0.8687773149682751 0.3221289207359706 0.13150794954451328 0.108084485014259
3 0.7813591274046617 0.18631926837962812 0.4372817451906766 0.2617137902925918
3 0.938296152084251 0.46598551894527596 0.12340769583149794 0.15238128916129606
1 0.7618626599736172 0.5168372450525449 0.4025347560752678 0.28601116126333254
0 0.8286359869227921 0.6223736370412947 0.18049108656782167 0.1279472171537961
0 0.8744966131463275 0.7089454155521743 0.18835815027015243 0.13019322233759228
0 0.9421528830165933 0.8620697070225445 0.10025794954451328 0.10535046427907382
0 0.879013020672874 0.9674566508957401 0.18485120435383645 0.06508669820851978
3 0.5829439970895931 0.41161462841712854 0.2621081635169965 0.2347822689917587
3 0.6007763709508758 0.6546223346376842 0.20927085099579196 0.14915783581546266
0 0.42844750316486097 0.6488918700757862 0.19849704210278443 0.15288842855814783
1 0.3352555530721937 0.7458851557967124 0.4398710649682752 0.2846044861455546
0 0.23498771296099302 0.8632886863338423 0.16292164065150558 0.11550600574944418
3 0.09889641242068806 0.6239542013195832 0.140431570958725 0.1851937891612959
1 0.0817584977225653 0.49004809302550917 0.13416172359113016 0.13947118605101833