1 0.07421875 0.14140625 0.1484375 0.2828125
1 0.25625 0.134375 0.25 0.26875
0 0.38875990584090336 0.25659173011779296 0.11487279788867966 0.13790119480442442
3 0.4828125 0.54140625 0.153125 0.1546875
0 0.3896247508074836 0.39568150365674326 0.12229556006354425 0.20519778896022595
0 0.06484375 0.58125 0.0953125 0.075
0 0.1046875 0.46328125 0.209375 0.2984375
0 0.6999640073003054 0.419065825488115 0.11212962743398433 0.15972164772652384
3 0.6296875 0.48984375 0.134375 0.2578125
3 0.56796875 0.1125 0.0171875 0.225
3 0.4578125 0.6890625 0.184375 0.140625
0 0.3455773271096728 0.715337258931749 0.11873418344033873 0.18014324188232517
1 0.3859375 0.65 0.128125 0.0625
3 0.2453125 0.95703125 0.3 0.0859375
0 0.0109375 0.86171875 0.021875 0.1015625