3 0.3422560079688971 0.7550845292215438 0.2895973675844822 0.18026143657758914
1 0.21508259470767482 0.46205413701522957 0.2845163836760256 0.21886891026922992
0 0.3496761159949983 0.45735268451145056 0.10368201089576327 0.0807333314853265
0 0.3052651982943006 0.4167955739457546 0.111603771539425 0.08275085779368574
0 0.3241183771428632 0.6078833055299031 0.16360331411407197 0.09200403142885669
0 0.025638774389416606 0.13107569475244557 0.03663662252816073 0.056598610495108836
0 0.6927495007563047 0.18086171906525342 0.13627598960843984 0.07951944198043534
3 0.7417932881351715 0.22036456384593386 0.33164275595208464 0.2029400733810572
0 0.8273762370105497 0.04202048499144331 0.11966764381548423 0.06454688936371683
0 0.905806875630254 0.13158424295453824 0.11483803218308672 0.08449536831702945
0 0.7659020495351379 0.44173903490673877 0.1743987024816745 0.11286256299888783
0 0.9973166684570025 0.5054852035625865 0.005366663085995071 0.0743321420651398
1 0.2544442875540938 0.8566840975526908 0.2801459579295561 0.15636891026923