0 0.35234375 0.03984375 0.2140625 0.0796875
3 0.3765625 0.14140625 0.265625 0.2546875
1 0.39765625 0.28984375 0.2234375 0.2234375
1 0.29609375 0.41953125 0.3265625 0.2203125
2 0.06171875 0.2078125 0.1234375 0.1875
3 0.6754445951550395 0.22592446658280635 0.32367254163898185 0.29508123735195274
3 0.91796875 0.0625 0.1640625 0.125
3 0.8094364682262839 0.34451833338468296 0.2739939142488009 0.24777926224706198
0 0.735726462827613 0.45608464064807863 0.13862001387966066 0.10068892946385706
2 0.70546875 0.4765625 0.3453125 0.10625
0 0.42890625 0.896875 0.1609375 0.20625
3 0.66171875 0.5875 0.3046875 0.115625
2 0.85859375 0.61015625 0.2828125 0.1609375
1 0.6609375 0.9 0.303125 0.2
0 0.54296875 0.62109375 0.0671875 0.0984375