0 0.409375 0.01484375 0.190625 0.0296875
0 0.4578125 0.0421875 0.1625 0.084375
0 0.32890625 0.0375 0.1203125 0.075
0 0.12817708049832638 0.08490431022921152 0.20998405405833437 0.11321887749004844
0 0.28046628834384874 0.06932177810025841 0.10507838544042372 0.07145318874502422
0 0.33857877019347615 0.11852859924106589 0.2116465480082102 0.13047004448624283
0 0.4035997821955286 0.14635516889899866 0.20524201190385655 0.1036528765014653
0 0.51953125 0.15390625 0.0390625 0.1078125
0 0.52734375 0.2515625 0.0234375 0.115625
0 0.45625 0.2203125 0.165625 0.14375
0 0.46372019164005723 0.2720608230436118 0.10653180113146803 0.0527668557412186
0 0.509375 0.3203125 0.059375 0.075
0 0.20679295988862573 0.16609596041949198 0.11309996369925486 0.10770902372599629
0 0.27508441763595215 0.21879519608503592 0.15054542154477701 0.09986203163466154
0 0.08722080327276753 0.1639352356283629 0.14742042154477705 0.09973469764227279
0 0.03984375 0.29140625 0.0796875 0.0921875
0 0.4225502909761273 0.3143729984427631 0.16447156615858277 0.07699753460041112
1 0.06171875 0.7375 0.1234375 0.196875
0 0.08515625 0.51796875 0.1484375 0.0578125
0 0.21131072560311148 0.615694053803421 0.18800906010845858 0.09514003954332698
0 0.18589763514583596 0.6800258092406284 0.161482921544777 0.10030770060802237
0 0.61015625 0.51875 0.1421875 0.059375
3 0.609375 0.60859375 0.140625 0.1828125