3 0.134375 0.171875 0.26875 0.2
0 0.27989862632798657 0.19330487922781803 0.17874455547083343 0.10816267061270253
0 0.0852966007767714 0.3070318946897695 0.15203658510611123 0.09974439273291544
3 0.22051132142583407 0.5002880739272857 0.3677356267092362 0.18753066152884657
0 0.4996143271254173 0.3178272917954349 0.17907186379145834 0.12222517061270252
0 0.71875 0.4078125 0.040625 0.090625
2 0.58828125 0.34453125 0.3015625 0.1859375
0 0.9058104289490284 0.3868631737775045 0.11584451196784729 0.08587334030732112
0 0.42072430128986155 0.9128530072476879 0.18735714247680554 0.14317539940087515
2 0.43963534260864623 0.7837236166408045 0.17529355357097226 0.16090503333979883
2 0.14001720231604212 0.8246186521066352 0.19309930262104186 0.18887053667377882
0 0.73046875 0.990625 0.0171875 0.01875