0 0.50625 0.478125 0.125 0.103125
0 0.05390625 0.484375 0.1078125 0.090625
0 0.22465768258465407 0.39800105661557267 0.21363096878180682 0.1291865361123346
0 0.08309517596123213 0.44233635525696113 0.10886905771188111 0.07871033175849824
0 0.06171875 0.40625 0.1234375 0.146875
0 0.025 0.39375 0.05 0.11875
0 0.13136403957089576 0.33686017077339053 0.12106152286549073 0.11502977767481415
0 0.06484375 0.3 0.1296875 0.109375
0 0.24473705880818936 0.31578875734121215 0.15360120435383634 0.10836311542376213
0 0.28315969646447015 0.17868062694132555 0.13463294954451294 0.10145835099579185
1 0.84296875 0.46484375 0.3140625 0.1296875
0 0.753196888752589 0.2167932405509892 0.2030754146981227 0.1397420901960187
2 0.3399106934692453 0.6756449400955022 0.2532788005403049 0.23669150126594438
0 0.309375 0.94609375 0.21875 0.1078125