2 0.55078125 0.1234375 0.1765625 0.246875
0 0.5376563228576415 0.20005274599483033 0.11154267912609299 0.15837130937615385
2 0.45390625 0.45390625 0.2953125 0.2703125
3 0.3215105116023814 0.37833364204503395 0.18256450725639423 0.18318963911037328
3 0.30870294363888134 0.16852784546880661 0.13304071161023057 0.28291023442229635
1 0.14664194245775491 0.25877901295681005 0.1906151094333124 0.2351526573089707
0 0.21227932222466936 0.0979731184477659 0.11214287985173241 0.17555880937615384
2 0.29296875 0.05859375 0.1796875 0.1171875
3 0.8875 0.109375 0.225 0.21875
2 0.4828125 0.93203125 0.18125 0.1359375
3 0.26796875 0.715625 0.2109375 0.253125
2 0.6859375 0.75703125 0.09375 0.3359375
3 0.6890625 0.915625 0.1 0.16875