1 0.60625 0.4421875 0.1125 0.29375
0 0.7615934257481894 0.34206307152668014 0.14025333703942983 0.21278696828879456
3 0.63125 0.52265625 0.140625 0.1328125
3 0.7973985946606879 0.4969556978773918 0.14316016842151918 0.17546897881213824
0 0.90859375 0.515625 0.1296875 0.146875
0 0.4140625 0.9828125 0.1 0.034375
3 0.06953125 0.8953125 0.1390625 0.209375
0 0.6140625 0.709375 0.128125 0.240625
1 0.8713496999486864 0.8536243848785038 0.20301695745273882 0.2617396787556686
0 0.815625 0.95078125 0.125 0.0984375
0 0.9390625 0.6328125 0.121875 0.0875