0 0.6426369168229183 0.883092360356164 0.10937358294074055 0.12557269262201592
1 0.5642958862857885 0.7778958002477053 0.19378541357240664 0.3228385780624395
2 0.4460339018371774 0.7537583425985748 0.14446891875620302 0.33036018657189176
3 0.32794899170514047 0.8437424722834617 0.14193180471268488 0.15855790944452863
1 0.2467166984913439 0.682250460379605 0.1495282741755551 0.2632363190854491
1 0.05802073993847275 0.6833533763652373 0.1160414798769455 0.25083631303532494
0 0.1618515573510658 0.5176107225780494 0.09435417568342572 0.11455337939029935
0 0.13249341390171349 0.28138233108750155 0.07253796427907391 0.09724770472226432
0 0.1965647672948152 0.20124537919390764 0.05704966531583313 0.09871930113146812
1 0.2801291229969911 0.19313341822512736 0.12696976899175877 0.2552965540583344
1 0.3799357589534729 0.36567655961747925 0.24630482082972166 0.3340760599120668
0 0.8177056183788427 0.05243777887587893 0.07708876324231469 0.09571247579950319
3 0.22461894015000167 0.845486258584207 0.08013443374194404 0.2019261143631848