0 0.6624805292921311 0.3008377329297819 0.17577135765251128 0.25562380698520065
1 0.30625 0.88828125 0.165625 0.2234375
0 0.0734375 0.75390625 0.11875 0.0890625
0 0.26171875 0.73671875 0.1109375 0.0546875
0 0.603125 0.7671875 0.11875 0.115625
0 0.7789638320500238 0.840495651449497 0.1277286998023559 0.20848518657189175
0 0.7421875 0.73046875 0.078125 0.0421875
0 0.8453125 0.75625 0.115625 0.09375
0 0.88671875 0.7265625 0.1078125 0.034375
0 0.8605477610174539 0.8611076124182772 0.10708299985882572 0.14901019262201592
0 0.971875 0.896875 0.05625 0.13125