2 0.6172522352773603 0.34127336894930566 0.14979020290907386 0.18993668249628842
1 0.5257116562423549 0.7660133401164904 0.1911973755244535 0.2434644742194024
1 0.6688258066619177 0.9438744496262295 0.124600026144509 0.112251100747541
0 0.25643255043814045 0.9446374706013578 0.07306083693238978 0.11072505879728425
0 0.2151572776176236 0.9867873490500603 0.03998638257342346 0.02642530189987937
0 0.30980692678778665 0.9902332536180445 0.0850620842330974 0.01953349276391094
0 0.25283730561301054 0.47157950814060035 0.07280072780418312 0.13921298620519007
0 0.32792593568763434 0.1377987296464694 0.09214272365499827 0.1480081320667471
0 0.32782992468997224 0.0646478346894235 0.10061715186945541 0.09553822930778513
0 0.8217793276083348 0.6476882225219218 0.060442437762226665 0.11988977611928178
0 0.7520947122563507 0.6728276633859532 0.08960971950581324 0.15565685775648763
3 0.9573341675407561 0.9130416087167695 0.08533166491848795 0.17391678256646087
0 0.6093762612213768 0.761060246493497 0.09770563942190087 0.11873006784239593
0 0.5824189844521677 0.5285376735627185 0.08889932448483506 0.14628185775648764