1 0.3518775024470707 0.1393995838088902 0.37984130054030496 0.2563040024987997
1 0.1240476575265466 0.27729436057809925 0.23576391832631982 0.23603627884380146
3 0.22759184209493522 0.5506591603683179 0.42250002649368784 0.22836917926336434
3 0.7330482123280209 0.6690214259161502 0.24840776206571763 0.19647687137526865
3 0.6451389845605394 0.6639330294452794 0.24986113466105592 0.1934702705454317
0 0.9144147410991433 0.36701752757117967 0.14686013103285872 0.09995522365499827
0 0.979441996456621 0.43657116574368066 0.04111600708675809 0.06844326929603177
3 0.9359945860196675 0.6299076912634899 0.1280108279606651 0.15199132033565022
0 0.7896900819281342 0.6984120053753629 0.12164187622353531 0.09181083693238996
2 0.1899579551564447 0.8637045346433716 0.20959823320977705 0.1561352912913562
1 0.14265139082114167 0.7427417618228548 0.18628970798203354 0.2026784045687478
0 0.17383441423478657 0.6487307300792682 0.26047125244707076 0.1849240647365729
3 0.12446189681159144 0.6704882535244849 0.1756597428284239 0.1660305095477696