2 0.61484375 0.478125 0.2703125 0.296875
3 0.48936461762706907 0.4289271419422671 0.23610621120744354 0.18673574825657369
1 0.1375 0.4578125 0.275 0.25625
0 0.03671875 0.5015625 0.0734375 0.128125
3 0.26435203961774906 0.4509218447224527 0.2576977912913561 0.22587616069768474
3 0.1545472966667189 0.6442139319985177 0.20189623195336798 0.1449392275213885
0 0.2913476344243014 0.72774747634361 0.1913139294638569 0.14866982026407385
1 0.3264069508112595 0.8566434558912489 0.42183206888575775 0.28214386748388803
0 0.35703125 0.97421875 0.1578125 0.0515625
3 0.561740799566504 0.8748732119235167 0.14200101369695445 0.17384618605101848
1 0.637701493552508 0.7753509570225445 0.1532219336130421 0.1375764953818516