0 0.14667007924891298 0.2975406708631608 0.19534995735199914 0.14878465244730918
3 0.06796875 0.0421875 0.1359375 0.084375
0 0.00625 0.31796875 0.0125 0.1390625
1 0.85390625 0.284375 0.2921875 0.25
3 0.738630859922049 0.15670617036905057 0.32443856802990767 0.23905958390440088
0 0.665625 0.0203125 0.178125 0.040625
1 0.1955103052991834 0.6496036998023559 0.2474760786919079 0.2002253260824803
1 0.20879046061427514 0.7848432497882385 0.2925340400222717 0.18098947867096396
0 0.44453125 0.9375 0.2109375 0.125
0 0.3777029979312759 0.91507532331047 0.16682496801399935 0.1127715577372161
2 0.425 0.715625 0.25 0.21875
1 0.9375 0.5171875 0.125 0.20625
1 0.91484375 0.6453125 0.1703125 0.209375
3 0.69140625 0.95859375 0.2203125 0.0828125
0 0.90390625 0.459375 0.1546875 0.1