0 0.6600396960605965 0.0977672750842596 0.1247883576783142 0.08037836729005096
0 0.8191079653566284 0.15467982953537746 0.14484074855010753 0.09767495159900634
0 0.8478277290535831 0.3170843807650415 0.1872883576783142 0.08074198165323568
3 0.5768318352820045 0.4953013261175319 0.191007198759889 0.19165221057599685
0 0.7075014948251299 0.4765644407753042 0.1111043659766839 0.0646806444174139
0 0.7364650991794518 0.3740070673369332 0.14221265601864025 0.08360336123992669
1 0.33613598030298275 0.5060807865953328 0.38849750539858474 0.18030668617910822
1 0.47078643528664904 0.6842825337666625 0.3531286904615191 0.20821351756119738
0 0.12097753466659351 0.7816721808163551 0.07968934523075957 0.10354315651766229
0 0.19906849110015226 0.8632852742986927 0.17488344606059653 0.10253516842151918
0 0.9291916844498456 0.8635275887087597 0.14161663110030887 0.11523515632127079