2 0.67578125 0.37734375 0.0734375 0.0828125
1 0.8703125 0.33046875 0.259375 0.1703125
0 0.4128594719813911 0.6654845512633331 0.17694285352912936 0.10040550954776961
0 0.4873140977063374 0.7198420097714842 0.08371307178554269 0.059163357678314196
0 0.040625 0.6515625 0.08125 0.115625
0 0.13107390786951809 0.8067794444102114 0.21129454274124876 0.12320439212119325
0 0.01875 0.790625 0.0375 0.075
0 0.05625 0.884375 0.1125 0.109375
0 0.03046875 0.93359375 0.0609375 0.1046875
0 0.16697459645693744 0.8825732724195315 0.14929145020978146 0.10452432448483506
0 0.23046875 0.97890625 0.1296875 0.0421875
2 0.80546875 0.68828125 0.3328125 0.2640625