3 0.26015625 0.5578125 0.2109375 0.14375
2 0.0625 0.51796875 0.125 0.2234375
0 0.25975515241550495 0.38988996714263047 0.08681334138279588 0.13990959765100222
3 0.9421875 0.07109375 0.115625 0.1421875
0 0.8265625 0.0109375 0.1 0.021875
2 0.68125 0.0796875 0.1125 0.159375
0 0.7991419128403462 0.3865366127612039 0.07329641066226814 0.15825042069139794
0 0.8129506970843708 0.5289825255350431 0.11525659012915472 0.1516654515702104
1 0.7051849758516122 0.31589515531849877 0.20567831630997127 0.3619330133278352
0 0.584375 0.5703125 0.0875 0.11875
2 0.4515625 0.1328125 0.025 0.265625
0 0.76328125 0.06953125 0.1609375 0.1390625
2 0.025 0.79921875 0.05 0.2109375
0 0.3840541219324039 0.9079723774091872 0.08244409012915473 0.15071070533113406
0 0.0421875 0.95859375 0.084375 0.0828125