3 0.11015625 0.41484375 0.2203125 0.2078125
3 0.49453125 0.02890625 0.1703125 0.0578125
3 0.23159477349846297 0.10530616529826116 0.34257442431676965 0.1472760175611974
0 0.053125 0.96484375 0.10625 0.0703125
0 0.0234375 0.86484375 0.046875 0.0890625
0 0.19337060951813037 0.8670930929913583 0.17229664065150557 0.1025442587805987
0 0.1444767525318887 0.8090078822189698 0.15138393992586624 0.08523858411256384
0 0.2642535391923776 0.8167345446885605 0.10908731252120454 0.0818681444174139
0 0.3316717068857252 0.9132009994108248 0.13139882213985138 0.09449540944452864
0 0.4454018462712865 0.7701418667008758 0.19228175843752043 0.09328743344863373
0 0.307475260336437 0.7794936199223296 0.09582342068857255 0.05992042154477702
0 0.2511781311176768 0.7330817073545429 0.19438989546082902 0.1089215238077134
0 0.19168408002921766 0.7069595688890573 0.18888393992586625 0.08545675273047451
0 0.0515625 0.69375 0.103125 0.09375
0 0.04140625 0.60234375 0.0828125 0.1078125
0 0.11813496342432916 0.6362334575509347 0.19638890507947587 0.12143061416679295
0 0.13139636605673433 0.5910073159621911 0.09678571996293313 0.042742011903856715
0 0.0703125 0.54609375 0.084375 0.0546875
0 0.37009925670824 0.6939379150036735 0.10321925843752044 0.09276928298109555
0 0.305099250084818 0.644351005460949 0.13888393992586626 0.08516586123992678
0 0.4780754478152325 0.6992526497801672 0.13570437622353532 0.08358518052176755
0 0.52890625 0.58359375 0.1015625 0.0765625
0 0.16758683720079376 0.553725484580102 0.14894842068857256 0.060229493753484055
2 0.6234375 0.78359375 0.0875 0.1546875
0 0.8627480589778255 0.6945964451560986 0.18496033175849824 0.10730448165323567
1 0.8412798306621898 0.8850578186926656 0.2606696598887993 0.12805331888905727