0 0.42578125 0.07890625 0.1265625 0.1578125
0 0.334375 0.0265625 0.1125 0.053125
0 0.360120094290085 0.10388255541946467 0.10676803846084475 0.1499700748547749
0 0.25211284925248373 0.18877343982753353 0.09800946856846862 0.12929370181924557
1 0.6032407398658055 0.26107000910073713 0.1785061054577369 0.2842766083532209
1 0.05625 0.840625 0.1125 0.284375
0 0.9640625 0.61796875 0.071875 0.1578125
3 0.890625 0.6703125 0.196875 0.2625
3 0.575 0.871875 0.165625 0.25625
0 0.6078125 0.98125 0.084375 0.0375
0 0.6841934108726923 0.8823863910276065 0.14205056699689197 0.13758139081820958
0 0.8546875 0.95546875 0.109375 0.0890625