1 0.20703125 0.06875 0.2453125 0.1375
1 0.07265625 0.28828125 0.1453125 0.2609375
0 0.8812986999903016 0.22469573256736983 0.15455918061464224 0.23683627081949093
0 0.75234375 0.0734375 0.1515625 0.146875
1 0.48125 0.35 0.26875 0.1375
0 0.26875 0.72734375 0.121875 0.2265625
3 0.64296875 0.89296875 0.2921875 0.2140625
3 0.39453125 0.484375 0.1296875 0.13125
0 0.42265753937953876 0.6423724768641572 0.11052239606689529 0.17339553207825792
0 0.40859375 0.784375 0.1578125 0.26875
1 0.47578125 0.8109375 0.2234375 0.378125
3 0.771875 0.4671875 0.203125 0.096875
3 0.7793859004396453 0.6785833937338518 0.18692539940087513 0.19538925046142525