0 0.3762402815602995 0.6711127863169787 0.10372186068413444 0.13714664772027058
0 0.41574838091290844 0.20155822552909797 0.1058865385547438 0.19027164772027055
0 0.029386411064695344 0.12887128381817897 0.05877282212939069 0.15149256763635793
1 0.26604681125497576 0.12517055643820313 0.22776153855474385 0.19950678299298635
0 0.819004807226281 0.9633240584125492 0.0852610207602467 0.07335188317490164
3 0.1748475834237351 0.8055316400466006 0.1748912065395214 0.20173121120744356
3 0.5641049678710468 0.19555944710950374 0.18321304250907638 0.21482320705825866
2 0.6111895790122919 0.4632214664055356 0.19413990813612686 0.36830340456874777
0 0.32857605578058724 0.5523026641165174 0.11347886266130089 0.14723204274124874
3 0.9074120271116751 0.7325214537574883 0.14366506425790604 0.3146330302936942
3 0.6657709441450507 0.3161105906805894 0.16725907315515479 0.35847811867597634
3 0.45155991102751425 0.4573947510489072 0.2314489071475437 0.36645748465266037
0 0.43164672867109966 0.9057325495897259 0.18853721247102034 0.18853490082054805
0 0.009504992585626192 0.17036004419114117 0.019009985171252384 0.20009508838228235