1 0.3625 0.93046875 0.228125 0.1390625
0 0.4579232966757184 0.4405963648382981 0.11198930121764619 0.14920252583555565
0 0.49921875 0.375 0.1015625 0.13125
0 0.2526927601711175 0.7263747831506595 0.10258235030926074 0.1676979526972918
0 0.3747588209316616 0.8025898314032982 0.10787588606495575 0.11791615824437507
0 0.4152558883601654 0.9151437295796871 0.10500597758022465 0.12096842306201391
1 0.10997884381047882 0.8095353881084026 0.20787511243723228 0.3494947729857641
0 0.15237492728066226 0.4179641775273262 0.08973166394474275 0.14400587955902786
1 0.41068099016723814 0.6193766346899301 0.2522950500096982 0.2631949034947224
0 0.91484375 0.66015625 0.1703125 0.2640625
1 0.92578125 0.4625 0.1484375 0.30625
1 0.66875 0.36953125 0.1375 0.1203125