1 0.46015625 0.1390625 0.1609375 0.278125
3 0.53046875 0.06796875 0.3015625 0.1359375
0 0.6561674666619093 0.23948995885893645 0.27376742116215275 0.1720867793593513
3 0.55078125 0.3109375 0.3078125 0.0375
2 0.303125 0.475 0.153125 0.24375
0 0.953125 0.846875 0.09375 0.1
0 0.9671875 0.72890625 0.065625 0.1328125
0 0.8618154417762842 0.5869815305836126 0.18375936379145835 0.12366982026407367
0 0.9203125 0.5265625 0.159375 0.10625
0 0.7945746968102773 0.5281526262010199 0.1161354526972918 0.09904167568342573
0 0.7096165089306246 0.6275852811492605 0.13826502583555572 0.11189299019805539
0 0.6104555763693051 0.4662950495753714 0.20385365824437507 0.11607193374194402
0 0.7534600407501038 0.4857498041935198 0.10145470364722228 0.07124886635259245
0 0.8184862819163884 0.4387388116863903 0.20581620174736132 0.13339613477870332
0 0.8853107592149648 0.4149602676241219 0.20051045269729179 0.10642353166842558
0 0.934375 0.37265625 0.13125 0.0859375
0 0.6987745003812497 0.38995814203523266 0.11010365824437507 0.10786987153638865
0 0.7734375 0.36015625 0.146875 0.0609375
0 0.5849665735195135 0.3889998177186584 0.14422408510611112 0.09993979434509229
0 0.915300198425798 0.7678610922235201 0.1095945119678472 0.08599487153638882