3 0.13190098933548194 0.13812308432792392 0.2576136208772782 0.19875383134415214
0 0.15591721509326129 0.7254333685287909 0.16143729991529537 0.09816302616718495
0 0.1901318623494859 0.8418095264495336 0.14588789462538868 0.12528696828879465
3 0.4424216754189609 0.9203994451053813 0.12539338410204498 0.12097889988706072
3 0.587507391288681 0.827287939984884 0.30753802616718495 0.17363200497932318
0 0.7263977731128259 0.5605114217102068 0.30145462613895013 0.20286447867096377
0 0.8746701311888604 0.3606038850196782 0.13551183674699843 0.10755343671876343
2 0.2098942706231644 0.4408693817535577 0.21453147881213824 0.15420019454068398
0 0.4507636523767221 0.24262378462439002 0.16142188936371685 0.12463452090551304
2 0.862831012871831 0.25154740343552967 0.270493052475544 0.17926037869919878
2 0.6668730417404389 0.34605407956036227 0.22352704721387226 0.1749677208490433
3 0.23814369909648425 0.9393523843843937 0.20894933674699834 0.11183068401734034