0 0.14314132688750741 0.13196481861349554 0.11411116689245623 0.15618835779368573
0 0.23376076209732927 0.33591730026823124 0.12430503844375362 0.1723593893637169
0 0.03359375 0.48671875 0.0671875 0.1484375
3 0.2796875 0.0859375 0.23125 0.171875
0 0.35703125 0.13203125 0.0859375 0.1984375
0 0.2984375 0.65859375 0.146875 0.1421875
2 0.61875 0.659375 0.26875 0.140625
0 0.47421875 0.6765625 0.0890625 0.10625
1 0.5359375 0.709375 0.2 0.040625
0 0.6971106111473896 0.40817246089039705 0.16179175033868418 0.23373650512049765
0 0.5060850621881864 0.1873425633518237 0.133673394391219 0.20250191567207612
0 0.5289692842598821 0.0857044686417304 0.13475121551297517 0.16362142619541978
3 0.95859375 0.5765625 0.0828125 0.30625
3 0.7684710340327395 0.4988359872693433 0.22617515490666856 0.27331421558737146
3 0.7468395369734157 0.14589299779268713 0.1784879274079058 0.22536256299888785
3 0.14765625 0.953125 0.1390625 0.09375
1 0.26640625 0.840625 0.2140625 0.221875