0 0.04140625 0.06640625 0.0828125 0.1328125
0 0.14921875 0.04375 0.0953125 0.0875
0 0.1538082762599588 0.23942600104890718 0.1178193004748536 0.19133724025173776
0 0.21565740690134447 0.19500241744050967 0.09843280298213627 0.16804145020978148
0 0.20922921364440422 0.32235782283444997 0.09398934389007856 0.12249215186945542
0 0.10571542022917954 0.38155337884844587 0.1071713054894186 0.14687684523075967
0 0.2625 0.4734375 0.109375 0.1125
0 0.24970110094970738 0.37375530208852564 0.06858016693047428 0.10653526514684693
0 0.2988229110579795 0.3205720251188239 0.126313762074194 0.2153667361025528
0 0.32588786473976095 0.25948115976683983 0.09956940564770314 0.20710395020978148
0 0.3366709373844454 0.09425890146847007 0.10569973370266403 0.1498834460605966
0 0.40703125 0.096875 0.0640625 0.125
0 0.384375 0.190625 0.109375 0.215625
0 0.43203125 0.2109375 0.0140625 0.10625
0 0.343221431907662 0.4533379035430626 0.1047449874635877 0.11707094606059662
0 0.39296875 0.3890625 0.0921875 0.153125
0 0.3390625 0.5109375 0.09375 0.0375
0 0.68359375 0.46640625 0.0890625 0.1265625
0 0.7765625 0.0421875 0.09375 0.084375
0 0.6744654202291795 0.08311587884844585 0.1071713054894186 0.1468768452307596
0 0.8321451910788621 0.22446569710950381 0.10903533386094857 0.21093934523075966
0 0.8184511009497074 0.07531780208852563 0.06858016693047428 0.10653526514684697
0 0.86640625 0.06484375 0.1265625 0.1296875
0 0.89375 0.03203125 0.1 0.0640625
0 0.9119714319076622 0.15490040354306256 0.1047449874635877 0.11707094606059662
0 0.9578125 0.090625 0.084375 0.153125
0 0.9083045257977405 0.26999260727732893 0.09324519780928675 0.1504987526992924
1 0.21640625 0.60078125 0.1578125 0.1421875
0 0.32890625 0.9609375 0.1828125 0.078125
3 0.72109375 0.66484375 0.2984375 0.2703125
1 0.82265625 0.5890625 0.2421875 0.11875