1 0.37578125 0.18359375 0.1265625 0.3609375
3 0.1860289081733079 0.2847955600857032 0.24252437551288217 0.21365078925077724
1 0.62265625 0.38828125 0.2578125 0.1609375
0 0.5804992193911026 0.26343649957647697 0.11149986859279988 0.17328485253201392
1 0.0640625 0.72265625 0.128125 0.3515625
1 0.2421875 0.50703125 0.234375 0.0765625
0 0.37578125 0.49296875 0.0921875 0.0484375
3 0.41171875 0.56953125 0.0546875 0.2015625
1 0.58125 0.80546875 0.28125 0.3890625
1 0.7406580583635883 0.8010561388696067 0.24790689528454557 0.30749179451244935
1 0.53671875 0.55 0.1953125 0.1625
0 0.8999190173373866 0.6162624518684945 0.10311436562705012 0.15876732622365458
3 0.725 0.9203125 0.24375 0.159375
3 0.878125 0.884375 0.175 0.23125