0 0.26640625 0.49296875 0.1328125 0.0921875
1 0.38515625 0.4921875 0.2078125 0.09375
2 0.1578585375663785 0.3164010024342769 0.2637594597575511 0.2739945514063251
2 0.4234375 0.10390625 0.13125 0.2078125
0 0.8801712454498297 0.17302107555225082 0.15128277054543168 0.24916169467652338
0 0.8697226879859414 0.37641533098945823 0.12602081618646538 0.16246019072219067
0 0.7091017288530903 0.2113381121298282 0.12959610207923689 0.18908635771838506
0 0.41328125 0.91015625 0.1421875 0.1796875
0 0.3703125 0.94921875 0.11875 0.1015625
0 0.3373819394358339 0.8585381284042695 0.10767263527271584 0.12588602076024671
0 0.41399013839621546 0.7629444441078697 0.12507362282516113 0.1499601907221905
0 0.22628738362233064 0.6851735656664191 0.13461548880184537 0.2142136917107738
0 0.2838775085220844 0.8246698057805872 0.08137024440092269 0.1076798488211363
0 0.2546875 0.89140625 0.153125 0.2171875
0 0.2484375 0.92890625 0.125 0.1421875
0 0.20078125 0.9734375 0.1640625 0.053125
0 0.17413473300227517 0.7829054115218058 0.11813653859206372 0.12008168973360753
0 0.14489844151042633 0.8624629189361798 0.11460971950581327 0.15576452174882985
0 0.14205409358037446 0.6697979164647218 0.11281042116548723 0.15257585475263546
0 0.0265625 0.63828125 0.053125 0.1328125
0 0.09765625 0.97265625 0.0921875 0.0546875
0 0.6609375 0.97578125 0.13125 0.0484375
0 0.9546875 0.96015625 0.090625 0.0796875