1 0.1203125 0.03984375 0.240625 0.0796875
1 0.4238194323564146 0.2341938844914198 0.27256470258518883 0.17958832939624544
0 0.55625 0.37265625 0.046875 0.0890625
0 0.448603209542452 0.36241808821228416 0.13631418479069152 0.09057541469812272
0 0.2909498770329379 0.37183527214770057 0.17952035672980174 0.11704863466105593
2 0.04296875 0.24375 0.0859375 0.16875
3 0.3125 0.05703125 0.159375 0.1140625
1 0.31875 0.94453125 0.33125 0.1109375
1 0.07421875 0.88671875 0.1484375 0.2109375
3 0.77734375 0.8625 0.3953125 0.221875
3 0.7171875 0.59375 0.275 0.15
3 0.8234375 0.5609375 0.259375 0.084375