3 0.42265625 0.26015625 0.0671875 0.1828125
0 0.7987077961943176 0.31156172838861523 0.1597420769491748 0.10910052616718495
3 0.85390625 0.04140625 0.2921875 0.0828125
3 0.17680800354337906 0.5762117024331919 0.2984771947351897 0.10782499445597944
0 0.01171875 0.5390625 0.0234375 0.05625
1 0.06328125 0.775 0.1265625 0.1625
0 0.2828125 0.9734375 0.13125 0.053125
0 0.48359375 0.97734375 0.1453125 0.0453125
0 0.575 0.96171875 0.13125 0.0765625
0 0.47010659184048115 0.6686491023908395 0.14669643992586626 0.09274748407381014
0 0.7451933826773213 0.7942685415992645 0.16906251324684388 0.1080840577372161
2 0.56484375 0.48046875 0.2859375 0.0609375