3 0.23173413783402852 0.3793231590644591 0.28209240063313834 0.26619805334367824
1 0.328125 0.4765625 0.28125 0.165625
2 0.40234375 0.0859375 0.1328125 0.171875
1 0.86640625 0.159375 0.2671875 0.31875
1 0.4390625 0.803125 0.059375 0.225
1 0.36171875 0.69375 0.2140625 0.25
1 0.1749074763138306 0.7121499583252514 0.22529683135366607 0.24285640606883502
0 0.30459967333169446 0.8621185231686814 0.14022784639736088 0.10497402667183912
1 0.78234818408574 0.6866575558802605 0.396626262074194 0.23813643940863383
1 0.5484375 0.60078125 0.159375 0.0828125
3 0.49609375 0.86875 0.0546875 0.2625