0 0.4734655026860871 0.2430259281691325 0.16450345574818712 0.0878163462971587
0 0.5402934377561099 0.29792124177900126 0.07562073821317554 0.05201025025210164
0 0.01953125 0.24765625 0.0390625 0.1140625
0 0.0375 0.303125 0.075 0.0875
0 0.09268422952672335 0.21243575393527242 0.13249147642635145 0.10270937278026224
0 0.196875 0.35 0.19375 0.078125
0 0.060443271916509514 0.34480013970498485 0.09651543507002254 0.06593063861970413
0 0.04921875 0.3578125 0.0984375 0.0625
0 0.62265625 0.353125 0.0671875 0.071875
0 0.70859375 0.33828125 0.1328125 0.1015625
0 0.05546875 0.66484375 0.1109375 0.1109375
1 0.04296875 0.55703125 0.0859375 0.1984375
2 0.251457877788531 0.7144845729930228 0.23773124813797325 0.2222020539746133
2 0.41484375 0.428125 0.2390625 0.078125
0 0.046875 0.86640625 0.09375 0.1109375
2 0.7078125 0.875 0.2375 0.221875