1 0.2684810001115416 0.24302520021276058 0.31960425033868417 0.24652434680136182
3 0.40703125 0.08359375 0.2015625 0.1671875
3 0.06171875 0.146875 0.1234375 0.16875
2 0.8734375 0.2875 0.253125 0.209375
2 0.94921875 0.02890625 0.1015625 0.0578125
0 0.6446750079134578 0.09934589205077335 0.16411781094499087 0.13134782500983527
2 0.4140625 0.915625 0.190625 0.16875
0 0.4765625 0.49140625 0.065625 0.1171875
1 0.05234375 0.9625 0.1046875 0.075
1 0.80546875 0.98203125 0.2609375 0.0359375
1 0.55546875 0.6578125 0.0921875 0.16875
3 0.5734375 0.5125 0.128125 0.1875
2 0.5890625 0.73125 0.159375 0.18125
0 0.56796875 0.871875 0.1171875 0.10625