0 0.09815826659574647 0.1551980698443998 0.15502598960843983 0.0841193927329154
0 0.08359375 0.26796875 0.1671875 0.1203125
0 0.05891472217951412 0.3917571942404258 0.11182229282674849 0.08836061151914834
0 0.2590621876506389 0.38877636014202255 0.16872785668871887 0.10232725879399177
0 0.21210506017879957 0.4476090972651449 0.14899451089576327 0.08673420970237729
0 0.33169094050063047 0.43863309680610296 0.10524451089576328 0.08316292848861018
0 0.39561169284641895 0.34148728771254894 0.12777507475773361 0.09432356909549373
0 0.5125 0.47265625 0.1875 0.0734375
0 0.3758833369140048 0.4750968842287878 0.09277736188449896 0.06039510818516849
0 0.32109375 0.48828125 0.1921875 0.0421875
0 0.18158240781334062 0.224602031962673 0.10146394703379284 0.07353283697334119
1 0.71796875 0.34375 0.1171875 0.165625
0 0.725 0.02734375 0.13125 0.0546875
0 0.09347076659574646 0.6395730698443998 0.15502598960843983 0.0841193927329154
0 0.08125 0.75234375 0.1625 0.1203125
0 0.0546875 0.87578125 0.109375 0.0890625
0 0.25437468765063886 0.8731513601420225 0.16872785668871887 0.10232725879399177
0 0.2074175601787996 0.9319840972651449 0.14899451089576327 0.08673420970237729
0 0.32700344050063046 0.923008096806103 0.10524451089576328 0.08316292848861018
0 0.390924192846419 0.825862287712549 0.12777507475773361 0.09432356909549373
0 0.5078125 0.96015625 0.1875 0.0796875
0 0.37119583691400476 0.9594718842287879 0.09277736188449896 0.06039510818516849
0 0.31640625 0.97578125 0.1921875 0.0484375
0 0.1768949078133406 0.708977031962673 0.10146394703379284 0.07353283697334119