1 0.3380131486034775 0.2288827191358406 0.23794576546195145 0.20979774715740263
0 0.06953125 0.09453125 0.1390625 0.1265625
0 0.25390625 0.0140625 0.1984375 0.028125
3 0.90859375 0.2046875 0.1828125 0.2625
1 0.7078125 0.0421875 0.178125 0.084375
0 0.6265625 0.05625 0.015625 0.09375
0 0.55546875 0.80703125 0.1265625 0.1578125
3 0.57734375 0.4953125 0.0828125 0.271875
3 0.50703125 0.4640625 0.2234375 0.209375
0 0.16570539302277948 0.5405824134647632 0.17649834030732112 0.12380006299888784
0 0.046875 0.71015625 0.09375 0.1421875