1 0.434375 0.0890625 0.35 0.178125
0 0.50859375 0.33671875 0.1328125 0.0859375
0 0.146875 0.0171875 0.184375 0.034375
3 0.06484375 0.18984375 0.1296875 0.1796875
1 0.2625 0.08203125 0.253125 0.1640625
0 0.96640625 0.34921875 0.0671875 0.0609375
1 0.82109375 0.33203125 0.2953125 0.0953125
0 0.62421875 0.0640625 0.0296875 0.109375
2 0.85078125 0.11484375 0.2984375 0.2296875
0 0.7 0.04296875 0.16875 0.0859375
2 0.0828125 0.55625 0.165625 0.225
0 0.1429711356464139 0.90003842555951 0.28471325599585606 0.1878811054577369
0 0.5030780740262053 0.6804834809789746 0.12333480024766903 0.10396837014004526
1 0.47734375 0.5171875 0.2640625 0.2375
1 0.36027629797135746 0.7411577694398194 0.31589478949430205 0.25481604838564226
0 0.33428749441391953 0.9060036734925954 0.1440839478903042 0.1142894400324213
3 0.04921875 0.90703125 0.0984375 0.1859375
2 0.71953125 0.45625 0.2203125 0.153125
1 0.90078125 0.48359375 0.1984375 0.2078125
1 0.875 0.6125 0.25 0.18125
1 0.8375 0.98125 0.3 0.0375
1 0.6984375 0.90859375 0.178125 0.1765625
0 0.63671875 0.85078125 0.0546875 0.1515625