0 0.3546875 0.4796875 0.16875 0.040625
0 0.28532083829873817 0.213787705704223 0.1491695541766104 0.08365790339440445
2 0.3015625 0.10546875 0.375 0.2046875
1 0.2359375 0.05859375 0.353125 0.1171875
0 0.065625 0.021875 0.13125 0.04375
1 0.83984375 0.26796875 0.3203125 0.2296875
3 0.934375 0.3640625 0.13125 0.1125
0 0.56171875 0.2875 0.1453125 0.11875
0 0.56328125 0.190625 0.1484375 0.153125
3 0.52109375 0.38046875 0.0640625 0.1015625
2 0.62578125 0.3875 0.2734375 0.225
0 0.765625 0.05078125 0.1375 0.1015625
0 0.03671875 0.71015625 0.0734375 0.1578125
0 0.28208883044085536 0.6788683259211401 0.18783394789030422 0.10887607201231528
0 0.371298917911024 0.9267194977605048 0.1258776033908223 0.08664654800821019