0 0.19663090705871936 0.43799422853284736 0.07454780681713333 0.1547979091943056
0 0.27100184131313226 0.2694819242962849 0.07879893019392785 0.1299070119678473
0 0.34615498903636077 0.861616179330278 0.08880122158978568 0.16606271751493074
3 0.14514764244492745 0.931059723356684 0.15867734496658029 0.13788055328663198
0 0.20265045088691386 0.8723328609416668 0.08957278896022584 0.12078658510611114
3 0.24872483562779416 0.7828170724726737 0.1096512840889619 0.28681162860909737
0 0.3320770779171564 0.7261871723964239 0.13499438311602727 0.12809124525034737
0 0.6344736006453278 0.6020288526766324 0.07671032467404082 0.1892092767854862
3 0.7241774342511176 0.32766659194305614 0.08278877516050827 0.2690058795590279
3 0.8116228871732171 0.32657817704916736 0.12761035145940197 0.24193553970326392
1 0.632381851866439 0.07953625683694497 0.18038870373287813 0.1338334053945835
1 0.380478027189103 0.3673037880877434 0.12247856655636591 0.30585256933854177