0 0.3703125 0.3625 0.240625 0.034375
3 0.06015625 0.128125 0.1203125 0.146875
0 0.4640625 0.32734375 0.140625 0.1046875
0 0.19140625 0.36484375 0.1515625 0.0296875
2 0.62421875 0.04453125 0.0890625 0.0890625
3 0.853125 0.1109375 0.29375 0.221875
0 0.88046875 0.34296875 0.1359375 0.0734375
1 0.41875 0.640625 0.321875 0.253125
0 0.09059473578994988 0.8562273335063884 0.1420977711033183 0.09667809330833314
1 0.02578125 0.73359375 0.0515625 0.1671875
0 0.6265625 0.42734375 0.09375 0.0953125
0 0.7395706091700397 0.6018337764846293 0.1941511948044245 0.1293142275213885