0 0.9456743060259504 0.7081230105426876 0.1086513879480993 0.18877269334818117
0 0.9801533259829963 0.6661258672024606 0.03969334803400741 0.12739884134309049
3 0.7649675757558536 0.7243581799013683 0.2611986080951718 0.3059794693666348
1 0.4904324067156908 0.3038569652689575 0.22847463930283637 0.2774908426957259
0 0.5876006558111797 0.2784927912555945 0.10341932835784533 0.15579656134627218
3 0.4039682049975256 0.08888868264641002 0.21106140999505119 0.17777736529282004
3 0.24588122455808673 0.3958193879694559 0.18562539800926361 0.29416926535645355
3 0.18406173450770943 0.66310743264641 0.24193070895425448 0.41506356802990785
0 0.35550072252192183 0.7721177112905929 0.1830116530976463 0.21449994668999892
1 0.9823543130926975 0.8434968892027787 0.03529137381460501 0.13526588534372683
0 0.8455237777011615 0.5162633218889596 0.08812852103089916 0.13219542934436318