1 0.5015625 0.3734375 0.35625 0.2125
0 0.07078665546755211 0.07207169205102248 0.0990709205506893 0.1038068104386392
3 0.3242658426139879 0.37005197867096395 0.2862866972858945 0.1551704313159174
1 0.4588490202020427 0.20282522326811775 0.3406571230323639 0.22058259968941646
0 0.61875 0.3078125 0.121875 0.15625
3 0.65078125 0.13046875 0.0578125 0.1515625
3 0.940625 0.30859375 0.11875 0.2109375
0 0.9390625 0.396875 0.121875 0.10625
0 0.02578125 0.60234375 0.0515625 0.1109375
3 0.571875 0.67265625 0.215625 0.1640625
0 0.9144705895118947 0.6574084945265667 0.11440098960843983 0.0782453683170294
1 0.8427209116717383 0.7551564788121382 0.3042604371464357 0.30093795762427644
0 0.80625 0.97734375 0.184375 0.0453125
1 0.853125 0.91484375 0.29375 0.1703125
3 0.9625 0.57734375 0.075 0.1703125