1 0.671875 0.165625 0.05625 0.196875
0 0.1278277868037057 0.15142395251506216 0.1751883986760924 0.1076603157455871
1 0.9578125 0.30078125 0.084375 0.1171875
3 0.87421875 0.11171875 0.2515625 0.0953125
3 0.7953125 0.0671875 0.190625 0.115625
0 0.7921106488809802 0.2968627321397973 0.11279540653397539 0.07534664772652384
0 0.8808071217926751 0.25703834739891696 0.17845894789030403 0.11083986282348768
0 0.75546875 0.1671875 0.1109375 0.090625
1 0.82578125 0.046875 0.2515625 0.09375
0 0.71875 0.31328125 0.0375 0.0921875
2 0.66640625 0.94140625 0.0671875 0.1171875
1 0.4090628242310931 0.896519633112732 0.3265026497095498 0.20553652840691897
3 0.5596727921803891 0.778153237007766 0.2383091368892682 0.15559898376465037
3 0.35078125 0.41796875 0.1765625 0.1171875
0 0.12866900289097494 0.9267530093321955 0.17482452564056317 0.0998478157455871
2 0.84765625 0.50546875 0.2953125 0.1859375
3 0.85 0.6765625 0.3 0.2125
3 0.734375 0.9484375 0.06875 0.084375