3 0.5815922842982362 0.12277615579492566 0.12840279691210785 0.15154103444287886
3 0.37365087576019923 0.583457237128238 0.12178080779669909 0.4081695427412487
3 0.9505803864751543 0.476983600806615 0.09883922704969131 0.23364313942190082
2 0.2535863353866953 0.17348043111424222 0.15617067676384036 0.32194862282516123
1 0.41480412149902995 0.37119311285318435 0.19434031015895173 0.2547145012493998
0 0.6637302718540005 0.7925549369138123 0.07763890507947586 0.12587726099766208
0 0.4559326408211416 0.7190027282051684 0.0797123257680484 0.18525226099766207
2 0.8680903896400153 0.7676696456224562 0.16220242195451676 0.31617221950581326
0 0.868219331295162 0.5694805993567226 0.0800198606144388 0.1494331601678251
0 0.318591287293461 0.10588926679723218 0.09440974282842393 0.15987375269929233
0 0.5207739347380247 0.8934690093240552 0.09704366950744614 0.1460480510396181