0 0.0890625 0.0796875 0.1125 0.159375
0 0.1640625 0.0296875 0.0625 0.059375
0 0.134375 0.3671875 0.134375 0.184375
0 0.184375 0.440625 0.115625 0.0375
0 0.21873707793604832 0.3766327090481603 0.11268290802036277 0.15452035672980174
0 0.35650979793923004 0.35879790471326684 0.10308973201781732 0.13538835475263547
2 0.6125 0.034375 0.1875 0.06875
1 0.5546875 0.115625 0.071875 0.23125
1 0.7817012492839114 0.24564664729889296 0.2499669213876338 0.40999571840251947
3 0.36171875 0.8484375 0.2703125 0.303125
3 0.02890625 0.77578125 0.0578125 0.3140625
0 0.03828125 0.8828125 0.0765625 0.19375
1 0.734375 0.94140625 0.2 0.1171875
1 0.7437910745942306 0.6535108854358949 0.22049650270527082 0.2932247124710205