0 0.16796875 0.36015625 0.1140625 0.0390625
0 0.23125 0.34453125 0.09375 0.0703125
0 0.14604234618110096 0.28304728669352863 0.10390802434972919 0.13496587334017515
0 0.27890625 0.19140625 0.0421875 0.1953125
0 0.27109375 0.328125 0.0578125 0.096875
2 0.50234375 0.13046875 0.2765625 0.2609375
2 0.93828125 0.2640625 0.1234375 0.23125
1 0.81875 0.16640625 0.246875 0.3328125
1 0.803125 0.253125 0.225 0.253125
3 0.875 0.275 0.109375 0.209375
0 0.07461953936396766 0.5964906005144204 0.08491256249917623 0.12079428903121983
0 0.03671875 0.94765625 0.0703125 0.1046875
0 0.4446342102257 0.5701751028521115 0.10601599512873605 0.16622496369925477
1 0.8538064330333016 0.690463314311871 0.22080697240056466 0.29812946955298725
0 0.96171875 0.646875 0.0765625 0.18125
0 0.9703125 0.803125 0.059375 0.159375
1 0.3640625 0.409375 0.128125 0.059375
0 0.32109375 0.68828125 0.0421875 0.1203125
0 0.39609375 0.928125 0.1046875 0.14375
0 0.8309750848203106 0.5015144438003662 0.08680234496658024 0.13955337939029935
3 0.4984625937487642 0.5206381902843249 0.1750114569792892 0.18068743949875793