0 0.6234375 0.415625 0.071875 0.171875
0 0.5140625 0.4546875 0.24375 0.26875
0 0.61796875 0.5515625 0.0765625 0.075
0 0.3090473671402834 0.48060486150756265 0.10243668249628843 0.1387108105039836
0 0.22265625 0.46484375 0.1453125 0.2484375
0 0.06638075305221772 0.2396318351810968 0.10687187697836445 0.16380173871722895
0 0.5945732728399215 0.10611436071613985 0.11328565128862386 0.16710859514371962
0 0.45282950814060036 0.1485783085254265 0.170341234734852 0.24365437476889076
1 0.1203125 0.0375 0.15 0.075
1 0.21303334577069996 0.12660533478538538 0.13516065128862403 0.16774509263643717
1 0.5070334085247131 0.2870581353267461 0.11624687697836436 0.16407452335696499
1 0.55078125 0.8390625 0.2078125 0.321875
2 0.90546875 0.66171875 0.1765625 0.1453125
3 0.809375 0.946875 0.140625 0.10625