0 0.26875 0.1203125 0.221875 0.165625
0 0.91015625 0.40078125 0.1796875 0.1171875
0 0.03046875 0.77421875 0.0609375 0.1234375
3 0.0984375 0.5015625 0.196875 0.084375
1 0.26171875 0.95703125 0.2359375 0.0859375
1 0.35859375 0.67578125 0.0421875 0.1734375
3 0.6131865119350939 0.7646058380213885 0.1945510733609078 0.20424311416679294
0 0.48704163526418504 0.7965876119272978 0.10710452267663592 0.07405564441741408
0 0.4328125 0.71796875 0.10625 0.0953125
1 0.8234375 0.68203125 0.353125 0.2203125
1 0.78828125 0.88359375 0.3453125 0.2328125