0 0.056799980245277215 0.1525278070629031 0.08899237765916679 0.13776195435896632
0 0.9390130682011801 0.10839594690901108 0.12126067021222227 0.18387993776222694
3 0.82578125 0.23359375 0.2015625 0.1703125
0 0.703125 0.23359375 0.1375 0.1703125
1 0.7765625 0.28671875 0.15 0.0640625
3 0.49296875 0.0578125 0.2671875 0.115625
3 0.046875 0.9609375 0.09375 0.078125
1 0.10234375 0.91015625 0.2046875 0.1796875
1 0.23203125 0.40546875 0.2546875 0.1734375
2 0.24662946571197875 0.631992009347277 0.22311933662472255 0.47235228714217126
3 0.19296875 0.86328125 0.2703125 0.2734375
3 0.26875 0.44296875 0.18125 0.2484375
3 0.39375 0.85390625 0.06875 0.2921875
3 0.425 0.4421875 0.13125 0.246875
3 0.51953125 0.37265625 0.2296875 0.1078125
0 0.7845593447023258 0.8695208558274363 0.10549019984750015 0.17644594606059627
1 0.8577987825819786 0.782720518069854 0.21057904977125014 0.26863529129135627
0 0.971875 0.75859375 0.05625 0.1984375