3 0.26640625 0.4671875 0.3265625 0.04375
0 0.52265625 0.44921875 0.0328125 0.0796875
3 0.61328125 0.3959929323192336 0.1484375 0.10448586463846717
1 0.65234375 0.05625 0.2265625 0.1125
1 0.29296875 0.62265625 0.4921875 0.2671875
0 0.45390625 0.7203125 0.1703125 0.2125
0 0.5265625 0.82734375 0.025 0.1046875
3 0.4203125 0.9578125 0.2375 0.084375
0 0.33359375 0.868924979808407 0.2078125 0.12565521049385406
1 0.15078125 0.77109375 0.3015625 0.1734375
2 0.71640625 0.6616085924325268 0.2453125 0.2334332184025195