2 0.5078125 0.253125 0.178125 0.2125
1 0.6390625 0.021875 0.2875 0.04375
0 0.840625 0.41953125 0.165625 0.0390625
0 0.8785250310445891 0.3520418776947228 0.10806733363936125 0.08619592072720579
0 0.8040032631667418 0.32213552976190607 0.07528678454774677 0.06544332973421944
1 0.5609375 0.08359375 0.284375 0.1671875
0 0.94375 0.14609375 0.1125 0.0671875
0 0.7421882736277233 0.146185496603914 0.14091178454774694 0.06964877081949092
3 0.3609375 0.96015625 0.115625 0.0796875
2 0.3890625 0.68125 0.059375 0.121875
0 0.1646070837600475 0.7865484831856786 0.1498402454580722 0.10286178901808825
2 0.05 0.61328125 0.1 0.1421875
3 0.8185451557304791 0.8740715761812499 0.277901343641301 0.14837215299003398
0 0.9119599290683386 0.7591160070874886 0.11195760818516831 0.09577117982650449
0 0.8583404636160854 0.694423648975639 0.1881055200038794 0.11463989820967199
0 0.557703379517682 0.8754188209394627 0.13360946757828493 0.07539812307124424
0 0.44296875 0.6484375 0.0484375 0.1
0 0.6296875 0.96171875 0.125 0.0765625
3 0.471875 0.91640625 0.10625 0.1671875