3 0.21570028072298508 0.898100050644501 0.17571117349399668 0.20190904002227156
1 0.37036539391951695 0.8556478266231838 0.2070059471009328 0.28346812269254434
1 0.6713132438912821 0.8818536012492311 0.19233723137238706 0.21927835335772627
1 0.8187118886578452 0.8488672838956411 0.18661785239083956 0.2551249466899989
1 0.9491927180770331 0.8352940378740058 0.10161456384593386 0.24698518268618094
0 0.8108428496188292 0.3916178578930959 0.21956613125944752 0.3382647106938169
0 0.8791440705384599 0.5307616265515962 0.12160052616718495 0.1575590560152719
0 0.797981744667741 0.06829272994909326 0.09596348933548189 0.13658545989818652
1 0.44517526308359245 0.07607050930936474 0.18410052616718492 0.15214101861872947
1 0.5276916314712091 0.10721777526259417 0.1371499314570915 0.12963405068427192
1 0.39700859179690867 0.3198188672820024 0.2938212205666947 0.5140101453691802
0 0.3319204600433509 0.5042944119589564 0.1263636208772782 0.18572041868236297
0 0.33741305489461854 0.3838364612905929 0.05729583148532651 0.09903748400699967
0 0.08459334983059079 0.17726138665659136 0.07924642619541977 0.12739884134309049
0 0.5720603416557344 0.4663200552594125 0.0877869682887944 0.13998974801081765
0 0.7421277308782768 0.7285826032384135 0.057857273606936134 0.08186816534054522