1 0.2298055764721152 0.3202710755105205 0.3184103338609486 0.22680483403260468
1 0.0609375 0.17265625 0.121875 0.2265625
1 0.5734375 0.08046875 0.309375 0.1609375
1 0.86328125 0.025 0.2734375 0.05
3 0.87578125 0.42109375 0.2484375 0.2421875
3 0.46171875 0.10234375 0.0859375 0.2046875
0 0.50546875 0.36796875 0.1734375 0.2765625
0 0.7892882250601894 0.568442930690035 0.19527905925034225 0.12081309793005204
1 0.0734375 0.67265625 0.146875 0.0859375
0 0.02265625 0.7421875 0.0453125 0.134375
0 0.12738057310690287 0.866603469081606 0.1975689849563052 0.14593149710021505
1 0.7215982713784079 0.8140020391935417 0.3779959340192331 0.2921231033286368
2 0.63046875 0.959375 0.3234375 0.08125
1 0.48125 0.95234375 0.125 0.0953125
3 0.76875 0.68671875 0.2625 0.1140625
3 0.48828125 0.90546875 0.1390625 0.1640625