1 0.1265625 0.18984375 0.253125 0.3453125
0 0.01953125 0.20546875 0.0390625 0.1828125
1 0.07890625 0.46640625 0.1578125 0.2671875
1 0.5328125 0.29921875 0.165625 0.5984375
0 0.72421875 0.06875 0.0953125 0.1375
2 0.7024617441056821 0.29838650610443546 0.24270474212851562 0.36976802464894376
1 0.77109375 0.03671875 0.1515625 0.0734375
0 0.021875 0.7078125 0.04375 0.16875
1 0.2484375 0.65625 0.240625 0.1125
0 0.34267154452342385 0.8264506303692665 0.0989362015966055 0.17045634215265543
2 0.23999487209002196 0.7937842152858325 0.22236306722365598 0.3297228787873868
1 0.51171875 0.87109375 0.1234375 0.2578125
0 0.8322168641813568 0.7204706252808838 0.12546420950527093 0.20926653663473135