1 0.25983043609750106 0.4968659916758938 0.33316239745537 0.16740155767811088
1 0.35859375 0.09921875 0.1828125 0.1984375
0 0.38203125 0.2109375 0.1359375 0.084375
2 0.51015625 0.10390625 0.1203125 0.1453125
1 0.9375 0.07734375 0.125 0.1546875
0 0.8876908874170842 0.17135844463824101 0.17476484561740727 0.0795639913621267
1 0.084375 0.77265625 0.16875 0.1671875
0 0.3328125 0.97578125 0.121875 0.0484375
0 0.2947610936376398 0.781974572028422 0.2420685057494442 0.17399391424880087
3 0.07265625 0.903125 0.1453125 0.165625
0 0.46875 0.9109375 0.0375 0.0875
0 0.5802753859564819 0.7577801125876696 0.1416010311027777 0.05568640036914028