1 0.15 0.3875 0.184375 0.084375
0 0.278125 0.30625 0.096875 0.246875
3 0.2172489452975926 0.16223833461027262 0.19996582670272556 0.277091662970653
0 0.19921875 0.35625 0.1296875 0.146875
0 0.41875 0.2140625 0.121875 0.35
0 0.11953125 0.925 0.1078125 0.15
0 0.271875 0.94609375 0.084375 0.1078125
3 0.37593031791059506 0.852757647820922 0.16257491470399826 0.2842825366905286
0 0.496875 0.7125 0.034375 0.225
1 0.71640625 0.9234375 0.2140625 0.153125
1 0.76953125 0.86640625 0.2296875 0.2671875
1 0.79453125 0.5359375 0.1703125 0.2125