0 0.6550205291714996 0.4049244224793969 0.1668067989592032 0.24478340263916643
0 0.8955647212787264 0.6024999259197669 0.13647084577069996 0.20013528397749986
0 0.7144020889848367 0.9255043052783328 0.10777927973732648 0.1489913894433343
0 0.41174515773174375 0.9986602583413422 0.06882524310259508 0.0026794833173156007
1 0.555146597691264 0.9056422816684255 0.23514736318355461 0.18871543666314886
1 0.43280577170826773 0.6164505169655085 0.25543993102595036 0.3334152586241661
0 0.34250391904016275 0.4514612125356475 0.11050148801421233 0.1200964694628702
0 0.1895869589542545 0.42719536145162007 0.15661292740790578 0.22833819641861092
1 0.3075535504295413 0.08134420216805496 0.1966912935321364 0.10275172752138853
3 0.585235894391219 0.24561848152740628 0.20438868611433297 0.2496267275213885
2 0.49421806874690705 0.15600032398726757 0.23531113749381408 0.24611074825657364
3 0.6119953889641521 0.10331340433610994 0.11461577792830405 0.10956907257314792