0 0.59765625 0.24453125 0.0640625 0.1140625
0 0.17439236583612266 0.442233997954936 0.1598113372358217 0.07963733887551357
1 0.1296875 0.26171875 0.259375 0.1890625
3 0.65703125 0.1125 0.0546875 0.1125
0 0.6984375 0.3421875 0.1375 0.1
0 0.96484375 0.0359375 0.0703125 0.071875
1 0.13046875 0.54296875 0.2609375 0.0671875
3 0.39609375 0.54609375 0.2203125 0.0734375
3 0.1497893590986274 0.8504413030486433 0.2952499092481369 0.266359752045064
2 0.55390625 0.53046875 0.1515625 0.0421875
0 0.8838280158126816 0.5655301278048986 0.1755636022629364 0.10196697994174038
0 0.68984375 0.534375 0.1203125 0.05