3 0.05625 0.1765625 0.1125 0.24375
1 0.0734375 0.0828125 0.146875 0.165625
1 0.29140625 0.04765625 0.3984375 0.0953125
2 0.717779834456812 0.18260042448596164 0.2388042361025528 0.13637381461827508
0 0.6409115263682237 0.29793012956552617 0.15937684523075957 0.11372328243518837
0 0.79453125 0.31875 0.1421875 0.1
1 0.4390625 0.421875 0.2 0.10625
0 0.1 0.74453125 0.2 0.1671875
0 0.0515625 0.43203125 0.103125 0.1265625
0 0.8294473498041517 0.5740230999803295 0.19611982863402008 0.14737701659574648
1 0.659375 0.9234375 0.240625 0.153125
3 0.65234375 0.5546875 0.2265625 0.23125
3 0.59921875 0.415625 0.1203125 0.09375