0 0.7472810935571526 0.4358389646353481 0.1790973493799445 0.10031355172849495
0 0.8022277800699793 0.5028385965303748 0.083949870125869 0.05856866943775678
0 0.1383269489603816 0.08795933808409066 0.17488344606059653 0.10642715940862688
0 0.10101435787880689 0.19973792405661026 0.16799482863402004 0.13896687476889075
0 0.043516722818194645 0.32083768573509275 0.08703344563638929 0.09951191818411553
0 0.22037689667136334 0.3630837070469937 0.19204763527271584 0.1271943004748536
0 0.1551061715664726 0.4117545392585896 0.16875184523075956 0.1078078029821361
0 0.2761048331841903 0.4300606068887092 0.1259723493799445 0.09876777210332369
0 0.37126489044758604 0.34700040281121636 0.1473504419114116 0.1134213054894186
0 0.4400354333893273 0.5196135372135255 0.21020563942190068 0.11992736975432586
0 0.30753150932405504 0.47825641448969886 0.10700886182749905 0.07483016693047428
0 0.23857967716555 0.5137823890211628 0.214514631123531 0.1356432979675713
0 0.17212588297440884 0.5266293814993153 0.20648864357108562 0.11202394154108042
0 0.04539131991144303 0.5036501857350928 0.09078263982288606 0.1114496285298145
0 0.02344454231704139 0.592477005014565 0.04688908463408278 0.11817098997087001
0 0.09422481130072331 0.5815645855768082 0.18844962260144663 0.1497967261808167
0 0.07921448732873075 0.6314509253102515 0.10558807178554282 0.05608016693047428
0 0.02686461762706916 0.6655507921615834 0.05372923525413832 0.07451191818411544
0 0.34424841409329543 0.5800856874509523 0.1204327444009226 0.10796091567683312
0 0.2650811323497089 0.6166884286754637 0.1528900468904335 0.10422816191590947
0 0.45268787612593153 0.5995367179340534 0.15120914772027053 0.10262019780928675
0 0.47705814624715603 0.7305677575883543 0.1318671518694554 0.0942621285298145
0 0.19852889792076317 0.17819188149931536 0.11565015601864026 0.08599498746358769
0 0.10300626222384004 0.6775303034443546 0.16216995850815122 0.08267141066226813