0 0.253125 0.0359375 0.209375 0.071875
0 0.40546875 0.0125 0.1046875 0.025
0 0.465625 0.0484375 0.209375 0.096875
0 0.509375 0.05703125 0.159375 0.0921875
0 0.546875 0.1265625 0.084375 0.134375
0 0.56484375 0.178125 0.0484375 0.046875
0 0.33441487889856114 0.09540090315318102 0.11013368676785795 0.10150085779368574
0 0.40497011802414623 0.14273165848544006 0.14875051779449713 0.09283848933548207
0 0.21563304540046396 0.10309855304024147 0.14562551779449712 0.09265647881213823
0 0.14700376772013507 0.23803426613795137 0.1266208498097196 0.08531441567207594
0 0.53046875 0.2234375 0.1171875 0.06875
0 0.7805139460850359 0.13792233212061103 0.2090168557412186 0.11817168927901225
1 0.36796875 0.5625 0.2984375 0.165625
3 0.1958511501159183 0.891780163394176 0.288866181824942 0.0885289628859482