0 0.4484375 0.11328125 0.121875 0.2015625
0 0.38359375 0.07734375 0.1140625 0.1546875
0 0.41066040503012446 0.19600696515613575 0.10215460957707681 0.13101504689043358
0 0.48671875 0.26015625 0.0453125 0.1546875
0 0.3859375 0.3671875 0.128125 0.165625
0 0.377212705354436 0.24652718341254926 0.07685460064862308 0.1119331601678251
0 0.31928142856907477 0.19064311370159887 0.14282624837514693 0.2261625261445091
0 0.2830751473194867 0.12782288237293088 0.11610010714144484 0.21477474025173776
0 0.24609375 0.01953125 0.1203125 0.0390625
0 0.19609375 0.084375 0.1546875 0.16875
0 0.15103421468992684 0.07256485207923684 0.0580773271096728 0.10894987012586883
0 0.09140625 0.03125 0.0796875 0.0625
0 0.29426956614932887 0.3221648782237459 0.11301028896022584 0.1271563410815748
0 0.23225476136079043 0.25582856058738807 0.10892280681713337 0.1611761435710857
0 0.315625 0.4046875 0.10625 0.090625
0 0.11587401055001152 0.11437292116548728 0.08567622158978568 0.17033765601864026
0 0.75 0.37421875 0.10625 0.1515625
0 0.70625 0.4390625 0.0625 0.021875
0 0.696875 0.02734375 0.11875 0.0546875
0 0.56640625 0.1125 0.1140625 0.221875
0 0.52578125 0.15546875 0.0328125 0.1578125
0 0.83828125 0.49921875 0.1109375 0.0984375
0 0.715625 0.49921875 0.146875 0.0984375
0 0.58125 0.471875 0.10625 0.04375
0 0.609955247157331 0.643912591505782 0.13147964529089187 0.20189623195336798
0 0.553125 0.59609375 0.0875 0.1765625
0 0.5669104050301245 0.7256944651561358 0.10215460957707681 0.13101504689043358
0 0.6803922524323367 0.7904692054078735 0.11975121266133204 0.15575493776222676
0 0.5578125 0.90703125 0.096875 0.1859375
0 0.540625 0.775 0.0625 0.1125
0 0.528125 0.71953125 0.0375 0.2265625
0 0.7753154200476582 0.5518938027132255 0.09110801542127547 0.12393625269929238