3 0.06768756570360006 0.08690499462331651 0.08746019072219058 0.11791955417661044
3 0.11298684235816472 0.3582748804791274 0.14564405832640728 0.28282111621110373
1 0.05263291007611217 0.2306357239451521 0.10526582015222434 0.3362714478903042
1 0.31248145946808986 0.20710629445670076 0.22753072828835127 0.30223039578060834
1 0.20226290657888998 0.4532299696019259 0.20093373619701663 0.3384204528527029
0 0.5139736807991777 0.35268642989822685 0.1202673735357159 0.1958647717116217
3 0.4248633957416562 0.11919537965055786 0.12364704152049337 0.20226032092583343
3 0.5778345454376449 0.20694159036114362 0.12817803262324468 0.1603639193542569
0 0.6944782173767553 0.18732691128697704 0.11574169961943923 0.16134422249740998
0 0.830004540494729 0.24216857671229247 0.17804538144438134 0.23598465756743262
2 0.6471364188989985 0.811308066787495 0.16659854547482594 0.22297523531769164