1 0.25703125 0.2643675125290537 0.3125 0.16403774046617112
1 0.065625 0.18515625 0.13125 0.1546875
2 0.0859375 0.06171875 0.171875 0.1234375
0 0.4578125 0.22265625 0.05625 0.1109375
0 0.88203125 0.9323783802302505 0.1515625 0.094355179126093
0 0.9625 0.71171875 0.075 0.0984375
0 0.9453125 0.6359375 0.109375 0.096875
0 0.646875 0.5687152174310444 0.20625 0.13376490870767296
0 0.5359375 0.5272767402965352 0.10625 0.0833978317584982
0 0.48046875 0.9265625 0.1015625 0.09375
0 0.4796875 0.8546875 0.1 0.09375
0 0.47109375 0.53359375 0.0828125 0.0890625
0 0.46875 0.49765625 0.078125 0.0359375