3 0.4456059238940503 0.36971927351728995 0.23879196936663477 0.25767746042459266
0 0.35859375 0.48203125 0.1109375 0.0734375
3 0.52890625 0.0484375 0.1828125 0.096875
0 0.06687458593254858 0.06610411408806574 0.11073860001590834 0.12291960085908257
1 0.08359375 0.2640625 0.1671875 0.315625
2 0.08515625 0.46171875 0.1703125 0.1140625
2 0.10703125 0.5484375 0.1609375 0.059375
0 0.01171875 0.7484375 0.0234375 0.15625
1 0.17586032928868392 0.7762481552453528 0.142298777371089 0.28541295680654793
2 0.8578125 0.8328125 0.215625 0.334375
1 0.70625 0.83671875 0.134375 0.2828125