1 0.18491393558993305 0.7703646076192139 0.20489762002052547 0.31178078130301135
0 0.16474740221605408 0.9290029976377472 0.10060905405833438 0.10817957694917482
3 0.7453479624227085 0.9575521274894797 0.1678147347764936 0.08489574502104062
1 0.057492917537756316 0.7526364158792491 0.10745901775758915 0.21152283175849823
3 0.3145094902374426 0.4905729586150057 0.18933625253408284 0.32217264427970277
0 0.4232208940246306 0.38032991777816566 0.11488063231716553 0.14460815027015253
2 0.5100992461893711 0.5450496714063627 0.1419521924256241 0.23303573320977708
3 0.049178885145835974 0.2633829429210911 0.08281354176169424 0.27158731252120455
0 0.8680844630118838 0.5872322592401288 0.1058419756031114 0.20209326805616748
3 0.5955761204133089 0.06610127058805607 0.08955337939029935 0.08748513103285879
0 0.07815681625677866 0.008196935116542792 0.07506363251355733 0.013556557711881079
0 0.5718468299091513 0.9441592608845912 0.10231699980360834 0.11168147823081753