0 0.25859375 0.43515625 0.2109375 0.0671875
0 0.028125 0.1296875 0.05625 0.10625
2 0.52578125 0.1359375 0.2515625 0.23125
0 0.96796875 0.91953125 0.0640625 0.0828125
0 0.5045626966290366 0.9173794028708324 0.1661795119038567 0.1049590577372161
0 0.46484375 0.86328125 0.1296875 0.0921875
0 0.5743893832991243 0.862548418726435 0.10358860831306042 0.0856938472703419
0 0.63828125 0.9515625 0.1234375 0.096875
0 0.754367774789672 0.8020828136341723 0.18488406010845856 0.09823862087727822
0 0.618357551917035 0.8225002713996232 0.09096134328594588 0.06309080517696727
0 0.564714922330344 0.780327452927302 0.18653746369925478 0.11395462613895013
0 0.506262072896078 0.7595214002399964 0.18171360831306052 0.09024411035393447
0 0.4640625 0.69453125 0.128125 0.1265625
0 0.4498853287498106 0.6503430922910189 0.09241475897699045 0.044431810438639106
0 0.41640625 0.6078125 0.0328125 0.065625
0 0.682138771666414 0.7328770583019134 0.09895565046753826 0.09479583148532651
0 0.6191347776183423 0.6889065213996233 0.13171360831306062 0.08733194198043534
0 0.7883705909482548 0.7298137005082277 0.1285795179539809 0.08558743145709169
0 0.8491995275201465 0.6106849979338614 0.11137383723582168 0.08146137357870131
0 0.4852597473677213 0.6107954739034023 0.14564884328594588 0.06627598933548198