2 0.54609375 0.32109375 0.1671875 0.1359375
2 0.3096532977136226 0.11484375 0.2321408551898026 0.153125
0 0.2234375 0.32578125 0.209375 0.1265625
2 0.6546875 0.0828125 0.05 0.15625
1 0.8656543546006272 0.14375 0.26327268052176755 0.1328125
0 0.7 0.96953125 0.140625 0.0609375
0 0.6890625 0.87265625 0.11875 0.1203125
0 0.65234375 0.75078125 0.0453125 0.0890625
0 0.8206781978865731 0.721875 0.17402837334017515 0.1015625
0 0.7649094660369459 0.6703125 0.15207156010845857 0.0875
0 0.8867299238824682 0.6609375 0.10830337939029935 0.084375
0 0.95 0.74765625 0.1 0.0953125
0 0.9263145986486989 0.61640625 0.0941045240041051 0.0609375
0 0.8643685896717086 0.57734375 0.19438632513557322 0.109375
0 0.801764050542293 0.559375 0.18955337939029934 0.084375
0 0.66953125 0.56875 0.0796875 0.096875
0 0.65390625 0.48046875 0.0484375 0.1078125
0 0.7234375 0.4984375 0.1875 0.121875
0 0.7276902254067197 0.45 0.09712953005422928 0.04375
0 0.6671875 0.41640625 0.075 0.0546875
0 0.9640625 0.51875 0.071875 0.09375
0 0.9091038518701527 0.478125 0.13799087939029936 0.084375
0 0.7670269988216496 0.9 0.10510565651766246 0.071875
0 0.75859375 0.41328125 0.1515625 0.0484375