1 0.2278946791006641 0.2721552861123347 0.18401363912390717 0.24646331614940156
1 0.7521769472090198 0.9101538104754379 0.18476775595208467 0.1796923790491242
0 0.6153278851886348 0.6636657513507623 0.10969134629715871 0.16437501324684406
0 0.6542921962006136 0.6190452213136954 0.09561813861970414 0.09686013103285873
0 0.49570951785625417 0.5690848829317753 0.13923673466476139 0.1856696598887993
2 0.6171860440872562 0.46733638837407093 0.21399607006615665 0.274007962791357
2 0.2908595828035054 0.11380956197305032 0.17865986758448216 0.16990081614940156
3 0.03500805657250336 0.21086557813030113 0.05275293144645258 0.17485615626060227
2 0.40982555624352723 0.8933730324841376 0.2170775113999664 0.21325393503172485
0 0.975159940122478 0.8434574665891901 0.04968011975504396 0.11797123920022665
0 0.9434323797791905 0.5770958566077236 0.11313524044161909 0.17418652286549072
3 0.8782167432147361 0.37747531332381273 0.12324039406758587 0.13523315027015254
0 0.6886690160915434 0.06301596532324572 0.09296303218308673 0.08118056733052792
0 0.5914162297210828 0.31056803320192783 0.10511310694082035 0.1657738221398514