1 0.253125 0.12578125 0.225 0.2515625
3 0.4296875 0.078125 0.165625 0.15625
1 0.5078125 0.05234375 0.1625 0.1046875
0 0.5640625 0.08828125 0.05 0.1265625
3 0.2453125 0.5140625 0.121875 0.190625
3 0.35390625 0.02578125 0.2140625 0.0515625
1 0.8640625 0.54609375 0.259375 0.1265625
3 0.3578125 0.875 0.203125 0.25
0 0.86484375 0.709375 0.1546875 0.2
0 0.9640625 0.721875 0.071875 0.14375
0 0.6078125 0.7015625 0.0375 0.184375
0 0.8546875 0.92421875 0.16875 0.1515625
1 0.9421875 0.93828125 0.115625 0.1234375