2 0.35234375 0.3046875 0.2078125 0.25
2 0.47734375 0.0390625 0.1046875 0.078125
0 0.20078125 0.05625 0.1390625 0.1125
3 0.08671875 0.0484375 0.1359375 0.096875
3 0.03984375 0.11640625 0.0796875 0.2328125
1 0.07265625 0.33046875 0.1453125 0.1984375
3 0.46953125 0.29140625 0.1203125 0.2765625
0 0.91015625 0.0171875 0.1234375 0.034375
0 0.54375 0.33359375 0.028125 0.1921875
0 0.7296875 0.29296875 0.225 0.2734375
0 0.10246417498104705 0.8029250269933541 0.11709187476889085 0.16502182757475126
0 0.16391248885024295 0.8886634654577319 0.12287051332783498 0.20282221622369895
0 0.225 0.9703125 0.090625 0.059375
1 0.08125 0.628125 0.1625 0.296875