0 0.51484375 0.434375 0.0296875 0.16875
2 0.02890625 0.33046875 0.0578125 0.2796875
3 0.97109375 0.40703125 0.0578125 0.2234375
0 0.6503447072642434 0.10978212272208285 0.11110616950744615 0.14153549620027786
0 0.56953125 0.1140625 0.0796875 0.08125
2 0.7422196940173994 0.20600119966006888 0.1835268065307547 0.15883340539458352
1 0.94140625 0.0359375 0.1171875 0.071875
0 0.56796875 0.21015625 0.0765625 0.1453125
2 0.678125 0.03359375 0.146875 0.0671875
1 0.0234375 0.77890625 0.046875 0.3578125
3 0.95546875 0.67109375 0.0890625 0.3046875
0 0.834375 0.98984375 0.1125 0.0203125
1 0.7328125 0.6546875 0.234375 0.271875
3 0.6234375 0.96328125 0.1875 0.0734375