0 0.789890568957292 0.5254939143722058 0.1661354526972918 0.09192622158978576
0 0.8477563139232991 0.45961376989209296 0.07779899810013902 0.054461403408566686
0 0.17910507142583407 0.8784817357965405 0.16159342306201402 0.0980944009729349
0 0.1368065090211465 0.7737084610397741 0.17801851006798625 0.13274213636243815
0 0.08489655727378528 0.6589425775167099 0.11311955547083341 0.09568642126547414
0 0.2768106471295491 0.610261795456343 0.17769120174736122 0.11867963636243814
0 0.2171440531897227 0.5651908031669807 0.15537979065319457 0.09954780681713338
0 0.33465820829996573 0.54360040097623 0.11460932028847229 0.09258869480442442
0 0.42090613924576437 0.6225963798729116 0.13681162860909732 0.1070330243497292
0 0.4998273069894449 0.45396338230854366 0.19782186379145833 0.1112216923687925
0 0.3687597981557296 0.4976742463498473 0.10000130642076392 0.06890573295387145
0 0.3054778949453476 0.46517143790786086 0.199748039703264 0.1268739659077429
0 0.24112445421590314 0.4537896530048249 0.19295252583555564 0.1033273717519414
0 0.08543815187920178 0.4807357568998588 0.14458776101791676 0.105606892044481
0 0.06392486815986145 0.39592042613673806 0.11206620174736122 0.11753414772652385
0 0.1555311399113545 0.4029186741081432 0.20160148043270842 0.1394012394466932
0 0.1583463621759378 0.35597549026076736 0.09960126291777782 0.05171823295387146
0 0.09117639276114611 0.3243221156661568 0.08750130642076392 0.0686875446422687
0 0.41096352232017397 0.39689695048976265 0.10857752583555555 0.10185460064862309
0 0.33752536910979203 0.36457142005095344 0.14284342306201392 0.09776711850553062
0 0.5167771112260073 0.37629234984113946 0.13964568787965276 0.09458757142762994
0 0.5497324687492016 0.24754005844528168 0.12071384992375016 0.08644778896022584
0 0.24269348631972285 0.7898362471606262 0.10810474715020837 0.08154210064862326
0 0.18463545203170165 0.3101857033291364 0.15167290919430565 0.07449325973923263