1 0.36659892752350676 0.8561467186107754 0.39394915309764633 0.2169544267186339
1 0.6996637330414307 0.8772559132320501 0.29124023292582957 0.19389764003818008
1 0.798993020692215 0.08781516295354759 0.24847952283992142 0.17563032590709518
1 0.6352171257351691 0.08083599391314036 0.2702792797373263 0.15149196403563475
3 0.45984863353708516 0.08990355327023017 0.13344102103089917 0.13272268801718104
2 0.8774434107880207 0.434830961211051 0.21137567051050077 0.2491840293602714
1 0.8706522574632318 0.22175879654682368 0.18161292740790563 0.21760676535645346
3 0.6444527691103351 0.5601235045751405 0.24706750904511168 0.24491470003181667
3 0.8985859119196744 0.835902565205324 0.11995837516934209 0.11382723734881743
0 0.7514463975590376 0.5744939925605049 0.14685506784239574 0.09071700135263541
0 0.1017097484181203 0.47274606198281893 0.16748847241038015 0.12687267735518085