1 0.315625 0.20078125 0.328125 0.2078125
3 0.32421875 0.0203125 0.2953125 0.040625
1 0.0609375 0.275 0.121875 0.14375
2 0.95703125 0.26875 0.0859375 0.21875
0 0.9171875 0.7171875 0.165625 0.115625
0 0.9453125 0.65703125 0.109375 0.0953125
0 0.848989510149565 0.6739117481542987 0.10925799756436802 0.0897214389258032
0 0.7840036639651687 0.7756232449150963 0.12981595941492116 0.10508562307124443
0 0.66484375 0.6515625 0.1921875 0.084375
0 0.803125 0.64140625 0.096875 0.0640625
0 0.85625 0.6296875 0.19375 0.040625
0 0.9734375 0.8765625 0.053125 0.08125