3 0.0828125 0.4015625 0.165625 0.25
3 0.4859375 0.20234375 0.065625 0.3578125
1 0.60078125 0.1484375 0.1640625 0.259375
0 0.975 0.20390625 0.05 0.1890625
0 0.09140625 0.57265625 0.1296875 0.0671875
0 0.24406240736254486 0.6677182018219477 0.11937935442427942 0.18512402286549073
0 0.296875 0.61328125 0.1 0.1484375
0 0.30584962386409875 0.7310788081752173 0.09593754631872749 0.11722719473518968
0 0.21445618238393543 0.8177281255057451 0.10945639081820957 0.13953870435383653
0 0.37890625 0.90234375 0.1140625 0.1953125
0 0.3509052586864524 0.7685043971052916 0.07020980024766903 0.10072917549789598
0 0.3914254048813454 0.702351118249351 0.12970042431665546 0.20576390507947587
0 0.41015625 0.63671875 0.1015625 0.1953125
0 0.4609375 0.5953125 0.115625 0.1125
0 0.5078125 0.571875 0.021875 0.065625
0 0.44846730934840623 0.8173560701561169 0.10509422249741007 0.11286707694917482
0 0.48046875 0.740625 0.0765625 0.146875
0 0.4578125 0.92734375 0.096875 0.1453125
0 0.062016194789932255 0.6241567186969887 0.08470894789030411 0.11059524881887368
0 0.796875 0.91875 0.09375 0.1625
0 0.85859375 0.9734375 0.0546875 0.053125
0 0.7421875 0.57109375 0.109375 0.0640625
0 0.90703125 0.63203125 0.1140625 0.1859375
0 0.96171875 0.56484375 0.0765625 0.0515625
0 0.96875 0.64453125 0.0625 0.1453125