0 0.9348971043890624 0.13827541780880184 0.09466180262104196 0.17871580517696728
0 0.8890956015392707 0.05581225732781041 0.05657861474138883 0.0844351841585147
0 0.7921875 0.5765625 0.096875 0.084375
0 0.9012409644777077 0.5423335862528882 0.11104921561506949 0.14534186305535748
0 0.7606549449104162 0.39802360217907806 0.11570165444465293 0.21114887357870132
0 0.7580176413394438 0.544944104809914 0.07111389342673605 0.10556673151356151
0 0.7015625 0.55234375 0.13125 0.1328125
0 0.66953125 0.58515625 0.1078125 0.0671875
0 0.6730809033072912 0.46333081278712634 0.10570709897381958 0.11694384727034209
0 0.6145585820688884 0.5240716207361038 0.10185605357097227 0.15260833148532651
0 0.6889988036678816 0.350823107511337 0.0986583183886113 0.14930132096198284
0 0.5727938818401386 0.2681709602551125 0.09197190729444457 0.13018729991529554
0 0.50625 0.5953125 0.075 0.046875
1 0.0671875 0.9125 0.134375 0.175
0 0.15859375 0.66640625 0.1078125 0.0953125
0 0.03671875 0.753125 0.0734375 0.209375
0 0.4171875 0.68515625 0.103125 0.1328125