1 0.94375 0.25859375 0.1125 0.3140625
1 0.753125 0.50234375 0.25 0.0953125
1 0.8671875 0.42734375 0.196875 0.2453125
0 0.534375 0.48828125 0.06875 0.1234375
3 0.860506968565193 0.227273479030361 0.19540318973237766 0.34318500539858476
1 0.0515625 0.7578125 0.103125 0.309375
0 0.9671875 0.7890625 0.065625 0.31875
3 0.9046875 0.89765625 0.178125 0.2046875
1 0.79296875 0.88515625 0.2890625 0.2296875
0 0.6697901153312611 0.8109049630583215 0.1883409622336149 0.29751730788809566
0 0.59609375 0.68515625 0.1921875 0.2703125
1 0.8375 0.59765625 0.196875 0.0953125