3 0.18671875 0.359375 0.2265625 0.1
3 0.31796875 0.315625 0.1359375 0.1875
0 0.20546875 0.28538296794540896 0.1453125 0.1809210306460784
1 0.30859375 0.4734375 0.2328125 0.128125
0 0.23671875 0.6445258631927735 0.1265625 0.1754695266917457
3 0.2125 0.88125 0.2125 0.2375
2 0.45234375 0.9359375 0.1953125 0.128125
0 0.9765625 0.52734375 0.046875 0.1453125
0 0.69296875 0.5194887821289532 0.1296875 0.20215936068413445
2 0.8921875 0.4921875 0.215625 0.165625
3 0.7796875 0.6222410504177419 0.096875 0.21957235376405232