0 0.1890625 0.60234375 0.121875 0.0953125
1 0.11328125 0.29765625 0.2265625 0.2109375
3 0.5594935124083726 0.3469465785171792 0.21986402179152656 0.15609219028743926
3 0.6586408426139879 0.46618466033306377 0.14966078243518838 0.1556088054894186
3 0.86875 0.2203125 0.2625 0.13125
2 0.91640625 0.36328125 0.1671875 0.2828125
1 0.95078125 0.60078125 0.0984375 0.0984375
0 0.9 0.06875 0.2 0.134375
3 0.09609375 0.9609375 0.1921875 0.078125
0 0.30390625 0.85703125 0.1078125 0.0953125
1 0.284375 0.9140625 0.06875 0.10625