1 0.26953125 0.08671875 0.3609375 0.1734375
0 0.02578125 0.15390625 0.0515625 0.1109375
1 0.77109375 0.1078125 0.4546875 0.215625
2 0.91640625 0.28984375 0.1671875 0.1765625
3 0.5578125 0.33671875 0.096875 0.1390625
1 0.6453125 0.02578125 0.2125 0.0515625
1 0.39921875 0.94921875 0.1484375 0.1015625
1 0.267440800541083 0.8153461814055303 0.3507723631835546 0.2254101079202769
3 0.075 0.803125 0.15 0.16875
0 0.40920341813565153 0.5081780551384889 0.11108134215265544 0.0928056444174139
2 0.34921875 0.44921875 0.3203125 0.0796875
1 0.19921875 0.45859375 0.3703125 0.0984375
0 0.01796875 0.65078125 0.0359375 0.0921875