0 0.41015625 0.0421875 0.1859375 0.084375
0 0.5171875 0.2890625 0.084375 0.115625
0 0.40256195730969113 0.5094825598739418 0.20216555674305994 0.13968266823232475
0 0.33585417893816116 0.4416433415145599 0.22132473370266403 0.15483723137238706
3 0.18671875 0.10390625 0.2765625 0.2078125
3 0.24615987846330753 0.25391655738428015 0.3582169799417404 0.19556718913783797
0 0.03046875 0.3890625 0.0609375 0.08125
0 0.62265625 0.52890625 0.1265625 0.0984375
0 0.9203344790173034 0.5355984678652715 0.11142088479802066 0.07668286831702957
1 0.525 0.93984375 0.06875 0.1203125
3 0.9828125 0.8984375 0.034375 0.06875
0 0.93359375 0.9296875 0.1328125 0.11875
1 0.71953125 0.89609375 0.3203125 0.2078125