1 0.9113814109851077 0.22447739824444496 0.16283236061443845 0.15294153142885678
3 0.7400644277753307 0.3747944586124969 0.4114335517214315 0.17209886803468075
0 0.9128248267795387 0.4957153614127421 0.14052085099579195 0.13916745776545092
2 0.691086236035366 0.5047318585701446 0.18434526206571747 0.18849959983059072
0 0.9198585328626556 0.6738480666885314 0.07142362141421188 0.08056673151356133
1 0.9471427738769812 0.5623267377634535 0.063105179126093 0.15492969468185827
1 0.09564479438021915 0.7874706369446425 0.1912895887604383 0.20630872611071513
1 0.12729164238078614 0.45784405012705687 0.25458328476157227 0.2249368997458862
0 0.24675336035998469 0.8151875713149186 0.15538195916315994 0.11820251038216938
0 0.12654255328107583 0.7746297317253228 0.10865080290255769 0.07493835779368574
0 0.2569270347615723 0.34523909236160605 0.1965525961864685 0.13619364718563745
0 0.9836433021847675 0.3208448930533603 0.009141876223535305 0.08317652104668731
0 0.8941318134478768 0.9193803745669218 0.04053571996293322 0.044462631541796326