3 0.11640625 0.32578125 0.2328125 0.1859375
0 0.13125 0.02734375 0.178125 0.0546875
1 0.6330710514435062 0.25853769740679294 0.3446890533834914 0.2745527236249547
0 0.7550243058921304 0.2873914875046154 0.12199701680591399 0.08729734577334831
3 0.66875 0.04375 0.20625 0.0875
3 0.53125 0.06328125 0.14375 0.1265625
1 0.51328125 0.1734375 0.1078125 0.2375
1 0.2724970128887623 0.8670019509505373 0.24992038144438133 0.24354495064599532
3 0.66484375 0.92578125 0.4109375 0.1484375
0 0.5296875 0.87109375 0.140625 0.1109375
2 0.55234375 0.7390625 0.1859375 0.15
0 0.9390625 0.91171875 0.121875 0.1078125
2 0.8243871181356894 0.9098834585086764 0.20729252965749528 0.1535417119047624
0 0.9109375 0.78984375 0.178125 0.1203125
0 0.91796875 0.66171875 0.1640625 0.1296875
1 0.66796875 0.5046875 0.2328125 0.171875
0 0.6296543023949083 0.5864996159745305 0.1796476907221905 0.12527700956072393
0 0.5573641028126501 0.8203053146179411 0.14058519072219067 0.12277377081949101
1 0.859375 0.4640625 0.28125 0.090625