2 0.559375 0.2765625 0.059375 0.228125
1 0.1796875 0.08203125 0.334375 0.1640625
1 0.13046875 0.28046875 0.2609375 0.2515625
0 0.3109314792330046 0.4044158043035894 0.1826681440165446 0.1345492346647612
3 0.51328125 0.82734375 0.1515625 0.2453125
0 0.40625 0.640625 0.1125 0.04375
3 0.07265625 0.86484375 0.1453125 0.2484375
3 0.48125 0.9375 0.215625 0.125
0 0.4203125 0.68984375 0.234375 0.1421875
0 0.95390625 0.95390625 0.0921875 0.0921875
0 0.7709001092855022 0.9077203928070781 0.1827045066836356 0.1376742346647612