0 0.071875 0.05 0.14375 0.1
0 0.934375 0.57578125 0.13125 0.0265625
2 0.9015625 0.26640625 0.196875 0.2453125
1 0.93671875 0.1890625 0.1265625 0.215625
1 0.5 0.86875 0.078125 0.196875
0 0.4614225893936791 0.9022958953217266 0.09923747867599957 0.07276102076024671
0 0.48828125 0.84765625 0.1015625 0.0734375
0 0.04453125 0.721875 0.0890625 0.06875
3 0.075 0.77578125 0.15 0.1734375
0 0.06328125 0.97890625 0.1265625 0.0421875
0 0.9140625 0.73203125 0.171875 0.0890625
0 0.8369402100572702 0.8091308967674203 0.19326019867918118 0.1000185405319101
2 0.6859375 0.69765625 0.29375 0.1578125
1 0.60390625 0.80234375 0.1296875 0.1421875
1 0.575 0.96171875 0.071875 0.0765625