0 0.04375 0.1921875 0.0875 0.146875
3 0.434375 0.37578125 0.090625 0.1078125
3 0.829602066756814 0.28082273385118095 0.2582499466899989 0.1778392849536113
1 0.584375 0.28828125 0.209375 0.2296875
1 0.6717612000715876 0.1404672247331252 0.24598630402608973 0.19786084422416686
0 0.7953125 0.01484375 0.1125 0.0296875
0 0.446875 0.953125 0.065625 0.09375
3 0.6921875 0.9609375 0.1625 0.078125
0 0.83828125 0.9734375 0.1578125 0.053125
0 0.7323061593729981 0.5508650897588547 0.16853291868236298 0.11951633225631957
0 0.8380049127545869 0.9086977331855909 0.2188420013526354 0.14724259517409735