0 0.42725442654377516 0.26410887910713177 0.07621940097293471 0.1653696506088231
0 0.4877612784102143 0.2041118678972441 0.04656708279171564 0.07557382697140155
0 0.14086772403200826 0.8940045757634536 0.08392280681713334 0.1597573793969957
0 0.0010680275994354043 0.6684789330305382 0.0021360551988708087 0.1494578660610763
0 0.24976543710037732 0.9217949293221054 0.11692622158978574 0.1564101413557893
0 0.36943700893504433 0.9608731469003903 0.08773755357072241 0.07825370619921941
0 0.39629733807331197 0.7826357385002483 0.10135576866768634 0.17522288273097572
0 0.44770015097952526 0.8408147713810052 0.08693871266133187 0.15376247091226497
0 0.45681782670922627 0.7218574772903606 0.0815148271096728 0.11119233363936125
0 0.3706405933483177 0.6389336648628265 0.09439665665497757 0.13408769970043757
0 0.5301849630716643 0.5525970363839147 0.09236259821299111 0.19633260818516868
0 0.4997008019524599 0.6854574627464931 0.05944891233702041 0.09846919303247788
0 0.538508157472347 0.7480848795661738 0.10798759821299111 0.19760806576151388
0 0.5553996026838085 0.811270405778971 0.08446827759614024 0.1910073793969958
0 0.5463813384803491 0.9488431978885157 0.09299779788867965 0.10231360422296873
0 0.6335676927824202 0.9658312625870135 0.10517051542127547 0.06833747482597304
0 0.6157410389668164 0.895214713205535 0.12048759821299111 0.1986284318225902
0 0.6627796802005184 0.8896660859345712 0.0422886858759707 0.09862868969849785
0 0.7007376018730296 0.9561359798754345 0.06391822402541755 0.08635183030538159
0 0.5944053758157218 0.6384227082045651 0.09234323295387145 0.10583515394280311
0 0.6353928401019069 0.7106164436606976 0.0835955243497292 0.1410073793969957
0 0.6048673632338202 0.5320929598715551 0.08197847727182861 0.13775483363936125
0 0.7283827297107559 0.4928865518458661 0.07696369480442442 0.11862219636645754
0 0.22186435390162457 0.8255094094028148 0.07205800649282175 0.10573955909355419
0 0.7047450377490005 0.8610147985118862 0.061938712661331864 0.15172173879011233