2 0.90234375 0.2921875 0.1953125 0.19375
3 0.275 0.4671875 0.228125 0.15625
1 0.94765625 0.6171875 0.1046875 0.175
1 0.803125 0.83125 0.353125 0.1328125
0 0.7359375 0.3375 0.18125 0.0875
3 0.1296875 0.40234375 0.128125 0.1359375
2 0.7265625 0.2078125 0.2125 0.171875
0 0.80859375 0.6171875 0.16875 0.0921875
0 0.63046875 0.6578125 0.15 0.0875
0 0.34921875 0.0671875 0.140625 0.053125
0 0.94140625 0.88359375 0.1171875 0.0546875
3 0.38046875 0.84609375 0.090625 0.1296875
0 0.06953125 0.2875 0.1390625 0.05625
0 0.61015625 0.30546875 0.1625 0.084375
3 0.82109375 0.40703125 0.31875 0.05625
0 0.5578125 0.88671875 0.278125 0.14375