0 0.09453125 0.2796875 0.1890625 0.134375
0 0.05 0.3828125 0.1 0.08125
0 0.1296875 0.021875 0.21875 0.04375
0 0.4671875 0.03046875 0.065625 0.0609375
0 0.27381542428898686 0.6387561634989722 0.14521925684847722 0.0869163626613009
1 0.09765625 0.915625 0.1953125 0.16875
2 0.87890625 0.8015625 0.2421875 0.303125
3 0.7 0.6171875 0.234375 0.096875
3 0.7364408657761914 0.8455672376055293 0.24971842531467203 0.15036605041774198
0 0.8032596676410023 0.7448868052862957 0.17706125269929238 0.09600220258518863
1 0.81875 0.92265625 0.3125 0.1546875