0 0.01328125 0.4171875 0.0265625 0.153125
0 0.6206761266242139 0.3831267426599883 0.119988732262828 0.17008168973360735
3 0.5833251233850113 0.31815831726083693 0.1796431369509051 0.2254987015966055
0 0.4549021298634163 0.43981845855386875 0.16564119370616517 0.2015518656270503
3 0.82109375 0.053125 0.1890625 0.10625
3 0.97421875 0.3859375 0.0515625 0.21875
1 0.8765625 0.253125 0.246875 0.29375
1 0.06015625 0.86328125 0.1203125 0.2734375
3 0.07109375 0.62890625 0.1296875 0.1578125
3 0.38301663788298085 0.8380583458925679 0.28474974398302033 0.3092608893530464
2 0.775 0.596875 0.13125 0.09375
2 0.80625 0.703125 0.19375 0.253125