0 0.81171875 0.04375 0.1671875 0.0875
0 0.8898160947043697 0.07171833996896533 0.0774015620344933 0.05768469636645772
0 0.47265625 0.10078125 0.0671875 0.1140625
0 0.5760340386657326 0.22123894740522781 0.19720894789030421 0.12350062818904775
0 0.4640625 0.2359375 0.05 0.075
0 0.46640625 0.29140625 0.0546875 0.1390625
0 0.5165370682352372 0.3076545505894265 0.1109075748547749 0.10867311151914834
0 0.48671875 0.3671875 0.0953125 0.10625
0 0.6212780721641785 0.28342021194909534 0.1402312018192456 0.10328398091420468
0 0.7004818827509298 0.38439303846145495 0.12275260339082213 0.09563097758022465
0 0.06796875 0.7015625 0.1359375 0.084375
0 0.05078125 0.7953125 0.1015625 0.10625
0 0.23838418134596892 0.7595990431725607 0.17875004631872757 0.12822007909743344
0 0.2014150283266503 0.8245702099922413 0.15770980024766904 0.11093698424818435
0 0.31613034573782706 0.7956005739272858 0.11515842721213972 0.09968074879205205
0 0.36328125 0.70234375 0.1359375 0.0859375
0 0.36527847518349715 0.8237416783194323 0.09844180810555195 0.07496779121570665
0 0.31924253721799045 0.879258096806103 0.20106169396136267 0.139380719704317
0 0.2659741420565547 0.9141909483233117 0.1921575748547749 0.11530549091614439
0 0.11328125 0.94765625 0.1453125 0.1046875
0 0.20625 0.959375 0.203125 0.08125
0 0.4125 0.89453125 0.053125 0.1078125
0 0.37734375 0.95078125 0.1234375 0.0984375
1 0.5390625 0.86640625 0.2 0.1953125