0 0.025 0.315625 0.05 0.178125
0 0.10703125 0.340625 0.1484375 0.15625
0 0.23046875 0.3859375 0.1078125 0.065625
0 0.2912000660472739 0.20769808279501092 0.13532504922121244 0.19601370373287813
0 0.33692409151581 0.27327248985702557 0.11589308762187223 0.17224892126547395
0 0.3664561303121811 0.143916226464345 0.1083246285298145 0.1268273271096728
0 0.284375 0.0625 0.121875 0.125
0 0.4734375 0.03515625 0.13125 0.0703125
0 0.4198455547645028 0.1070650629095086 0.07969952335696498 0.1091489034085665
0 0.45217466996648215 0.17677754505260115 0.14538201082055266 0.21961484496658024
0 0.46030776722177286 0.24613151704942382 0.12010922618081654 0.20980346834337488
0 0.421875 0.37734375 0.121875 0.0828125
0 0.51484375 0.39765625 0.1296875 0.0421875
0 0.51015625 0.3234375 0.1609375 0.190625
0 0.563898116984346 0.33568316640080076 0.06094952335696498 0.10882162094116268
0 0.59375 0.3890625 0.08125 0.059375
0 0.53046875 0.059375 0.1140625 0.11875
0 0.5633538623654925 0.13969851055660207 0.11075094655564541 0.15654210064862326
0 0.09330212364826358 0.24629079870275383 0.09408027210332373 0.12033186525911965
0 0.6147164709035543 0.30668541315438985 0.09080215940862679 0.1686875446422686
3 0.9296875 0.07109375 0.140625 0.1421875
3 0.90390625 0.06875 0.0890625 0.1375
0 0.94453125 0.35 0.1109375 0.1375
2 0.3359375 0.54375 0.246875 0.25
2 0.8125 0.4875 0.09375 0.1375
0 0.6419779336900288 0.6678371473260774 0.10380226458147632 0.18609323295387137
0 0.88359375 0.89296875 0.0484375 0.1203125
0 0.8984375 0.94765625 0.078125 0.1046875
0 0.89765625 0.77734375 0.0765625 0.1546875
0 0.98515625 0.740625 0.0296875 0.134375