2 0.1125 0.50546875 0.225 0.1078125
1 0.44765625 0.471875 0.2046875 0.175
1 0.80139324513876 0.2478497786200869 0.31656778154634874 0.22008123735195273
1 0.8135546511770823 0.38699478899304907 0.21485479534115867 0.15012208963168217
2 0.89296875 0.50625 0.1890625 0.10625
2 0.9234375 0.17578125 0.153125 0.2359375
0 0.12265625 0.8296875 0.2453125 0.13125
3 0.44765625 0.64765625 0.2046875 0.1171875
2 0.590625 0.70390625 0.08125 0.1953125
0 0.7297971268668227 0.7260214001958483 0.08172139077317446 0.10423905933798813
1 0.6 0.84609375 0.1 0.1703125