1 0.0828125 0.28125 0.165625 0.38125
1 0.51875 0.45 0.08125 0.1375
1 0.3821453226880055 0.11688466737172157 0.20336808057737182 0.19970434110137864
3 0.389223668789656 0.31786801316467717 0.23196928493120836 0.30457751139996636
1 0.10859375 0.01875 0.2109375 0.0375
0 0.04765625 0.06015625 0.0953125 0.1203125
3 0.0734375 0.44921875 0.146875 0.1390625
1 0.228125 0.328125 0.215625 0.38125
0 0.15155002088175618 0.6796917619041695 0.15845737386128267 0.25267652179152655
0 0.54296875 0.62578125 0.0328125 0.1734375
1 0.50625 0.79296875 0.10625 0.2984375
1 0.95078125 0.86640625 0.0984375 0.2671875