1 0.078125 0.0859375 0.15625 0.171875
1 0.29609375 0.43515625 0.2203125 0.2078125
1 0.35 0.13125 0.25 0.2625
1 0.5328125 0.18671875 0.19375 0.3734375
3 0.0703125 0.496875 0.13125 0.084375
0 0.240625 0.0546875 0.15625 0.109375
0 0.5798009667409056 0.3150716781909712 0.09514996268299925 0.12577281570031093
0 0.60625 0.39921875 0.046875 0.1234375
0 0.046875 0.13515625 0.09375 0.1265625
1 0.65859375 0.23515625 0.0578125 0.3140625
1 0.55859375 0.74921875 0.1421875 0.3203125
2 0.42038741470399826 0.7977344468185842 0.19611466804581604 0.34869364718563745
1 0.85078125 0.76953125 0.2984375 0.4609375
0 0.7352633627864036 0.9185566390813682 0.05932155068427196 0.13305469468185827