0 0.01953125 0.24609375 0.0390625 0.0859375
0 0.42734375 0.20546875 0.0453125 0.1109375
0 0.40546875 0.15234375 0.0890625 0.0921875
0 0.3543560714114964 0.25386345640010466 0.13555678668045382 0.10469011284152785
0 0.2268385040579064 0.10171711531006977 0.19961928668045384 0.10618118407993075
0 0.37068850139240633 0.11365668369868107 0.0991829346753633 0.06635365824437507
0 0.38671875 0.06484375 0.1265625 0.1203125
0 0.41875 0.04296875 0.0625 0.0859375
0 0.2984375 0.03671875 0.109375 0.0734375
0 0.1859375 0.03671875 0.140625 0.0734375
1 0.7058714760502705 0.3771522199834726 0.2698237933640895 0.23278135809187522
1 0.736101132001909 0.02170230698944483 0.26282726400381795 0.03423475531833355
0 0.38359375 0.89375 0.1328125 0.15625
1 0.20625 0.80703125 0.4125 0.1859375
0 0.9875 0.88828125 0.025 0.0953125
0 0.8240776780712695 0.8876416571975353 0.1809420120146356 0.11199477298576391
0 0.8710157653962245 0.8270321187285423 0.1573045173456359 0.09426175911805572
0 0.7469151940642698 0.8342971452296881 0.11353633601209037 0.09168096656499998
0 0.6824810714114964 0.9351134564001047 0.13555678668045382 0.10469011284152785
0 0.5549635040579064 0.7829671153100698 0.19961928668045384 0.10618118407993078
0 0.6988135013924064 0.7949066836986811 0.0991829346753633 0.06635365824437507
0 0.7537095393857248 0.7469789831855909 0.20134541868236297 0.12028005167111129
0 0.8143288660486796 0.7210535692416326 0.19480451734563572 0.09513458130638908
0 0.95234375 0.7078125 0.0953125 0.103125
0 0.959375 0.6359375 0.08125 0.071875
0 0.8859375 0.65703125 0.203125 0.1140625
0 0.86875 0.61171875 0.1 0.0234375
0 0.6274737560470888 0.704988892095556 0.10895792401336309 0.10094686379145842
0 0.6924805907065437 0.6533913309251395 0.14322383601209038 0.09237195079743063
0 0.5171875 0.70859375 0.134375 0.0921875