3 0.41796875 0.09375 0.0828125 0.159375
0 0.0421875 0.04453125 0.084375 0.0890625
1 0.13203125 0.2546875 0.2640625 0.23125
0 0.0375 0.3421875 0.075 0.103125
3 0.26397513229388975 0.19437342952738038 0.23754202283992143 0.19830918061464226
3 0.1919861883776406 0.42506519119631003 0.1945489393936933 0.12012053667377884
0 0.348904573723748 0.4589305239175873 0.1824583751693421 0.12691267061270253
1 0.3328125 0.5546875 0.253125 0.190625
0 0.7488060764372815 0.31688667406736853 0.27947721732199754 0.2266253703131401
1 0.8984375 0.27421875 0.203125 0.2453125
1 0.9734375 0.58515625 0.053125 0.1296875
0 0.24140625 0.69140625 0.1328125 0.0828125
0 0.3703125 0.67890625 0.178125 0.0578125
2 0.9671875 0.74453125 0.065625 0.1890625
0 0.8828480472657819 0.9019157651235957 0.1690642605154496 0.07914485030926066
0 0.628412852783706 0.9475781778603904 0.15055992198083884 0.08230180121764619
0 0.74921875 0.684375 0.1453125 0.06875