0 0.3375 0.246875 0.103125 0.278125
1 0.18203125 0.3703125 0.1859375 0.11875
1 0.465625 0.37890625 0.153125 0.1015625
0 0.80234375 0.01796875 0.1859375 0.0359375
0 0.46797836574289675 0.2976129860359529 0.10027278763096836 0.11669769867918127
3 0.50859375 0.015625 0.1609375 0.03125
1 0.0390625 0.7796875 0.078125 0.35625
3 0.353125 0.83828125 0.071875 0.3234375
1 0.86328125 0.609375 0.2640625 0.359375
0 0.4375 0.9265625 0.096875 0.146875
0 0.41328125 0.76796875 0.0484375 0.1453125
2 0.62734375 0.53515625 0.2015625 0.2109375