1 0.46718423394809017 0.1393234363658276 0.1705709924005557 0.222146557737216
2 0.2234375 0.2859375 0.178125 0.128125
3 0.81953125 0.2796875 0.2546875 0.140625
1 0.11953125 0.81875 0.1609375 0.3625
0 0.11092639542350646 0.614931110142173 0.13187086189159736 0.1683999314570915
1 0.04140625 0.7828125 0.0828125 0.365625
3 0.2764773538203814 0.6949811731410609 0.2282055737069449 0.4189907366340588
2 0.376661804617812 0.5584359993647154 0.18528810904180587 0.25109060509226266
0 0.7362979098598956 0.510149688784902 0.084450348023889 0.14223227360693613
0 0.8665958203853815 0.8948116570736966 0.051019598973819316 0.1137586631118273
1 0.66015625 0.8640625 0.0609375 0.271875
0 0.6671875 0.47578125 0.075 0.1765625