0 0.50859375 0.05390625 0.0421875 0.1078125
0 0.38203125 0.425 0.0984375 0.090625
3 0.3 0.89375 0.203125 0.2125
3 0.8117128711065623 0.487147268766308 0.1669355397032639 0.13490986758448215
0 0.76171875 0.43203125 0.0765625 0.1046875
1 0.69140625 0.46484375 0.1171875 0.1703125
1 0.625 0.8453125 0.190625 0.309375
0 0.5453125 0.5609375 0.03125 0.20625
3 0.8818584508943399 0.6569573881923756 0.12369468597979179 0.15372556956195355
1 0.55703125 0.78203125 0.0546875 0.1921875
3 0.58359375 0.45234375 0.1078125 0.1453125