3 0.5207289999294129 0.11032939273020341 0.342201452503779 0.1577567777436113
1 0.1100707629424181 0.2333366599070276 0.20175846302712275 0.15104831981405514
0 0.32608768899666357 0.5223220222957297 0.1930359104104043 0.13487701659574647
0 0.8508895388978415 0.6625028059914257 0.17926183674699842 0.11212793144645268
1 0.6010176124906602 0.7407324407527319 0.27656104195220055 0.17962107006615682
0 0.7573417491529539 0.9399561806132735 0.14481124203690499 0.08170845792955603
2 0.4089350702561111 0.8626845783640299 0.232826452503779 0.15010853268729002
0 0.1708428070313443 0.916061678596461 0.18376732622365463 0.10933071337743776
3 0.6667504863517102 0.560148712292157 0.11004139988706037 0.12596120248167447
0 0.9038640785015548 0.5300452210942334 0.1550962946536238 0.09798902179152655
0 0.8097269416274994 0.5569194415090367 0.22731990514873246 0.13571825075630456