0 0.48745145147326835 0.14974658467813143 0.11848719209011431 0.1836731115191484
0 0.5648223346450909 0.08750193406930826 0.06840007475773362 0.08947683030538141
0 0.045854541314139206 0.8000162333301006 0.09170908262827841 0.1794957945496865
0 0.13392979759520007 0.8396530760533176 0.16133025595208475 0.196491846975281
0 0.24680150217056154 0.8918058942307274 0.11433528763096837 0.12429811151914834
0 0.32295908262827844 0.6913915639253461 0.14603303788306993 0.1999038893989354
0 0.3621201355944855 0.7534452827115791 0.1256441282281439 0.17493584030732096
0 0.40189246580010085 0.6290193675588883 0.11164733020561535 0.13029302000387943
0 0.3327761150634667 0.5398928368041633 0.1290205005042031 0.15656847758022466
0 0.5205599743500756 0.4538762331609226 0.1426566656070108 0.21827125212603188
0 0.4556948089951664 0.5927791075569487 0.08388296312533612 0.11093724212409235
0 0.4797389603522193 0.6599507610407098 0.15860944753799586 0.22423420970237729
0 0.48212663299659547 0.7257830551313544 0.13284462303236388 0.21125597758022466
0 0.43130218830859113 0.8860667219510351 0.1305830005042031 0.15669602333785945
0 0.516436658975496 0.9016441824023183 0.13522694183801284 0.11202125212603206
0 0.5224459943768914 0.8157066824023183 0.1728904688253195 0.22850712152108804
0 0.5724459943768914 0.8116252181580131 0.06658620248167449 0.10797173879011232
0 0.5946544941247899 0.8828306673994089 0.08635239926336577 0.10181733363936125
0 0.5653483144430481 0.546542223158983 0.12080380891829172 0.1279332945496865
0 0.5895181519381305 0.6230251037639268 0.11997328243518837 0.16049070303441743
0 0.6034653094993695 0.43468008088510957 0.11830152179152656 0.15880065727678297
0 0.7412056101197881 0.397802349970905 0.10750613342392405 0.13772288273097572
0 0.13220304265152152 0.7310433505991248 0.10038204827463013 0.12471269970043757
0 0.6233582843536484 0.7833887767925253 0.09864458565349707 0.16651756242753385