0 0.5515625 0.015625 0.125 0.03125
0 0.52578125 0.09140625 0.0734375 0.0921875
0 0.70625 0.08658230762706305 0.1671875 0.10427581614940155
0 0.66015625 0.14522318684582328 0.146875 0.08950398801910034
0 0.77734375 0.13409965917100913 0.1046875 0.0849057680561673
0 0.840625 0.0421875 0.125 0.084375
0 0.93203125 0.1734375 0.1359375 0.096875
0 0.82109375 0.16929062550574514 0.090625 0.0625396947351895
0 0.76796875 0.21723954138499427 0.1875 0.11279764427970278
0 0.71015625 0.24425839837123595 0.1828125 0.08919645317271012
0 0.55546875 0.26015625 0.1328125 0.0984375
0 0.54765625 0.35 0.1171875 0.109375
0 0.63984375 0.3162450149761245 0.1875 0.12529764427970277
0 0.6546875 0.3602579098039813 0.0921875 0.04384425843752045
0 0.59765625 0.40834323493905755 0.08125 0.06377481252120454
0 0.8859375 0.25218248185901465 0.1 0.09411707694917482
0 0.8234375 0.3028025299522489 0.1328125 0.08745041469812272
0 0.96328125 0.2421875 0.0734375 0.084375
0 0.69140625 0.39569441279920614 0.1453125 0.06444942431676956
0 0.1421875 0.9890625 0.140625 0.021875
1 0.08828125 0.92109375 0.1765625 0.1578125
2 0.3578125 0.97421875 0.225 0.0515625
3 0.553125 0.61484375 0.128125 0.1296875
1 0.81484375 0.6756993382122841 0.3625 0.16578377894075852
0 0.82265625 0.7769890197006298 0.159375 0.11025299763774736
0 0.96328125 0.8359375 0.0734375 0.09375
0 0.74375 0.953125 0.1625 0.09375
3 0.51640625 0.796875 0.0546875 0.096875