3 0.85 0.053125 0.278125 0.10625
3 0.92421875 0.31484375 0.1515625 0.1734375
0 0.7265625 0.59375 0.109375 0.090625
0 0.64140625 0.553125 0.2109375 0.171875
0 0.51796875 0.284375 0.0578125 0.134375
1 0.54453125 0.12578125 0.1109375 0.2515625
3 0.57734375 0.45859375 0.1765625 0.2765625
0 0.4418990869878169 0.7648066769334763 0.08713665946843889 0.14335318511654266
0 0.0453125 0.959375 0.090625 0.08125
0 0.9609375 0.8015625 0.078125 0.184375
0 0.9091864304448134 0.7354564165970393 0.06478199568106327 0.08644842068857254