0 0.3427098695566212 0.2270354569139797 0.2440779394913882 0.36712061850068467
1 0.03984375 0.4125 0.0796875 0.19375
1 0.8125 0.12421875 0.171875 0.2484375
1 0.90703125 0.05546875 0.1859375 0.1109375
0 0.5328125 0.3640625 0.10625 0.1875
3 0.9359375 0.16171875 0.128125 0.2515625
2 0.40625 0.96953125 0.1375 0.0609375
0 0.44921875 0.678125 0.0609375 0.16875
1 0.70078125 0.89765625 0.1765625 0.2046875
3 0.9609375 0.80390625 0.078125 0.3140625
0 0.6238915190382416 0.6796566885715796 0.11509590263916643 0.1576426669304743
0 0.6797909130532418 0.7658729848897983 0.1579669078229628 0.16668269780928674