1 0.2324904952657758 0.1792790592475102 0.294478348026726 0.21218789800926352
3 0.3890625 0.1453125 0.1 0.18125
0 0.33678654925209467 0.28558769221876845 0.11965906667727211 0.08434842378986111
0 0.03828125 0.42109375 0.0765625 0.1109375
1 0.4890625 0.4375 0.1 0.103125
0 0.6296875 0.02265625 0.134375 0.0453125
2 0.8559841812937746 0.2788619001569702 0.23808289735836255 0.19673996042459257
0 0.747772786640683 0.6449494883528967 0.14785679201145402 0.09207239258219664
0 0.5496330892743664 0.8776823439616777 0.18059656667727225 0.08754202283992144
0 0.5203125 0.959375 0.121875 0.08125
1 0.67578125 0.93203125 0.3265625 0.1359375