2 0.92265625 0.32578125 0.1546875 0.1671875
0 0.7974319277582959 0.1608677374811049 0.11053985389503396 0.16252936305535756
0 0.10784114244822271 0.8436380659826597 0.08433190990138842 0.18129477360693613
1 0.41640625 0.8390625 0.1859375 0.321875
3 0.49296875 0.92109375 0.0328125 0.1578125
0 0.4029455422066367 0.5456963057416646 0.10442622158978576 0.16997784200867017
0 0.30890917004765817 0.5347503714419755 0.13169783360249454 0.2121499314570916
2 0.4171875 0.44765625 0.1625 0.0765625
3 0.47421875 0.4765625 0.0703125 0.134375
2 0.4578125 0.59453125 0.103125 0.2828125
0 0.2005138376596843 0.7764590002823487 0.09426028896022584 0.12411931043863907
0 0.56796875 0.509375 0.1171875 0.2
1 0.5885553542987758 0.6564440899425317 0.13841148376465034 0.239076452503779
1 0.79765625 0.51015625 0.1890625 0.2015625