0 0.06796875 0.05859375 0.0984375 0.1171875
0 0.2265625 0.13984375 0.09375 0.1984375
0 0.2046875 0.0265625 0.0625 0.053125
0 0.30078125 0.053125 0.0953125 0.10625
0 0.34609375 0.025 0.0859375 0.05
0 0.30393706142842036 0.16438342740134848 0.08520537727617317 0.1425698793969959
0 0.428125 0.1921875 0.08125 0.09375
0 0.796875 0.0703125 0.109375 0.140625
1 0.59921875 0.09453125 0.1359375 0.1890625
2 0.0484375 0.89921875 0.096875 0.2015625
1 0.1171875 0.9171875 0.228125 0.165625
1 0.18619694662215247 0.507606882102756 0.19271165188677947 0.24799044515850968
0 0.325 0.3140625 0.121875 0.15
1 0.30399454889200805 0.6110033358860794 0.09946175705962901 0.2575251997004376
0 0.17698811652212765 0.7437357007392077 0.11731919530200408 0.1748082945496865
0 0.42234241745919976 0.8562046523964992 0.08350648495630537 0.13775483363936125
3 0.4055283051602142 0.6572728158822001 0.09008675705962901 0.25675992515463053
1 0.46796875 0.871875 0.0640625 0.25625
0 0.3604598460681565 0.7061565970959671 0.1270579081549858 0.18807356909549372
0 0.1270134778966762 0.3183687810445891 0.09611413354437945 0.08890274545807211
2 0.80703125 0.89921875 0.2453125 0.2015625
3 0.565625 0.73203125 0.13125 0.1765625