3 0.32890625 0.28125 0.1796875 0.3
2 0.1984375 0.44453125 0.2875 0.1484375
1 0.046875 0.45078125 0.09375 0.1359375
3 0.3171875 0.0734375 0.175 0.146875
0 0.3796875 0.11015625 0.078125 0.2203125
0 0.95078125 0.0828125 0.0984375 0.165625
0 0.71212947408638 0.10693445212861086 0.10404235965300898 0.21148432028847228
0 0.7046875 0.45703125 0.15 0.1234375
0 0.7734375 0.49921875 0.10625 0.0390625
0 0.903125 0.49921875 0.125 0.0390625
0 0.14878196560539028 0.8055505240326039 0.11257675046142523 0.1742388934267362
0 0.15625 0.92421875 0.134375 0.1515625
2 0.37109375 0.790625 0.0953125 0.25
3 0.35546875 0.90234375 0.1265625 0.1953125
3 0.95546875 0.8640625 0.0890625 0.271875
3 0.659375 0.95390625 0.125 0.0921875