1 0.06484375 0.42578125 0.1296875 0.2796875
1 0.46875 0.125 0.1875 0.25
1 0.0265625 0.09921875 0.053125 0.1984375
3 0.5484375 0.18828125 0.0625 0.2390625
2 0.3870075991471503 0.18101340989809311 0.2059650487788332 0.2673353246740408
0 0.23529763367602552 0.1651002633893853 0.12139367080279087 0.17378414772652384
1 0.6921875 0.1109375 0.225 0.221875
3 0.96796875 0.2125 0.0640625 0.359375
2 0.8567570064562879 0.31185471225429484 0.28002526165206787 0.29983990746575645
0 0.4140625 0.72265625 0.14375 0.2671875
2 0.1296875 0.71171875 0.234375 0.2453125