0 0.9828125 0.128125 0.034375 0.103125
0 0.9328125 0.05390625 0.134375 0.1078125
0 0.8482207986036062 0.2328572532310412 0.21778806956195354 0.12518575721819475
0 0.9671875 0.18046875 0.065625 0.0765625
0 0.97265625 0.21171875 0.0546875 0.1421875
0 0.93828125 0.28828125 0.1234375 0.1109375
0 0.96796875 0.3203125 0.0640625 0.109375
0 0.8252424844895344 0.31606979673402735 0.15721120248167447 0.10661628875333343
0 0.784375 0.43203125 0.13125 0.0546875
1 0.0984375 0.5421875 0.196875 0.165625
1 0.1796875 0.828125 0.359375 0.234375
0 0.35703125 0.50703125 0.2234375 0.0953125
0 0.95703125 0.72109375 0.0859375 0.1390625
1 0.93125 0.5328125 0.1375 0.146875