1 0.0828125 0.24765625 0.165625 0.2765625
1 0.4125 0.43046875 0.134375 0.1390625
3 0.24140625 0.4125 0.1671875 0.175
3 0.1078125 0.053125 0.11875 0.10625
1 0.078125 0.4765625 0.15625 0.046875
1 0.628125 0.0609375 0.2625 0.121875
1 0.84921875 0.39765625 0.1984375 0.2046875
0 0.03359375 0.796875 0.0671875 0.25625
3 0.05390625 0.64453125 0.1078125 0.2796875
3 0.1359375 0.83203125 0.15 0.3359375
3 0.34375 0.66015625 0.171875 0.3203125
1 0.56015625 0.54453125 0.1484375 0.0890625
1 0.6796875 0.63046875 0.19375 0.2609375