1 0.7327363749169458 0.7878980231573426 0.35101748920265835 0.22468957117798852
3 0.8587496460502037 0.5109004885569315 0.28250070789959275 0.21579473224268392
3 0.7518647115909954 0.9030455206858846 0.29434838217054293 0.1429010603035735
3 0.9312811898486538 0.9160363161235295 0.1374376203026923 0.10235036167271758
1 0.7284715746400904 0.6846775226630509 0.246872604872647 0.1316160504177418
0 0.20147018121078047 0.6137229658938805 0.1455103639719457 0.13060269566510635
3 0.14621697254522054 0.35043905730064306 0.2293847162236991 0.12622821345960364
0 0.24349608343484724 0.16945170106513285 0.2333107526208936 0.1388555474519924
0 0.25770609653931553 0.8190033734985347 0.1244573843300113 0.0939011917107738
3 0.5358058945090441 0.05858250319430479 0.340622604872647 0.11716500638860958
0 0.7806771059523812 0.06923425338567901 0.12421755243632351 0.06583985870696814
0 0.9487668264165752 0.6469069727396006 0.10246634716684966 0.10978085969555132
0 0.9429966332502773 0.23451971927955953 0.11400673349944554 0.1099081936879401