0 0.1596926162600004 0.46043439146969567 0.09989351006798622 0.13646165990702758
0 0.13725849106937554 0.6694598302056154 0.06522756933854175 0.12155792574646931
0 0.08910344006385437 0.24256419443590285 0.10414590539458349 0.18511768119435104
0 0.47689046153100706 0.0809261159949983 0.1131559230620141 0.10307000569998319
0 0.3714412017473612 0.14141051190416948 0.07547408510611113 0.09263525025210155
0 0.7531361045764935 0.6228286647738315 0.07969011284152785 0.13972877153942492
1 0.8668960121552786 0.9393972207545183 0.13448671561506947 0.12120555849096348
2 0.920664197614844 0.8561760323583136 0.15867160477031206 0.26092606436617344
0 0.55095731515757 0.6827889007759751 0.111920731382639 0.11702324505632156
2 0.3567682912218754 0.5163341022492435 0.19858950246854193 0.35551729852673175
0 0.47534810495774316 0.18221546438584396 0.1646106267092362 0.16906634629715872
2 0.5527172240675352 0.5573354327069604 0.22442334422416685 0.25904649011264275