0 0.07578125 0.021875 0.1515625 0.04375
0 0.0453125 0.1078125 0.090625 0.090625
0 0.2407352809239029 0.1371899030015296 0.18498052000387935 0.10620690990138844
0 0.18810435956229438 0.19010066882984217 0.16339256242753394 0.09022735389503396
0 0.31452333835046703 0.20010868871534448 0.11782497091226488 0.08631142126547431
0 0.37734375 0.10859375 0.1234375 0.0984375
0 0.35962841532186857 0.2461439374975285 0.10184928454774696 0.06262845941492116
0 0.3012896278991838 0.2864728827089901 0.2073657030344175 0.1128387394466932
0 0.2371951769907982 0.3040773940730759 0.19907497091226486 0.08772964529089186
0 0.07265625 0.29296875 0.1453125 0.0984375
0 0.06524017078188035 0.3861108238632619 0.11817565727678292 0.10972164772652385
0 0.15961205305381415 0.36669439650870783 0.21007611485312827 0.1269285129856435
0 0.17384976729811927 0.416871674511885 0.10188123545613248 0.04390573295387146
0 0.11075970699661719 0.45633754910649565 0.09129442182065048 0.06712504464226861
0 0.40390625 0.34375 0.0703125 0.096875
0 0.356327556387794 0.3872910888775003 0.1476400166698995 0.08839211850553053
0 0.21101479851188626 0.4612080555993173 0.15966178454774688 0.06363758035608366
0 0.0421875 0.9625 0.084375 0.075
1 0.07421875 0.778125 0.1484375 0.1375
0 0.7016878538124185 0.7638223611986346 0.19617311151914835 0.10952282467404081