1 0.18359375 0.0953125 0.3671875 0.190625
3 0.17578125 0.4859375 0.1390625 0.10625
0 0.065625 0.421875 0.13125 0.096875
3 0.1421875 0.340625 0.284375 0.11875
2 0.38046875 0.1640625 0.1765625 0.2
0 0.8854610730092018 0.382872108337004 0.1239154742462448 0.10560021397248338
0 0.8996667074071674 0.276031831295162 0.15353933030538142 0.06768355172143145
1 0.59375 0.08359375 0.25 0.1671875
0 0.0625 0.89375 0.125 0.10625
1 0.08046875 0.69453125 0.1609375 0.1328125
0 0.97890625 0.62734375 0.0421875 0.0765625
0 0.5296875 0.6234375 0.121875 0.103125
0 0.49609375 0.67890625 0.0546875 0.0859375
0 0.5695327972554466 0.6836334778522994 0.11431733363936133 0.08345239546082901
0 0.6500968842287878 0.5892956900106843 0.1339601539428031 0.09504465988879929
0 0.7514048084653343 0.7495288402808367 0.1992025166698994 0.09264883538669544
0 0.6106840846781314 0.7265947933687288 0.10003169303247787 0.061140885842182156
0 0.55859375 0.76796875 0.1796875 0.1078125
0 0.525 0.7890625 0.1125 0.084375
0 0.6664401349776938 0.8209921233131284 0.10739765394280303 0.09411707694917482
0 0.5945174664910232 0.8670561022617364 0.14244233363936126 0.08443454210278442
0 0.7788125892200594 0.8264832098809501 0.1407522878817268 0.08281747840045348
0 0.8281752472457482 0.9512128805695227 0.1216196506088231 0.0774752139724832
0 0.49453125 0.94609375 0.0515625 0.0609375