2 0.22616454646340922 0.2152574048259026 0.337009204562355 0.1873610617390975
2 0.36620590912471 0.35119229198437474 0.3450418804557979 0.23125653210381963
0 0.66979784684397 0.048533538565902215 0.17237901878308026 0.09299019984750014
0 0.9385478468439701 0.04227831288284644 0.04929434585538672 0.060466027735416705
0 0.9418969758168932 0.5978743494519783 0.11620604836621347 0.12042421561506948
0 0.8677166013669563 0.8564155076963533 0.1818813527754691 0.0963334053945836
1 0.48226457961812663 0.7621641999444093 0.40648871642535306 0.24517486815986142
1 0.27112544425659374 0.9156567951185067 0.35174286661563353 0.16584973765090288
0 0.039644703610952896 0.5699306402926042 0.034688017794497136 0.08510235182361114
3 0.12154466653908387 0.3920764375953124 0.22004188045579798 0.22834712480937522
2 0.05542362353571576 0.18951578846899303 0.10053319368794009 0.13034342306201396
2 0.008924013840164443 0.06547952963527777 0.013773339923887832 0.03154094072944446