0 0.5963059052355499 0.7520028290352141 0.10178177068745349 0.15836577792830403
0 0.46096893658500376 0.6260877029613606 0.12741811736154407 0.21436347241038015
1 0.35193138594050277 0.4569924649471483 0.20118397605027044 0.38063028154634876
3 0.5480353212921838 0.3320311657608024 0.21975106802990788 0.23169481456303548
0 0.5464102813096829 0.20296114145054292 0.11553518801718106 0.13254026232447186
0 0.033628470639728514 0.4745396545679843 0.06725694127945703 0.1553293091359686
0 0.08854794923618628 0.7207020036180446 0.09255222135581713 0.17037445499752568
0 0.1868656285407785 0.9377024751239137 0.07783519334818116 0.11338747060135787
0 0.24595881787082413 0.9634217701263881 0.08677384134309048 0.07315645974722393
0 0.8324412105347333 0.9930428296010408 0.07252952800763594 0.013914340797918357
0 0.08170070194145725 0.4357947371097012 0.07349313868554459 0.1428293091359686