0 0.2734375 0.26875 0.15 0.08125
1 0.69296875 0.078125 0.2484375 0.15625
0 0.81171875 0.08515625 0.1515625 0.1703125
0 0.2 0.98359375 0.121875 0.0328125
0 0.46015625 0.43671875 0.0421875 0.1703125
0 0.5361181804380464 0.4095809608250283 0.1476283888718056 0.17589877081949093
0 0.65625 0.3609375 0.103125 0.103125
0 0.6947997757267989 0.5531573874123303 0.13622099530842302 0.19072273442229637
0 0.7444827014732683 0.4935611443521606 0.11594134629715871 0.16764617982650448
0 0.7602883819113148 0.6154256523717251 0.10496028763096846 0.12183303207825791
0 0.6750450145789342 0.7009941101144344 0.1190991972858944 0.14607156847545255
0 0.8445819823958474 0.7903336196751584 0.1297196230323639 0.2089720866740498
0 0.8063221477507566 0.6529046684108539 0.07897694183801285 0.10616845928386871
0 0.8429423447845494 0.5893323241786651 0.14556314431968714 0.21309838217054294
0 0.8569062918183423 0.524308101476561 0.12147008045771698 0.2022214389258032
0 0.83828125 0.37421875 0.1203125 0.1296875
0 0.9257376913338098 0.35921283003876125 0.12352461733238052 0.0981347162236991
0 0.9146966485070612 0.4385498766149887 0.15973490496334897 0.21556204811738686
0 0.9637515075415685 0.44404770742894223 0.061680181194351036 0.10350453423772624
0 0.97890625 0.37578125 0.0421875 0.0953125
0 0.9064424800500589 0.7024819686877092 0.11255426634364482 0.11920867982650449
0 0.9438275015894838 0.6279721244555203 0.11183300050420311 0.1533834207272058
0 0.9230676153155682 0.8126277267072737 0.10848947921687965 0.15005816162790725
0 0.5127738795655262 0.5077483505537104 0.09057000569998319 0.11624436613141409
0 0.98125 0.4734375 0.0375 0.1625