3 0.4859375 0.05703125 0.10625 0.1140625
3 0.36875 0.1 0.340625 0.2
1 0.0171875 0.57734375 0.034375 0.1640625
0 0.4765625 0.4328125 0.125 0.10625
0 0.6552972709464171 0.24717619501168936 0.22559384108157463 0.12739498465266036
0 0.9609375 0.1671875 0.078125 0.1125
0 0.94921875 0.6234375 0.1015625 0.071875
0 0.91796875 0.51484375 0.1640625 0.1203125
1 0.69375 0.0609375 0.309375 0.121875
3 0.96171875 0.58828125 0.0765625 0.1421875
1 0.20546875 0.7953125 0.4109375 0.271875
2 0.1109375 0.965625 0.221875 0.06875
3 0.8640625 0.97109375 0.271875 0.0578125