1 0.37109375 0.0453125 0.0578125 0.090625
3 0.17566398405748349 0.19712394311299525 0.1144453595655099 0.1271897347764936
0 0.23254366858993683 0.43812567213395226 0.09035276232447184 0.11455337939029935
3 0.2853178657855463 0.3401921661820239 0.1751039778374471 0.27124880698520054
0 0.8265923982364061 0.11063945892567681 0.10556168249628843 0.13651019262201594
0 0.7087940665992004 0.13787919067710833 0.09626192559888339 0.16769656010845857
0 0.97578125 0.85078125 0.0484375 0.1734375
0 0.78046875 0.59375 0.1015625 0.15
0 0.8859375 0.5578125 0.0625 0.078125
0 0.45703125 0.9453125 0.1109375 0.109375
2 0.8178449242441463 0.8421217839630541 0.15692718792335542 0.2820772226762454