3 0.512719169494448 0.3696956867365415 0.1509980924913396 0.3273698286340201
0 0.63125 0.54921875 0.115625 0.1796875
0 0.4822791542293 0.1273772095570584 0.16121854025277607 0.22542882033565032
0 0.70859375 0.4421875 0.0390625 0.20625
0 0.75390625 0.57265625 0.1296875 0.1328125
0 0.8927950938501359 0.39441503466659344 0.09675989258219672 0.15362375269929238
2 0.8142717034156458 0.26139977989270874 0.2126991530976463 0.22777349295103022
0 0.8322117186807938 0.5027710637108876 0.07143898801421251 0.11591026514684692
3 0.87265625 0.59453125 0.1234375 0.0890625
1 0.48984375 0.9375 0.2453125 0.125
2 0.2324894369073025 0.8716474278134718 0.18967773292582973 0.2042409045687478