1 0.20234375 0.09296875 0.2296875 0.1859375
1 0.09375 0.13828125 0.1875 0.2703125
2 0.03359375 0.30546875 0.0671875 0.1734375
1 0.1015625 0.390625 0.203125 0.21875
2 0.3046875 0.40234375 0.334375 0.1953125
3 0.4346273254784566 0.2383364767057933 0.3339170434232434 0.24195064111185866
3 0.528125 0.44140625 0.1625 0.1171875
0 0.334375 0.54453125 0.15 0.0890625
0 0.3890625 0.51875 0.215625 0.0375
2 0.5484375 0.5765625 0.121875 0.153125
0 0.52890625 0.68671875 0.1609375 0.1484375
2 0.54140625 0.82109375 0.1359375 0.2140625
0 0.4625 0.975 0.171875 0.05
0 0.28011960794344526 0.7756041033454735 0.15196922249741007 0.11707239258219673
1 0.64765625 0.56171875 0.0765625 0.1203125
1 0.78046875 0.66328125 0.3421875 0.2421875
3 0.9453125 0.61875 0.109375 0.178125
0 0.70859375 0.97890625 0.1109375 0.0421875