2 0.15706242728066228 0.21256472935231732 0.2947378994008752 0.18762945870463463
1 0.3276462521260319 0.1318158107097253 0.3343744842481845 0.15687035471036165
0 0.1713802766718391 0.1393635866884081 0.13255715060882314 0.07491018801718101
0 0.1309299751643287 0.34182496801399936 0.2190045757634535 0.1586499360279987
1 0.06492246682937898 0.2981289646721816 0.09132611485312829 0.1243829293443632
1 0.15162420987155514 0.6144630366804539 0.2241700500096983 0.2601760733609078
1 0.23880470078769936 0.8027993780235445 0.2872441348570076 0.22968968936981646
0 0.29448164744402117 0.5287084447008166 0.14470620636839734 0.1281260946849084
0 0.43819918078382003 0.7020924953850886 0.349807778797871 0.2694430800445435
1 0.5720316600310346 0.8308725707351787 0.5506366972845417 0.3201714280712693
1 0.875389400089438 0.8354628101129494 0.24922119982112392 0.20014764003818009
0 0.6141573212215257 0.256908906747269 0.11154302000387943 0.10432496801399935
0 0.5461542994299702 0.9598942626909533 0.22719997091226496 0.08021147461809335
2 0.17544447608241262 0.5811783693507264 0.22643418061464216 0.23054311736154426