0 0.45546875 0.26875 0.0515625 0.109375
0 0.4609375 0.1515625 0.0625 0.140625
0 0.4390625 0.0328125 0.01875 0.065625
0 0.59140625 0.05703125 0.2046875 0.1140625
0 0.5484375 0.01796875 0.178125 0.0359375
0 0.675 0.0265625 0.134375 0.053125
0 0.7320297433752374 0.10891518451145057 0.15767263527271586 0.13052049985882572
0 0.87578125 0.021875 0.2234375 0.04375
0 0.490625 0.20390625 0.121875 0.1015625
0 0.12778699357573 0.5134669056428425 0.2172611228251613 0.15732519454068408
1 0.1125 0.71171875 0.225 0.2015625