0 0.22499209384103952 0.34948535145940196 0.17588602076024668 0.10143758928453739
0 0.1412100014456937 0.39102224066450914 0.08360567885919248 0.059230724025417646
0 0.9344227850575215 0.24537946752600534 0.11676568874502422 0.1066511948044245
0 0.9257415103429423 0.3624987836786295 0.1259788626613009 0.14116256249917614
0 0.9407059826626135 0.49410333968498393 0.08369852076024671 0.09982845048646727
0 0.7556916541074321 0.4682015385498934 0.1910308596955513 0.12824555113509034
0 0.7943602232710733 0.5361117873320774 0.168455522737413 0.11067622158978559
0 0.6718777282139892 0.5105196777550006 0.12276102076024671 0.10051028896022593
0 0.6208338344494994 0.4009577171222635 0.1483976907221905 0.11657166558343128
0 0.4747016392786844 0.5336593486167329 0.2111523587069682 0.123912607141445
0 0.6197594712939068 0.5424457877391144 0.1061173488211363 0.07523755357072233
0 0.6667180429290059 0.5987736542160503 0.2148503616727176 0.1380296542193456
0 0.7239111190127294 0.634171411926688 0.20445668973360737 0.1128660129856435
0 0.8842928620926471 0.6698067232080482 0.15302152372599628 0.11509098620028232
0 0.8741910088228864 0.7642288790522469 0.13302735870696836 0.12254893019392785
0 0.7861617682144266 0.7181294005626023 0.21692219764227277 0.15055692775829604
0 0.7624722588228865 0.7622788210172976 0.10379084486680376 0.05646028003177221
0 0.8148677469598884 0.8194833948805595 0.09524351581733086 0.07660913879807003
0 0.5359482039937014 0.6230724504831721 0.12001802273741298 0.10983074188232518
0 0.5936851081383144 0.6834974817327601 0.15420202174882985 0.10574325973923279
0 0.42502529144613127 0.6015911424482228 0.15101335475263547 0.10412621266133186
0 0.33915943422203787 0.7134541684228051 0.130318852775469 0.09439665665497757
0 0.8646567717116488 0.30748795535114076 0.11762785178688588 0.08949096834337489
0 0.7180710014085127 0.7966850486961632 0.16268568380210838 0.08403190097293471