3 0.08828125 0.021875 0.1421875 0.04375
1 0.3125 0.0828125 0.378125 0.165625
2 0.23579821928209874 0.2893127268713821 0.3710732070582587 0.18124564041962793
1 0.475 0.30625 0.128125 0.2
0 0.50703125 0.440625 0.0640625 0.096875
1 0.21124389209797112 0.5206854577966586 0.3281286904615193 0.21170470779006792
3 0.1125 0.41328125 0.225 0.2109375
0 0.8306371226014466 0.2212912041432106 0.15459425684847722 0.08384098620028232
0 0.6992444900280231 0.2563537711066136 0.15407403859206373 0.11816143912238175
1 0.8578125 0.12421875 0.284375 0.2203125
0 0.6568238821492163 0.05423789204777622 0.12249215186945542 0.09264324188232517
2 0.840625 0.60625 0.30625 0.046875