1 0.06015625 0.43671875 0.1203125 0.2046875
1 0.93046875 0.3921875 0.1390625 0.29375
1 0.71875 0.41484375 0.2125 0.2484375
1 0.51640625 0.06796875 0.1484375 0.1359375
2 0.90078125 0.08828125 0.1984375 0.1765625
0 0.6359375 0.0546875 0.1 0.109375
0 0.46521478919208265 0.21304666719649462 0.10073944906292791 0.1395866599070276
3 0.6025222240692456 0.3044315018415854 0.17050168276559194 0.28636310694082046
1 0.33125 0.671875 0.115625 0.265625
1 0.14609375 0.7203125 0.2921875 0.3625
0 0.14950618731793835 0.849334092438761 0.0924723079967011 0.12341535668871888
0 0.09325383880900646 0.933900116576076 0.09242684389007838 0.12185285668871906
0 0.8629382015037035 0.6482593674092552 0.07073370031656907 0.12657320767745456
1 0.43203125 0.80390625 0.0859375 0.2828125
1 0.4734375 0.6359375 0.16875 0.19375
0 0.66484375 0.59140625 0.0921875 0.1046875
0 0.8806211096586891 0.8255102822599614 0.08613137978345584 0.11985331411407199