0 0.1375 0.03046875 0.175 0.0609375
2 0.22060931962288216 0.1770836330045366 0.3205359312301391 0.2799521621750031
0 0.0808058564763546 0.3810494912194013 0.155670731382639 0.11026585518980259
1 0.171875 0.51328125 0.34375 0.1515625
1 0.05078125 0.46953125 0.1015625 0.2296875
0 0.5890625 0.29609375 0.1 0.1515625
3 0.66171875 0.56796875 0.2328125 0.0421875
0 0.9625 0.55703125 0.075 0.0640625
0 0.096875 0.93515625 0.19375 0.1296875
3 0.57734375 0.83671875 0.0765625 0.1765625
1 0.65625 0.70234375 0.234375 0.2109375