1 0.4391116491645162 0.4701202163180752 0.3839133794672147 0.22529564934808163
1 0.1181823142207253 0.08849766396187349 0.2113088676042167 0.16607283360249453
0 0.03466020699663191 0.4539374776788657 0.06932041399326382 0.0952500446422686
0 0.08194243079917779 0.7178675641240293 0.16388486159835558 0.1298898717519414
0 0.676780156541709 0.8258717897775952 0.17544035178688588 0.0905000892845373
0 0.4361352519028043 0.7730815750843731 0.15956068380210836 0.08397735389503395
0 0.8736577455141947 0.4008603327983062 0.1740051857792749 0.09359781574558709
3 0.9064490463890472 0.5540847443245477 0.14288251977166339 0.09617734496658023
0 0.8909712850203405 0.6082228194056256 0.14849584980971925 0.08066143912238158
2 0.8909129352106211 0.686293272327725 0.14945085475263548 0.10409893912238158
3 0.7905335918266921 0.7356677552815963 0.20174818380210838 0.0847137394466932
0 0.36746745943090875 0.5806679784929398 0.1524485207602467 0.10102848620028233
2 0.7282020295831332 0.6368268806869859 0.2542603715585493 0.1855592191541536
0 0.7063827207996153 0.5208842808491416 0.19976918973360736 0.11278419236879245
0 0.913833053840602 0.12379327232772493 0.16596719269935675 0.126246674511885