2 0.3375 0.0921875 0.28125 0.184375
2 0.3515625 0.3796875 0.303125 0.21875
1 0.45078125 0.1171875 0.2578125 0.234375
3 0.252541739596092 0.2786029505865114 0.22832415309764614 0.2238823145630356
1 0.3859816813646346 0.23807088308279986 0.1410078595655099 0.13360479534115868
2 0.66484375 0.38125 0.1703125 0.215625
0 0.61328125 0.11953125 0.0671875 0.2109375
0 0.98203125 0.31875 0.0359375 0.2125
1 0.52890625 0.85703125 0.1015625 0.2859375
1 0.165625 0.85546875 0.25625 0.2890625
0 0.025 0.72265625 0.05 0.1734375