0 0.9557364651439648 0.2712188528812075 0.08852706971207028 0.14086364357108563
1 0.8326494185677376 0.34697863732408635 0.3347011628645248 0.27050821245684337
2 0.8101369193383172 0.47511621533340653 0.37972616132336545 0.2209584983496148
3 0.8948184654485069 0.610472452261152 0.20778912091177598 0.18523079544054113
1 0.7034610826596549 0.68699109853153 0.32159080505721727 0.21406803569227878
1 0.6658771468161708 0.8845298719767467 0.30266152991878953 0.1613215439906483
0 0.5068852737449264 0.7678303918974786 0.14793445712440043 0.12471842531467203
0 0.24090982032115377 0.7824895008251926 0.12289488433001132 0.09794243776222675
0 0.1647094632890384 0.7081891630676103 0.1203310888335181 0.0821990385920639
1 0.17833306985972847 0.6145216734405723 0.28717623226282807 0.18658165311885533
1 0.3770826480527884 0.5186018317342977 0.42245000308231895 0.33210948590206024
0 0.1242781091915837 0.034421621575761376 0.08605621838316742 0.06884324315152275
3 0.8784400986987839 0.7224046898135972 0.23835919802510191 0.12846057718412746