0 0.22575018826203958 0.5120466735943918 0.17547139077317436 0.10339308762187223
0 0.16507495985876566 0.44085598370266404 0.0827173247398008 0.06013116943775678
0 0.8623006784239585 0.9143572636570395 0.1711114393936935 0.10950669530200408
0 0.9042376181583659 0.8095393830156541 0.19152476368326815 0.14764319279472177
0 0.9462508381381258 0.6955510908540705 0.10749832372374826 0.10667120031656907
0 0.7555372648108627 0.6335498813663014 0.19092597241038015 0.13036476458147633
0 0.8157034808896647 0.5908371956312086 0.16658771370395292 0.11249530298213628
0 0.694780149252459 0.5607966914745734 0.12234639077317447 0.10184730799670091
0 0.6066460634313817 0.6354580591838352 0.1464389880142125 0.11502926959604132
0 0.5223928149017197 0.45671328206594664 0.2077859237898611 0.12461486975432585
0 0.6586069538658719 0.5106004631821859 0.10541119629109837 0.07639266693047428
0 0.7234164043408416 0.4820639377136498 0.21172979534115868 0.14033079796757128
0 0.788591024987628 0.4753796801918024 0.2011264880142125 0.11662051332783516
0 0.9358279152527761 0.5120482690673158 0.12834416949444788 0.11842705423577726
0 0.9534160063315781 0.42826430245341074 0.0931679873368438 0.12666545157021042
0 0.8758553296010408 0.42877511632260656 0.2155917797373264 0.15448422618081653
0 0.8717133842144538 0.3795109022159838 0.10451043758467123 0.059205166930474284
0 0.9397297218445534 0.35262780496069324 0.0961180834462283 0.07768238229073816
0 0.6117552080497434 0.40548941435668484 0.11806832654882307 0.10952341567683295
0 0.6875021585247131 0.37727113763450754 0.15227955223856354 0.107398626022532
0 0.5033728199901024 0.37659387305303116 0.14899077792830404 0.10418269780928666
0 0.46598460538163844 0.24367607297388885 0.129913229307785 0.0973871285298145
0 0.7949283926937383 0.8195699493921322 0.11535940637700648 0.0876029515702104
0 0.842694269560561 0.33186301240339827 0.16050813206674724 0.08579641066226813