2 0.809375 0.1109375 0.1875 0.221875
0 0.5956076749403374 0.3028013784168501 0.16669531017246655 0.26682202090551305
0 0.49765625 0.46328125 0.0953125 0.1921875
2 0.33046875 0.7375 0.2328125 0.35625
1 0.30625 0.9296875 0.2375 0.140625
0 0.40061416025802893 0.6849761125612475 0.09419526385373889 0.14884629465362353
2 0.5015625 0.91953125 0.103125 0.1609375
0 0.7277588571148759 0.7539558127871263 0.14041960049533805 0.20451944198043534
3 0.67421875 0.66640625 0.1734375 0.2140625
1 0.56015625 0.71953125 0.2203125 0.3203125
0 0.47734375 0.8828125 0.0546875 0.13125
0 0.50078125 0.7171875 0.1015625 0.18125