1 0.1328125 0.3796875 0.265625 0.15
0 0.775 0.496875 0.178125 0.065625
2 0.8151097278794973 0.3990132819064588 0.16510011213660042 0.12838063335454458
2 0.5165740388914761 0.3563558039465479 0.17945754307885 0.155088584022908
0 0.1683161273949647 0.7998983606381377 0.18511768119435104 0.10207267202418073
1 0.1296875 0.92578125 0.259375 0.1484375
0 0.3421875 0.5984375 0.053125 0.075
0 0.44921875 0.81953125 0.1609375 0.0765625
2 0.46015625 0.66640625 0.1828125 0.1390625
0 0.7771612496710238 0.9516121179185492 0.17221348960843982 0.07382040268936266
0 0.8591271616717384 0.8826343039067769 0.18693155347041035 0.08335903469127164
2 0.928125 0.9640625 0.14375 0.071875