3 0.48716165496973307 0.3799285692632305 0.20364890871793265 0.17409312269254426
0 0.6091102777948944 0.23332519458150394 0.20421574855010755 0.09916584802672601
0 0.22842804024244895 0.2611716679662742 0.16709425684847723 0.08312267735518084
0 0.07026357188578915 0.22712502665500053 0.1405271437715783 0.10470677601845368
2 0.5269415923077526 0.6378314285885036 0.40758123735195273 0.31072260805217944
1 0.7614583022657964 0.6538360472231414 0.33880608133331247 0.22718285471036168
2 0.778133548941804 0.8355127612190053 0.28558599295103004 0.204707870703362
1 0.3189748043403888 0.6628876146165024 0.30535311867597636 0.1565430907065437
0 0.06873800600006272 0.6689216279837735 0.09488737012586886 0.05730451734563573
1 0.1083478948088745 0.4274881059834553 0.216695789617749 0.1465862880330894
3 0.14368526472263973 0.3082108473106374 0.2859160344428789 0.12665559603754373