0 0.83125 0.36796875 0.175 0.0640625
0 0.70234375 0.36015625 0.1296875 0.0796875
0 0.5244394277753306 0.27797038468993013 0.2198809687818068 0.12689372758291687
0 0.6672792030030742 0.3230438825057286 0.11204862141421187 0.079108231382639
0 0.7388193863055184 0.28625109090260353 0.22360616950744613 0.144153962765278
0 0.8087598640729997 0.27291398309506876 0.21324902286549072 0.11581075721819474
0 0.94921875 0.29765625 0.1015625 0.1203125
0 0.9703125 0.203125 0.059375 0.128125
0 0.89609375 0.2140625 0.2078125 0.15625
0 0.9039310095338289 0.16297397901100624 0.10977679328391084 0.05875936379145834
0 0.9640625 0.125 0.071875 0.078125
0 0.6234424121662341 0.21477809403673565 0.12262402286549072 0.11370143692972227
0 0.7059473773198437 0.17694947929534663 0.15990576805616746 0.10832425911805572
0 0.5078546177011969 0.19404997957968712 0.1567807680561673 0.10825152393569457
0 0.47607388276213924 0.0534983679724302 0.1361954495445131 0.09996624525034732
0 0.8760168298595816 0.11288371324343682 0.1700793762235353 0.08670383225631957
0 0.8859375 0.94609375 0.18125 0.1078125
0 0.91875 0.83046875 0.1625 0.1484375
0 0.96640625 0.7046875 0.0671875 0.10625
0 0.7886953568166056 0.6565993052834023 0.19978672359113006 0.13267094889756947
0 0.8552578634400276 0.6058713002494092 0.1757490228654907 0.1149379350298613
0 0.7263888189749904 0.5854523103173953 0.12860120435383654 0.10603440729444458
0 0.6288838471979588 0.6728087995838189 0.15247521397248337 0.11907992116215275
0 0.5478769277753306 0.48890788468993013 0.2198809687818068 0.12689372758291687
0 0.6907167030030742 0.5339813825057286 0.11204862141421187 0.079108231382639
0 0.7622568863055184 0.49718859090260353 0.22360616950744613 0.14415396276527798
0 0.8321973640729997 0.48385148309506876 0.21324902286549072 0.1158107572181947
0 0.9609375 0.50859375 0.078125 0.1203125
0 0.9078125 0.4515625 0.184375 0.103125
0 0.64609375 0.440625 0.1234375 0.08125
0 0.728125 0.4203125 0.159375 0.040625
0 0.53046875 0.42890625 0.1578125 0.0578125
0 0.8200742984717524 0.8533645492994786 0.12029763103285873 0.0917900693385418