3 0.553125 0.29140625 0.20625 0.2515625
1 0.06484375 0.6546875 0.1296875 0.190625
2 0.19544489330391818 0.8402098928851242 0.22228172249741 0.1194906703877141
2 0.3140625 0.92734375 0.246875 0.1453125
1 0.21015625 0.61015625 0.2546875 0.1015625
0 0.5411064195636539 0.8954560109582548 0.18151117328319827 0.11447353060296202
0 0.509375 0.9515625 0.11875 0.096875
0 0.6129963821362664 0.9489128047957831 0.11345037799792798 0.09259422249741008
0 0.6832789569910414 0.8519693382942289 0.13739730024766902 0.10462334160399793
0 0.7984375 0.975 0.2 0.05
0 0.6578125 0.97734375 0.1 0.0453125
0 0.60078125 0.98671875 0.2015625 0.0265625
0 0.484375 0.721875 0.06875 0.078125