0 0.30390625 0.22578125 0.0703125 0.1578125
2 0.23203125 0.35625 0.2140625 0.0875
0 0.1223586057202973 0.18652984804671352 0.11768355172143127 0.15171091567683304
0 0.4505108213372432 0.1814488576136249 0.093591287293461 0.13227895407749274
1 0.4515625 0.30859375 0.121875 0.1828125
1 0.0921875 0.55 0.16875 0.3
0 0.73046875 0.88671875 0.1484375 0.2265625
0 0.94609375 0.459375 0.1015625 0.11875
0 0.79609375 0.47890625 0.1359375 0.1578125
0 0.68828125 0.4734375 0.1609375 0.146875
0 0.365625 0.796875 0.053125 0.175