0 0.40859375 0.3140625 0.0609375 0.13125
0 0.39609375 0.240625 0.0859375 0.109375
0 0.31875 0.3203125 0.153125 0.11875
0 0.23907449847994416 0.1330370658062309 0.22059102570316255 0.1331754274079057
0 0.3816639050960152 0.188267877655733 0.11249468281352507 0.08229460085908258
0 0.38984375 0.15625 0.0984375 0.15
0 0.33924559482962263 0.07643626300184043 0.12327035672980173 0.1171609237898612
0 0.38984375 0.05 0.0984375 0.1
0 0.22265625 0.0515625 0.1578125 0.103125
0 0.8429767954004639 0.24988148631673174 0.20053319368794006 0.13836089439121899
0 0.9106391392786846 0.20332074683218124 0.17639535672980172 0.11994508706427283
0 0.7819066442216004 0.17308661295641192 0.12920202174882983 0.10967597241038014
0 0.6830606259328116 0.25481024649349704 0.15314885771838505 0.1234042797373263
0 0.60234375 0.06484375 0.2203125 0.1296875
0 0.7457264050960152 0.11951787765573299 0.11249468281352507 0.08229460085908258
0 0.818252662510389 0.08808749321413671 0.22441636266130088 0.1505267017181652
0 0.8874801649818471 0.07997177803984581 0.21389535672980173 0.12191037878738667
0 0.93515625 0.0546875 0.1296875 0.109375
0 0.70234375 0.0328125 0.1234375 0.065625
0 0.784375 0.015625 0.159375 0.03125
0 0.58671875 0.0171875 0.1578125 0.034375
0 0.759375 0.9765625 0.215625 0.046875
0 0.925 0.64296875 0.15 0.1453125
0 0.50703125 0.6359375 0.1359375 0.125
2 0.8 0.89765625 0.4 0.2046875