3 0.26352529996308816 0.8266975776592493 0.188696764341086 0.2675010517284949
0 0.3804402945644173 0.9289611081423506 0.10726988433001132 0.09201766693047446
0 0.4466870558231843 0.8878981874509524 0.14346580505721712 0.19444398495630538
0 0.2684981924695474 0.5745213122198433 0.09807415946843889 0.14321645407749273
0 0.5082651920081221 0.39534932310690285 0.13312908235511306 0.20350073620994652
0 0.5398518468530826 0.08213025758835439 0.11283756631598418 0.15456313103709696
0 0.09748809222037888 0.910582147334433 0.08062823874123301 0.041335705331134065
0 0.1743662631044683 0.6445730509370721 0.10079864126984157 0.13705738229073816
1 0.7608125077057974 0.7331746173800574 0.16219482109634614 0.24333612602253202
2 0.3371378570321154 0.07623222789667623 0.19927571406423078 0.15246445579335247
3 0.22535136489479637 0.46306698667216484 0.1993758436138801 0.16643865690134446