1 0.325 0.09296875 0.209375 0.1859375
2 0.115625 0.08359375 0.228125 0.1671875
3 0.10703125 0.44296875 0.2140625 0.1921875
3 0.23515625 0.41953125 0.1515625 0.2390625
1 0.21875 0.0640625 0.1875 0.128125
0 0.3410467780186089 0.3036269618873688 0.14148079544054112 0.19834768801718106
1 0.065625 0.07109375 0.13125 0.1421875
0 0.07133608403260476 0.20120358525623078 0.12864890871793264 0.173220418682363
3 0.775 0.05546875 0.15 0.1109375
0 0.5224124093426326 0.252988092655955 0.13295790041956285 0.1888817813494538
2 0.8625 0.23515625 0.275 0.4234375
1 0.91328125 0.26953125 0.1734375 0.2296875
1 0.22109375 0.865625 0.3078125 0.26875
3 0.8402314844521677 0.7689012572804115 0.2535342000092887 0.37918061203054415
2 0.63671875 0.59140625 0.2015625 0.1046875