0 0.403125 0.02421875 0.13125 0.0484375
0 0.434375 0.05546875 0.06875 0.0859375
0 0.3579092330752774 0.04777841698118106 0.11025979282674854 0.08212412860909737
0 0.1794835843161146 0.09510409260864625 0.19529035668871889 0.09346297853284735
0 0.3168361188449899 0.0850413744281255 0.09779264381548422 0.05999455547083343
0 0.371875 0.13125 0.19375 0.109375
0 0.4046875 0.15703125 0.128125 0.0859375
0 0.440625 0.228125 0.05625 0.121875
0 0.2581109648900471 0.17103211939413238 0.10477461733238069 0.09291615824437507
0 0.3255605448435609 0.22096069063253526 0.14005655347041018 0.08437761284152785
0 0.15013457392455445 0.16617900560267404 0.13682229282674854 0.08274237765916688
0 0.09733699187735372 0.28116691954663225 0.11774451089576328 0.07761846656499997
0 0.43046875 0.31015625 0.0765625 0.0609375
1 0.7594171027534464 0.12660409327423636 0.3420668037225117 0.16239742933027798
3 0.7068655391435776 0.18933917619614604 0.28519409084927705 0.12987456363895866
1 0.74765625 0.35625 0.3484375 0.10625
3 0.1 0.4734375 0.2 0.128125
1 0.1484375 0.646875 0.296875 0.33125
0 0.05546875 0.91796875 0.1109375 0.1109375
1 0.21526790102807664 0.8636910916587157 0.3476612398605413 0.15316789969500028
0 0.8787130419935693 0.6968354724520145 0.1490709205506892 0.10174695079743082
0 0.93359375 0.621875 0.1328125 0.090625
2 0.6641477974414509 0.7292803772779172 0.23920388367602552 0.20836193313000032
0 0.8920264150259332 0.8983797886564242 0.14293018119435102 0.10316398043270851