1 0.296677010403908 0.3705130451919514 0.23726978516439345 0.30796839605020365
0 0.45546875 0.5609375 0.0921875 0.115625
0 0.17212406773085415 0.35513597393872176 0.09602290818602892 0.13851988433001133
1 0.4578125 0.39140625 0.121875 0.2671875
0 0.03359375 0.44609375 0.0671875 0.1640625
2 0.42265625 0.09375 0.1265625 0.1875
3 0.9203125 0.08984375 0.159375 0.1796875
0 0.7880987912728881 0.455386297812845 0.10901423111680746 0.14869592072720583
0 0.8167483344663402 0.5921458181709106 0.11018722749876284 0.0522214389258032
0 0.55 0.4296875 0.0625 0.140625
0 0.93046875 0.26484375 0.1390625 0.2140625
0 0.94921875 0.578125 0.1015625 0.0625
3 0.0390625 0.91171875 0.078125 0.1484375
1 0.04140625 0.74609375 0.0828125 0.2453125