0 0.6575880614108115 0.7971820693099649 0.1839469685684687 0.13849750539858477
3 0.06257096794478685 0.825272687137527 0.05280397642635144 0.09742037427505386
2 0.22446303825144773 0.707531847930052 0.39827494995721874 0.3275636958601039
1 0.29729260855810863 0.5830422560232846 0.26163962903138527 0.20199316556640987
0 0.1262116670779453 0.48677979481584116 0.15985449710451588 0.1226590178461393
0 0.25961271029630095 0.3256199197155948 0.18431084160399785 0.14631000539858477
0 0.3432021521907491 0.2650035736596426 0.2039341368892682 0.16648079544054104
0 0.16992085587202152 0.13821316286711752 0.1640668081055519 0.07938261452679148
2 0.16420170285270289 0.1992807174312209 0.21287248924663302 0.15781619046151918
3 0.22445849855225797 0.0722814321631494 0.1926669971045159 0.12514540041956287
1 0.5542295434232434 0.26620291121673234 0.3431464942090318 0.24709402324472415
3 0.42967265322420645 0.3665320300932014 0.22464905128112633 0.21008908548249733
3 0.7274980312221344 0.47629107408384985 0.22174237510244393 0.21453978714217126
0 0.7300152173256143 0.6306233765733608 0.18292812406898662 0.11662250539858476
0 0.9117059414801634 0.31878991786471694 0.17658811703967317 0.1795961020792368