1 0.21965333642666568 0.3626496748904649 0.3238035504177419 0.26286073320276787
0 0.13206178901185434 0.19950032468532783 0.17339769072219058 0.1268496103776066
0 0.12961729095183966 0.5844314317389421 0.22358869171077372 0.13532588382282337
0 0.10592771193954778 0.43672856016318073 0.21185542387909556 0.18591787967363854
3 0.29771064673023934 0.0740339396247156 0.30997186068413446 0.1480678792494312
1 0.4506698675670357 0.19794394438698942 0.39376322334543534 0.29775779668994085
1 0.7309303705327852 0.16268799292780814 0.3286528765014653 0.2289593298834199
0 0.6794859342592189 0.2592679176177804 0.19590936068413445 0.14413219875988892
0 0.7796119041446131 0.013872615240126757 0.1330963428896375 0.027745230480253513
0 0.7105238037662399 0.8737555474919116 0.1494163626613009 0.1499552236549982
2 0.7948788991273352 0.8105083410583529 0.23452087452429887 0.21248037967363861
1 0.5788466753247893 0.7030430736364207 0.39367038144438116 0.2572511958601039