1 0.29296875 0.0890625 0.1734375 0.178125
0 0.29188935398571536 0.20149413248431003 0.1392396594086268 0.17579864126984152
3 0.12578125 0.17421875 0.2453125 0.3484375
2 0.05625 0.2765625 0.1125 0.259375
1 0.5203125 0.5640625 0.25625 0.43125
3 0.7485629028112163 0.3263451357235125 0.1826379699126104 0.27371450956072396
3 0.2125 0.84375 0.1 0.128125
2 0.109375 0.87421875 0.21875 0.1765625
1 0.5421875 0.88984375 0.25 0.2203125
1 0.9453125 0.88125 0.109375 0.203125
1 0.89921875 0.934375 0.1171875 0.13125
0 0.72109375 0.89296875 0.1890625 0.2140625