3 0.2328125 0.296924978914097 0.13125 0.17024237765916678
0 0.2203125 0.4409659196435415 0.15 0.12067878875333342
1 0.0640625 0.4305401787615971 0.128125 0.18266964247680573
1 0.14609375 0.7122246302246179 0.2234375 0.16926306553881965
1 0.75234375 0.6168640048465619 0.3828125 0.23703505983923634
1 0.79765625 0.7798718447023257 0.2828125 0.1347075340036808
0 0.559375 0.8510429023573607 0.1515625 0.08634015634451372
0 0.825 0.908922911856666 0.14375 0.07053331838861113
0 0.69609375 0.23536073812906189 0.178125 0.11664590539458344
0 0.8875 0.3590307082094437 0.1921875 0.1482232137152085
2 0.81875 0.1621933822213882 0.2578125 0.17943815254479184
2 0.95859375 0.7190947328107283 0.0828125 0.1753649823325695
1 0.3921875 0.5955592346136802 0.2890625 0.18954050436840292
0 0.971875 0.5953481082856935 0.05625 0.10287173328249999