3 0.2737027497951122 0.29427257816003455 0.14673806699689199 0.13779971463952717
0 0.09075331679200423 0.1542168507002258 0.11785108767505648 0.15360449710451585
0 0.0546875 0.03515625 0.1 0.0703125
1 0.125 0.55390625 0.25 0.2921875
0 0.19765625 0.034375 0.0859375 0.06875
0 0.33515625 0.0515625 0.1015625 0.103125
0 0.6631655101341944 0.13969412427387437 0.12141273531769166 0.16312504631872765
1 0.88125 0.546875 0.2 0.30625
3 0.6863139499617279 0.3991440529337561 0.20372442927905432 0.2901285020669146
2 0.50703125 0.5265625 0.0953125 0.346875
3 0.09453125 0.74140625 0.1078125 0.0828125
0 0.503125 0.79140625 0.0875 0.1359375
0 0.490625 0.93046875 0.0625 0.1390625