0 0.0734375 0.10078125 0.146875 0.1203125
0 0.065625 0.19765625 0.13125 0.1046875
0 0.8571658848079167 0.1945187377646464 0.1820984104104042 0.12798613466105593
0 0.6865418426439547 0.1388838405745368 0.20451944198043534 0.13812502649368774
0 0.5578125 0.2375 0.278125 0.1625
0 0.3671875 0.9125 0.103125 0.1375
2 0.0578125 0.80078125 0.115625 0.1796875
1 0.28359375 0.9546875 0.2703125 0.090625
1 0.278125 0.61328125 0.28125 0.2203125
0 0.18262018209237615 0.6865996657944311 0.2613910682605597 0.1775347560752678
1 0.09609375 0.434375 0.1921875 0.23125
1 0.87578125 0.83125 0.2484375 0.265625
0 0.5732018665332396 0.8778942991895426 0.1831302893919517 0.09215776206571764
0 0.54375 0.9484375 0.25 0.103125
0 0.7296875 0.9875 0.146875 0.025
0 0.44453125 0.48203125 0.0515625 0.0796875
3 0.4703125 0.40234375 0.103125 0.1671875
1 0.49453125 0.603125 0.1515625 0.234375
2 0.45390625 0.8359375 0.0703125 0.184375