2 0.8063978582877958 0.3552092178937879 0.24556718913783787 0.36885853268728985
0 0.9045678607068703 0.12581701281422328 0.12187354195220053 0.16880426634364495
0 0.4482485132247668 0.056764180185944854 0.13787797355046644 0.11352836037188971
2 0.5147472265342381 0.19275740244233358 0.2492844523626047 0.2990923359055985
3 0.2207157764495336 0.12528975909261517 0.2200827997741211 0.25057951818523033
0 0.11298584741151638 0.042580983908456625 0.08027830517696724 0.08516196781691325
3 0.07502676094686671 0.4351401884838181 0.14459695236260467 0.2917718727802623
0 0.2347980611445108 0.6309340176810272 0.09643392619541977 0.13279035668871905
3 0.1782203794050705 0.46682759503665094 0.21183068401734037 0.21711036238870207
2 0.36444995086116344 0.8762961581423168 0.1672616366622938 0.19998856436617346
0 0.11567852189373343 0.8726841111281942 0.11987142619541977 0.13442926634364483