0 0.31640625 0.44296875 0.1109375 0.1515625
0 0.37421875 0.47109375 0.0953125 0.0953125
0 0.37355269165700095 0.37991306270066955 0.090025213703953 0.11125051779449713
0 0.2785544521724505 0.3182990834609162 0.10219102103089917 0.13513368676785795
0 0.4317347631174414 0.19200188581864328 0.10382212008095948 0.19600751977166342
0 0.4141677255781989 0.3338219712939069 0.06585072930778502 0.09623301285158128
0 0.4589579251486575 0.38656762790997795 0.11952900723608924 0.19820668973360736
0 0.47578125 0.43359375 0.0859375 0.1703125
0 0.48671875 0.2625 0.0640625 0.10625
0 0.4890625 0.15234375 0.059375 0.1390625
0 0.14453125 0.503125 0.0765625 0.03125
0 0.1359375 0.9109375 0.203125 0.178125
0 0.05703125 0.79296875 0.1140625 0.1953125
1 0.03359375 0.89296875 0.0671875 0.2140625
2 0.55390625 0.8546875 0.0703125 0.290625