0 0.3640625 0.5125 0.190625 0.1125
1 0.44765625 0.4515625 0.1828125 0.234375
0 0.49453125 0.2390625 0.0890625 0.153125
3 0.28515625 0.0828125 0.1484375 0.165625
1 0.11328125 0.134375 0.2265625 0.26875
0 0.1012050401684105 0.741771504411014 0.1406837261107153 0.22233974672063966
0 0.46171875 0.6171875 0.1015625 0.096875
3 0.4584043481879753 0.8539008536882171 0.11876395250377887 0.14018898801421226
1 0.28203125 0.609375 0.2703125 0.08125
0 0.7371858557275471 0.8364975062200365 0.14852704721387228 0.16978795680654796
3 0.6015625 0.8265625 0.125 0.346875
0 0.90234375 0.61875 0.1234375 0.1
2 0.9265625 0.9453125 0.146875 0.109375
1 0.60234375 0.6421875 0.1265625 0.146875