3 0.7902616594684388 0.18156857756487593 0.20318076650055444 0.23022084577069996
0 0.709834877390181 0.08080393769621272 0.08621690468807693 0.057465019221876856
0 0.6463731546880769 0.0868215643358929 0.09935725478036198 0.0924132293077851
2 0.49458941162790726 0.12402723597804746 0.12042882325581453 0.20252521370395288
0 0.5707244216500565 0.4737273428300239 0.08345045496493206 0.16009869629109835
0 0.5681675254429693 0.6160819391665507 0.123775066315984 0.15754026232447202
1 0.48674184299557127 0.3782267350735363 0.22917966686969446 0.3686216044771272
0 0.3392915538205995 0.5924076645176071 0.09500971622369914 0.12177318068726599
0 0.18622351788483024 0.743225456806548 0.094988732262828 0.17004690637700648
2 0.2177160309985237 0.12898257236495161 0.12918206199704746 0.24191526232447189
0 0.10705913325027713 0.11539702792830413 0.07936373226282804 0.16922803482570908
2 0.9828787584809898 0.600070673335576 0.03424248303802031 0.31717421189493056
0 0.5766206616279073 0.1283263116223594 0.17511632325581453 0.2053912641334942