0 0.4609375 0.22109375 0.078125 0.0765625
0 0.43671875 0.490625 0.1265625 0.1
3 0.37421875 0.59140625 0.2515625 0.1359375
1 0.0578125 0.584375 0.115625 0.15
0 0.8722600661728318 0.46385480997525813 0.14550089867609234 0.10877926959604131
0 0.7630799270072519 0.25493078787193435 0.19579199710451595 0.1164841210079671
1 0.3523329797361203 0.7648644143566848 0.2894735306029618 0.1847460391920826
2 0.1453125 0.92421875 0.290625 0.1515625
0 0.32594595409555716 0.8611029168639673 0.17373290653397538 0.07839308762187222
3 0.806489401161801 0.83444714014179 0.3513527923897861 0.1397350675636126
3 0.62109375 0.98125 0.1953125 0.0375