1 0.0375 0.30703125 0.075 0.3296875
1 0.23493308302444263 0.2664553008159038 0.2495585782151192 0.3633091738647797
1 0.3367559886520726 0.1764913064149812 0.22281253974053178 0.31141478714217125
1 0.3737723829317753 0.3616825225968022 0.225848259703465 0.3537206863123343
0 0.56875 0.02421875 0.021875 0.0484375
0 0.29765625 0.6515625 0.0953125 0.134375
2 0.44375 0.5921875 0.2375 0.253125
3 0.64453125 0.34453125 0.1296875 0.3390625
3 0.196875 0.77109375 0.2 0.1046875
0 0.559375 0.76484375 0.040625 0.0921875
3 0.4703125 0.775 0.13125 0.1125
0 0.6984375 0.925 0.134375 0.15
1 0.81875 0.859375 0.25 0.28125
0 0.9546875 0.834375 0.090625 0.153125