0 0.20256270102795182 0.6326534183123613 0.17757585475263546 0.10559930262104178
0 0.122186792929006 0.5901191197753821 0.08360567885919248 0.059703614741388834
0 0.9077993462753163 0.7507268047083342 0.129393022737413 0.11072190729444457
0 0.749108801294782 0.9605167659550007 0.15822367688202607 0.05207425911805572
0 0.907137454487993 0.6326307681392022 0.1416675296574951 0.14378898043270852
0 0.9319530651721273 0.5033978630289592 0.10107702174883001 0.10537979065319458
0 0.7386513927387256 0.5262683993137507 0.19272069368794006 0.13248911094166688
0 0.7804197400769872 0.4607713390932645 0.16689302273741297 0.11159472948277802
0 0.656744818137877 0.4829164831855909 0.12438718775644109 0.10280030452090294
0 0.5999762119023668 0.5902919188810423 0.14689885771838504 0.11893445079743081
0 0.46313673958269563 0.4557324680836115 0.21121602570316256 0.1266755220358336
0 0.607268741559862 0.4497032864722227 0.10618101581733086 0.07740026101791671
0 0.6587795034228601 0.39459886559441026 0.21497769566510633 0.14237325721819466
0 0.7172432608372338 0.36077003267250063 0.2030215237259963 0.11711868407993072
0 0.8803945182516077 0.32937782835968826 0.15777269072219086 0.11762652393569457
0 0.8803401215213682 0.23475565938173687 0.14409219269935675 0.12667421561506959
0 0.7838988616355367 0.27943042011531316 0.21704953163466154 0.15490962480937523
0 0.763870204525174 0.2336087738387854 0.10541701186299815 0.058650261017916705
0 0.8192553828900749 0.17937652193892428 0.09680601581733086 0.07718205547083343
0 0.5300470083657759 0.368142855526424 0.12164418973360754 0.11210256933854179
0 0.5903106877192601 0.30933220640010467 0.15270318874502423 0.10814242116215293
0 0.4182818374152489 0.3858732565526045 0.15107702174882984 0.10654355357097227
0 0.33995786064695344 0.27378952422003505 0.13194501977166348 0.09673214247680573
0 0.8360317756288005 0.6888430941272576 0.11769151878308018 0.09171733415618064
0 0.7214572114452562 0.1997779812857298 0.16118685079830292 0.08648562670923621