0 0.58828125 0.4015625 0.1421875 0.09375
1 0.60625 0.2953125 0.10625 0.16875
2 0.37253864575158735 0.44544639373004297 0.22443301332783516 0.1965851502711466
2 0.23102371331519986 0.09925212889932004 0.22669419530200424 0.16691583098930574
0 0.5890859850893191 0.6029826795398089 0.1355858105039836 0.09608518052176755
0 0.8425843727903338 0.5756071132830302 0.14179034639736088 0.094559041958086
0 0.9057496140148451 0.49939913728713525 0.13209709765100222 0.08356699980360816
0 0.7125 0.01640625 0.10625 0.0328125
0 0.6125 0.7859375 0.09375 0.09375
2 0.42097614575158737 0.8298213937300429 0.22443301332783516 0.1965851502711466
0 0.6140625 0.96953125 0.090625 0.0609375
2 0.04296875 0.8125 0.0859375 0.109375
0 0.9390625 0.953125 0.121875 0.09375
1 0.9625 0.85234375 0.075 0.1765625