2 0.08203125 0.3421875 0.1640625 0.075
0 0.3487605618296055 0.26833180443890836 0.18790672249740997 0.12109015730897052
0 0.7078125 0.34609375 0.175 0.0671875
0 0.6703125 0.3171875 0.121875 0.096875
0 0.774257059762691 0.31452688155223407 0.1116695541766104 0.0897214389258032
0 0.8484375 0.36484375 0.13125 0.0296875
0 0.92578125 0.24765625 0.1484375 0.1078125
0 0.8138311360652078 0.27239874074381787 0.0981507096771285 0.06704540252860855
0 0.7554214766357484 0.231043753082319 0.19735449710451594 0.12325343460686647
0 0.69921875 0.2109375 0.1796875 0.1
0 0.6625 0.146875 0.10625 0.134375
0 0.6421875 0.1 0.065625 0.05
0 0.8706141370986652 0.18044058065707008 0.10592897642635143 0.10025842072720596
0 0.8021210022763116 0.13687225092285066 0.14150260339082213 0.09474890036914019
0 0.95390625 0.17421875 0.0921875 0.0921875
0 0.984375 0.05390625 0.03125 0.0859375
0 0.6703125 0.059375 0.121875 0.071875
1 0.24233293341739276 0.6781852706626074 0.3040839942090317 0.2406993553340723
0 0.4202332632345664 0.5093618267995588 0.09717040653397539 0.07944527297895929
3 0.5734375 0.47734375 0.071875 0.1265625
0 0.575 0.74453125 0.06875 0.0953125
3 0.2171875 0.875 0.3625 0.25