1 0.2469489123370204 0.09660446936663483 0.26632620373287824 0.13276014536918018
3 0.4332642877424099 0.16516520739177004 0.3538534772718286 0.1353408000477251
0 0.5680695304355139 0.41512084874281474 0.23666597727182861 0.13397720003181668
0 0.19671409658484276 0.8880465346912715 0.1138091298696163 0.0763090560152719
0 0.08214130762461694 0.7679874786759996 0.11342730032431154 0.05443405601527207
0 0.4579867873320775 0.8207884987269063 0.16679776217486458 0.06911472135581712
1 0.6218544184195098 0.8562821980824052 0.26809898376465036 0.23432264536918018
0 0.9747541327089901 0.6456565174649486 0.05049173458201963 0.07258407200827222
0 0.7834873936627434 0.8979986254375861 0.13450345941492098 0.09842041335136287
0 0.9551296051128499 0.12593436346272133 0.058903441558013726 0.06317270934118148
0 0.878707426947517 0.08833381878576725 0.1515000446422686 0.08768290802036272