0 0.0234375 0.1734375 0.046875 0.103125
0 0.09453125 0.3171875 0.1890625 0.1375
3 0.14296875 0.4 0.2859375 0.153125
3 0.08203125 0.1828125 0.1640625 0.134375
2 0.3046875 0.29296875 0.25 0.2171875
1 0.60078125 0.521875 0.3421875 0.15625
1 0.5296875 0.5015625 0.2 0.196875
0 0.5776080151988886 0.2620531375397218 0.15203658510611112 0.09099128875333343
0 0.7548244786297567 0.2633941659407285 0.16947865824437508 0.10232883225631965
0 0.8760455151988886 0.25510692762423537 0.15003898043270852 0.13935605357097242
0 0.940625 0.5453125 0.11875 0.075