3 0.5390493611807926 0.822216730117793 0.29256987939699586 0.0862410576279121
1 0.4913131049718748 0.7380150539810548 0.37238466727872266 0.1656479139585782
1 0.6656746025559788 0.5134127000860208 0.3678247130363571 0.16712859334172717
1 0.2870553949796335 0.5356242597425279 0.3205987687959313 0.21935356655636581
0 0.08419212037348318 0.3271198331987527 0.16838424074696637 0.09685918344033873
0 0.09245998528695458 0.42512095657554727 0.16610297424624482 0.10431712743398425
0 0.016614059842460126 0.4112005527599435 0.03322811968492025 0.18384889448011296
3 0.31026910968298055 0.3659293685088259 0.3512429909161442 0.19336381087432314
3 0.7323516616495329 0.4420365320669576 0.3055161606107628 0.13015469886161418
1 0.4211423210523478 0.2118673855549545 0.34866012485506803 0.18083653733537278
1 0.20848230863451214 0.04741958360414218 0.2889027454580721 0.09483916720828436
0 0.8640630157518154 0.13782454464885927 0.15025483363936126 0.08219666558343128
1 0.7147489287784744 0.23716779992386505 0.3748719384905499 0.15788996103647887
2 0.10161107105234779 0.522913574270299 0.20322214210469558 0.176047851459402
3 0.7869448561798228 0.8436342138857384 0.25255039940087515 0.1885205779204518