1 0.3150811898676758 0.49423032920742643 0.30902354000775867 0.2232679839326357
3 0.15659888123316365 0.5529136264212987 0.139285124855068 0.18228042093374802
0 0.19889846728842092 0.40758644489361995 0.12538237939699584 0.08816639988706054
0 0.6881042306243405 0.44817031640618266 0.22359648091420467 0.14831421558737148
0 0.6907015248841629 0.9127179347937993 0.1278696506088231 0.0805359104104042
1 0.8827958798560378 0.4620375824029598 0.23440824028792448 0.23743689974588622
1 0.7240892701730572 0.5332054690652533 0.23603257909743344 0.18636024715740263
1 0.8942359619733413 0.22858804557125678 0.21152807605331753 0.1840697050640278
0 0.8595661896984979 0.018192202997889203 0.1785073793969958 0.036384405995778406
0 0.6738194925831342 0.15778053483615154 0.17120506242753386 0.09705555247554418
0 0.8218904597023773 0.09656377182314627 0.13297173879011231 0.06683743145709165
0 0.4851397587939917 0.1350164109751016 0.14269742515463033 0.09072995776545087
0 0.5086247983427084 0.22077960572754715 0.17286315727678297 0.11736805247554419
0 0.3250474106107628 0.10666243977312242 0.11693215060882309 0.07989887357870126