0 0.5438929636182992 0.7811409820782587 0.17238675911805573 0.16607856826055975
0 0.8493564879352435 0.49423543237472484 0.1820877610179167 0.11359060509226264
1 0.7926479737831947 0.27614485600989586 0.2718061840799308 0.21399939974588617
3 0.8785795948897569 0.059226726675412525 0.24284081022048615 0.11845345335082505
2 0.19749520868121537 0.11601359492185478 0.3823436405769446 0.20327327332458744
3 0.15529344414791693 0.31952500277201024 0.276310539703264 0.13936342079257358
0 0.21760638050895836 0.038958271258448904 0.08045121941479165 0.0374537683452643
0 0.51681086597566 0.22258502943330533 0.13081489532659737 0.05599093671876345
0 0.5018593196228822 0.28604058468085974 0.15825021751493046 0.09503802616718496
0 0.12125751025541746 0.9410961658838376 0.12812630642076392 0.07455892619541978
1 0.38894631800736157 0.5437382345679203 0.3011663757593057 0.20166599971765126
2 0.8991129132783682 0.3431664850620305 0.20177417344326365 0.14969470506402774