1 0.16045263685499328 0.21187258365741474 0.21661832551403837 0.31150796279135695
0 0.08203125 0.1171875 0.1640625 0.234375
1 0.32421875 0.02734375 0.2453125 0.0546875
0 0.559375 0.25234375 0.059375 0.1703125
1 0.2953125 0.48515625 0.20625 0.3484375
0 0.5296875 0.6078125 0.08125 0.103125
3 0.44609375 0.63203125 0.1359375 0.0546875
3 0.14804084612193175 0.4565675247644073 0.19443768689433422 0.21721232576804841
2 0.7041919291775386 0.3052456161415524 0.20383410224924353 0.3515873257680484
0 0.80703125 0.04609375 0.0890625 0.0921875
0 0.9310214989915938 0.11894356150971416 0.10508025595208466 0.18759425843752045
0 0.9118080512014963 0.40490834336087966 0.11601775595208466 0.18797620435383636
0 0.6265625 0.59765625 0.075 0.1234375
0 0.65703125 0.58984375 0.0953125 0.1390625
2 0.77421875 0.5859375 0.2109375 0.146875
3 0.9375 0.62265625 0.125 0.0734375
0 0.025 0.80859375 0.05 0.1796875
2 0.0796875 0.97421875 0.159375 0.0515625
3 0.61796875 0.7484375 0.0578125 0.16875
3 0.8804548723529336 0.8854242225796398 0.13900750569998327 0.11552085099579194
3 0.671875 0.9625 0.13125 0.075
0 0.63125 0.953125 0.084375 0.09375