3 0.8788685159720394 0.18633342592169638 0.12713303029369385 0.13944454827463013
0 0.9373168655524766 0.37891404585196703 0.07746491701630234 0.16083894703379284
0 0.7232325613893587 0.9220704680305776 0.10379061867597628 0.15585906393884486
0 0.7854387473007076 0.14445764633649966 0.09188261452679143 0.1665097928267485
1 0.611907081533805 0.10247832392455447 0.2118865385920639 0.12982888367602557
0 0.4171549630583214 0.527107347305565 0.1250736228251613 0.15328852698730663
3 0.5635554437622895 0.5954634994189223 0.1143999224148871 0.34060285668871887
0 0.5571106539208259 0.8981732361773705 0.12121491701630234 0.16389824505632156
0 0.6127695806853906 0.8580834677400386 0.07980774440092268 0.10971348960843982
0 0.18945232508631318 0.7232400300893997 0.09365860207923685 0.18994729282674855
0 0.1381723223870208 0.8091886017450403 0.0979191269743461 0.14361859604505725
1 0.03626569626108922 0.49935514381548424 0.07253139252217844 0.27152507475773363
0 0.3162985836083975 0.08573431227248654 0.11427783278320494 0.13388296312533624
2 0.2480310678368506 0.2403946791006641 0.2111313672260838 0.26343905917039334
0 0.12700725020049267 0.29319226114786484 0.0985344336130419 0.1312278566887189
0 0.2616914101446032 0.8892963548471335 0.10653711037760658 0.17530563861970377
1 0.4818272340047384 0.8494856378249622 0.11226873735195272 0.30102872435007555