0 0.3266521596388564 0.3568296842592189 0.1273716368892682 0.1564648587069682
1 0.5109375 0.35 0.184375 0.2
0 0.14765625 0.97109375 0.1046875 0.0578125
0 0.228125 0.9390625 0.0625 0.121875
0 0.14181058685099615 0.8148438196207518 0.13267987510244392 0.20346719269935692
0 0.121875 0.95 0.078125 0.1
0 0.06875 0.9484375 0.1375 0.103125
0 0.05390625 0.875 0.1078125 0.11875
0 0.02265625 0.928125 0.0453125 0.14375
0 0.08078534967127773 0.7689848329666246 0.10818498924663303 0.14632585475263546
0 0.01484375 0.690625 0.0296875 0.128125
0 0.8598907686112499 0.5651661773019556 0.13595042431665547 0.2067195266917457
1 0.865625 0.84453125 0.26875 0.3109375