3 0.9142164620996878 0.4757623267122925 0.17067878875333342 0.15778688296032684
3 0.40703125 0.553125 0.4328125 0.153125
3 0.5904438152544792 0.043947130684015165 0.23713763050895836 0.06255146567298446
1 0.63359375 0.546875 0.2828125 0.165625
0 0.24375 0.2234375 0.109375 0.1
0 0.2828125 0.45703125 0.1875 0.1140625
2 0.321875 0.0640625 0.265625 0.128125
0 0.48957229948690983 0.06890428122213442 0.16014002583555573 0.10735023531769158
1 0.8421875 0.74609375 0.315625 0.2328125
1 0.93515625 0.678125 0.1296875 0.096875
2 0.32578125 0.7171875 0.2734375 0.175
1 0.5046875 0.65859375 0.340625 0.0578125
2 0.5484375 0.734375 0.409375 0.209375