0 0.18513916335136282 0.14672440249415533 0.13397610534690846 0.11006392946385705
0 0.33440336668522647 0.1619377732447241 0.17300224267981754 0.10989890871793265
1 0.145887401376498 0.3287430744848352 0.2870112933640895 0.2481111489696704
0 0.18425101471990663 0.4058034045687478 0.17939769334818112 0.12287250539858471
0 0.11428450739972422 0.49729124232633015 0.17803518801718102 0.13994160622842172
1 0.26861747139558806 0.47854401017246956 0.26448176535645357 0.19020356058738805
0 0.142566238104677 0.7812168790489386 0.13257723734881743 0.12400803029369385
0 0.26237875143217726 0.7473648651514914 0.17936133068109025 0.11974750539858477
0 0.395691238104677 0.8003975446153484 0.12303860534690844 0.10923513527271603
3 0.27382423408654144 0.6576870585127956 0.44000902402927144 0.24877676764564677
3 0.6147032254137235 0.6382447771934163 0.2895544906906352 0.19834794730999655
3 0.7790015354073602 0.6038608896456154 0.27116811736154406 0.22817715726804016
0 0.6002123693904974 0.4662038338321121 0.1688783640197263 0.15798121120744354
1 0.8350055400620426 0.5199012093565657 0.3233124200349984 0.28208432988342
3 0.616960780673136 0.09436472262931296 0.330796561346272 0.12029472490439808
0 0.5954130446769541 0.12083213424703063 0.16353633601209036 0.10137601369695451
1 0.925474356699544 0.6300709599812656 0.14905128660091194 0.1632840178461393
0 0.974730016709089 0.7462413342563193 0.05053996658182207 0.09969326929603177