0 0.2071937038346535 0.34766212889343784 0.0820877610179167 0.10497974715020816
1 0.075 0.05 0.15 0.1
0 0.64921875 0.1125 0.0609375 0.165625
2 0.28359375 0.07109375 0.2296875 0.1421875
2 0.1734375 0.06015625 0.16875 0.1203125
0 0.06171875 0.390625 0.1234375 0.0625
0 0.5953463608447576 0.2840795928929866 0.07071384992375015 0.08597517401194459
3 0.6421875 0.26171875 0.075 0.1703125
0 0.26171875 0.49453125 0.1515625 0.0703125
0 0.746875 0.93515625 0.134375 0.1296875
2 0.8765625 0.953125 0.2125 0.09375
0 0.8432350809251394 0.7056993665443408 0.11602765634451409 0.15418096656500016