0 0.8519077788172513 0.10648228912112226 0.18455800649282175 0.10958079715018094
1 0.8695786996789838 0.3036815157153739 0.25993983603812654 0.13538638059640906
0 0.3859375 0.92890625 0.046875 0.0890625
0 0.21485424351047352 0.9091203674789676 0.1719761858759707 0.10423819990914289
0 0.266630977682161 0.8547504500206846 0.15141822402541755 0.08911116689245624
0 0.14394745414321058 0.8498848083429991 0.10607845048646727 0.08517393939369348
0 0.07040876826723981 0.9414304992070305 0.12811709172016955 0.09569535956551008
0 0.02734375 0.7796875 0.0546875 0.09375
0 0.10090656615591946 0.8069669679993661 0.09473184740221222 0.06116322930778502
0 0.15950999878547928 0.7646842927391668 0.19237050649282175 0.10999023292582973
0 0.2216242151002592 0.745262585366792 0.1872739034085667 0.08630707146044045
0 0.36171875 0.74765625 0.0953125 0.0953125
0 0.3734375 0.6578125 0.071875 0.10625
0 0.2993867508140742 0.6805250559681499 0.19261596834337488 0.12405273292582972
0 0.28771859375205955 0.6322137087271119 0.09599433847375849 0.04405761646291486
0 0.35 0.60625 0.084375 0.034375
0 0.04453125 0.7109375 0.0890625 0.09375
0 0.10803504789197485 0.6673688794647552 0.13730117694751698 0.08524918249628843
0 0.2515625 0.6046875 0.15 0.03125
3 0.76875 0.66875 0.1375 0.159375
0 0.440625 0.95 0.0625 0.1