2 0.34765625 0.2625 0.0828125 0.1125
1 0.30078125 0.09296875 0.1765625 0.1859375
1 0.34921875 0.83515625 0.0796875 0.3296875
0 0.34296875 0.9546875 0.0921875 0.090625
0 0.0203125 0.8203125 0.040625 0.18125
0 0.32794190640884296 0.45306337117477613 0.11216639227157366 0.1466400468904335
0 0.175 0.9640625 0.159375 0.071875
3 0.2296875 0.96328125 0.165625 0.0734375
0 0.0921875 0.3515625 0.146875 0.065625
3 0.42734375 0.9203125 0.0765625 0.159375
1 0.53359375 0.91796875 0.2484375 0.1640625
0 0.5427222655978716 0.7543378381817897 0.14368837728583284 0.2763042361025526
3 0.7145767246931493 0.6777072510489072 0.19534933063166626 0.21037250539858476
0 0.6703125 0.4015625 0.178125 0.165625
0 0.7121228338356951 0.4360875134964619 0.07708876324231469 0.10052206348717307
0 0.5572111584350934 0.4628840439906485 0.12909961404351816 0.1805181394219008
0 0.4911378076338897 0.5349473755244536 0.09443208812453677 0.13908765601864026
3 0.409375 0.6234375 0.040625 0.265625
2 0.85 0.40703125 0.3 0.1765625