1 0.2671875 0.24296875 0.365625 0.2890625
1 0.06640625 0.3546875 0.1328125 0.109375
3 0.6953125 0.38828125 0.20625 0.0421875
0 0.71015625 0.35625 0.1828125 0.10625
1 0.3333431124289771 0.8066882680509391 0.2214517153566284 0.172792359653009
3 0.3921875 0.45390625 0.115625 0.0890625
0 0.15457245268535919 0.5188237299557014 0.23454371120744355 0.18140589605020363
0 0.34296875 0.58828125 0.2140625 0.1328125
1 0.5390625 0.690625 0.178125 0.334375
1 0.4875 0.49375 0.075 0.16875
1 0.89375 0.72578125 0.2125 0.2421875