2 0.0640625 0.36640625 0.128125 0.4328125
2 0.48984375 0.44609375 0.1984375 0.3734375
1 0.29140625 0.32421875 0.284375 0.415625
1 0.32421875 0.45234375 0.2484375 0.2890625
3 0.4109375 0.475 0.140625 0.2921875
3 0.33359375 0.090625 0.1703125 0.18125
1 0.23671875 0.090625 0.2140625 0.18125
2 0.82578125 0.5953125 0.1890625 0.146875
0 0.86015625 0.31640625 0.1359375 0.196875
1 0.67578125 0.38125 0.1734375 0.275
0 0.35859375 0.8484375 0.1015625 0.1609375
3 0.5046875 0.78671875 0.16875 0.2359375
3 0.5421875 0.90546875 0.09375 0.1421875
3 0.9328125 0.93671875 0.134375 0.1265625