3 0.7498155884141721 0.7075110982559155 0.20832260187015272 0.35744992739850956
1 0.5641008022116226 0.6681480955254411 0.417416842500379 0.5789714451560988
0 0.4031718716898552 0.8000288337197802 0.23134194535249045 0.28571128278470387
0 0.2887230314289714 0.8657714875069681 0.12601812021691713 0.1757272287263696
0 0.341525323681645 0.9215493097156753 0.11951359016268785 0.13194086729005078
3 0.15127354928475642 0.721998240728422 0.20357146935659554 0.34648515632127064
0 0.29409282924078983 0.6142317134046672 0.14182492739850955 0.20706813231716553
1 0.4131251512531051 0.4321055355151783 0.2114657825883121 0.3605931081166688
0 0.4387988795866911 0.04786689090137258 0.09427724082661779 0.09117042154477706
0 0.5773432291191529 0.13773843285945855 0.1290340359079618 0.15699540944452864
3 0.7195957815271672 0.930833406124879 0.12582722267624522 0.13833318775024211