1 0.5870253714397559 0.6062647309789746 0.39518410447712726 0.22415255334804093
1 0.8363459407524898 0.6819388573242728 0.23110831637205784 0.2757406703877141
0 0.8483811097926525 0.2589743922704609 0.1401889880142125 0.1171961162111037
0 0.9065488138856669 0.19002103102175585 0.1520338907731741 0.10527831306795057
3 0.6575248156946893 0.1533002427657989 0.36007212008095946 0.20848901199171208
3 0.4088825978068649 0.1687776552956302 0.26673155585660824 0.21193503556536059
0 0.6695324135015541 0.3405626482663169 0.13739153663473153 0.12330056699689199
3 0.42634574174785794 0.8467720686540311 0.1238270036180447 0.10240587014004525
0 0.2712565292871005 0.7129343777930403 0.18985479534115868 0.1428896290313853
3 0.1572670296257848 0.49379273366506177 0.2534945714604405 0.19729033870851378
1 0.39496402419871784 0.6276796203494421 0.2661517017181653 0.23061226095825482