0 0.6803005744011166 0.22343517911683008 0.215850729307785 0.11096867728066222
2 0.6865749078473447 0.1486264977532819 0.1911030348257091 0.08405549091614421
0 0.5727569900503773 0.314299681991768 0.20541119629109836 0.08989090273485507
3 0.606459203415646 0.4347395988114487 0.11232293758467105 0.06517820303441742
1 0.39318459746818063 0.4471446486519691 0.17380042740790583 0.2288897587939916
2 0.29948326436063677 0.28885417440572436 0.22818695499752567 0.10886404334173853
2 0.12553617028538783 0.4847093240964636 0.25107234057077565 0.20140222970625654
3 0.334486785391536 0.15989999804314597 0.32259205223856363 0.12901678879981068
2 0.40482029681149667 0.07541316986379645 0.1340275192218769 0.09339879788366642
0 0.16746862449197358 0.35261417227969244 0.1851739393936934 0.11935526212797161
3 0.741989510403908 0.6482276271502777 0.21599457146044046 0.20277354000775868
1 0.2873761742441464 0.7594057904668007 0.2519453595655099 0.14658718394862208
0 0.2800162963612708 0.9447533591032524 0.11076043758467105 0.06505065727678279
0 0.056351861432332694 0.7977197650029095 0.11270372286466539 0.14167680121764636
0 0.053203607248461196 0.5706948793969959 0.10640721449692239 0.09917056576151388
1 0.5267064263918529 0.5043348795661737 0.13501016508343397 0.11214879788366652