0 0.23527197796318325 0.1690481260436462 0.13572220282385156 0.10309124525034719
1 0.140625 0.42265625 0.28125 0.1921875
0 0.3230829003704409 0.4290790491056601 0.22297816191590947 0.150403962765278
0 0.31275446879198315 0.24668412319385452 0.07815374373179385 0.0564695119678472
1 0.41796875 0.4734375 0.2234375 0.1125
1 0.0734375 0.2921875 0.146875 0.1
1 0.39296875 0.01328125 0.1796875 0.0265625
1 0.8453125 0.2234375 0.309375 0.421875
1 0.29292065657214 0.7544966231938546 0.24152958511458972 0.19767900626826407
3 0.33359375 0.9234375 0.3140625 0.153125
0 0.49375 0.83984375 0.071875 0.1234375
0 0.7144703622989855 0.6369058136389586 0.2069439849563052 0.13597778685347234
0 0.91328125 0.8859375 0.1734375 0.13125