3 0.022849909581820583 0.11824143713752688 0.045699819163641166 0.10210787427505377
3 0.07965703060889737 0.2568079522843739 0.12504771543676993 0.24001153859206373
1 0.20436521193954776 0.19651183755708973 0.2483525642579063 0.3225657746946166
0 0.2617479945256115 0.4422280018740998 0.13958505931499046 0.29095873195336797
3 0.4525029871112377 0.4919473498041517 0.19753021049385405 0.222138799589726
3 0.9180841551331962 0.12442461122602114 0.051331689733607536 0.11292697510489073
0 0.868860227188225 0.9570507476246686 0.10244852076024671 0.08589850475066285
0 0.46496058886094255 0.80165423652676 0.17976970752810462 0.20677390871793264
0 0.49713110171252384 0.7429663207598576 0.07751218775644109 0.10556476099766207
0 0.3326229327391631 0.7414719078927401 0.12769787155854945 0.1903667361025528
0 0.2513530281002584 0.6781063022890182 0.09479252965749527 0.14737375269929237
3 0.08410445007654968 0.6125727002097815 0.16820890015309936 0.27827040041956297
2 0.6686294169218323 0.8272362529113959 0.3081387411399323 0.34552749417720807