0 0.51875 0.04765625 0.18125 0.0953125
0 0.0375 0.19140625 0.075 0.1421875
0 0.05234375 0.11484375 0.1046875 0.1109375
0 0.1295093674092552 0.1857257884641476 0.15350704827463008 0.1273487398605413
0 0.21484375 0.034375 0.2171875 0.06875
0 0.07669535986768664 0.06269783388878611 0.110041271539425 0.08388296312533612
0 0.06015625 0.05703125 0.1203125 0.1140625
1 0.93515625 0.43203125 0.1296875 0.1140625
2 0.86328125 0.3046875 0.2734375 0.234375
1 0.87578125 0.19921875 0.2484375 0.2984375
0 0.73046875 0.21484375 0.0828125 0.1546875
2 0.15625 0.8796875 0.3125 0.20625
1 0.1421875 0.95703125 0.259375 0.0859375
0 0.27734375 0.97578125 0.0984375 0.0484375
0 0.1046875 0.59453125 0.209375 0.1921875
1 0.12578125 0.55078125 0.2515625 0.1234375
2 0.4671875 0.6390625 0.3875 0.3
0 0.1643542609726379 0.6994926295655262 0.1525237024816745 0.11328623986054147
0 0.65859375 0.88359375 0.0609375 0.0953125
2 0.7640625 0.91171875 0.15 0.1765625
3 0.7203125 0.5171875 0.0625 0.05625
0 0.95 0.7203125 0.1 0.15
1 0.9359375 0.91015625 0.128125 0.1796875