0 0.48350297602842474 0.23011160876300268 0.11542136137453216 0.17685460064862307
0 0.5532522320213186 0.1759110783241935 0.06519563206674714 0.08231366801906326
0 0.10363832937389825 0.830737531249588 0.11780937697836444 0.16284664772652385
0 0.21650017751944742 0.8693927025150622 0.14708744120271566 0.15555234496658024
0 0.3337972201470726 0.9331024208584371 0.10285940637700666 0.08609323295387128
0 0.3854405280398458 0.7568223388775003 0.14272084577069996 0.19138075081077907
0 0.4310263449777304 0.8224024744291596 0.12109815128862392 0.16602619480442443
0 0.4559300904551747 0.7018541952081663 0.10951219810012063 0.12367505357072232
0 0.3759759175698247 0.60601381533855 0.12636550542706698 0.14738528896022593
0 0.5535000520114209 0.5380837958567894 0.13893410447712712 0.20848643019392785
0 0.5058139037750149 0.6707229719935275 0.08204893939369348 0.10602390340856668
0 0.5375828821782888 0.7407451456946337 0.15480476594251655 0.21344666558343128
0 0.5480943362713032 0.80727412661991 0.12923155585660825 0.20207278896022593
0 0.5180460673881107 0.944225107141445 0.11872342378986112 0.11154978571710998
0 0.608295931137492 0.9676313794625792 0.12259869629109836 0.06473724107484173
0 0.5998416220015235 0.8963330779204517 0.16746854025277608 0.20733384415909661
0 0.6498416220015235 0.9019338360348312 0.06477955223856355 0.10416139448011279
0 0.6798843260945379 0.9629671988616142 0.08254690637700665 0.07406560227677161
0 0.6101395556294656 0.6358588226421507 0.11872342378986112 0.12071369480442443
0 0.6439623569635181 0.715283269882207 0.117318054047586 0.15347164772652383
0 0.634876204770383 0.5270156566516823 0.11402927973732649 0.15029210064862325
0 0.768722260288307 0.5043748177708867 0.10523413387576923 0.13140573295387128
0 0.19682508536679205 0.7769461038950339 0.0966846494796016 0.11720686525911965
0 0.6970098710970123 0.8785605657422918 0.09577060266810503 0.15933981818121906