0 0.01640625 0.5921875 0.0328125 0.115625
0 0.1046875 0.6234375 0.0875 0.053125
0 0.11640625 0.4412728771508041 0.0984375 0.17713519262201594
0 0.1765625 0.49404789832623874 0.084375 0.15517837939029916
0 0.175 0.36593198868531845 0.0828125 0.11141928903121964
0 0.075 0.2930762716664141 0.0921875 0.1317863311856975
0 0.2359375 0.17417121468121338 0.0875 0.19894656010845857
0 0.2171875 0.3203740489901688 0.0578125 0.09877384328594588
0 0.26328125 0.3802621333973201 0.1046875 0.19904655405833438
0 0.28828125 0.4449604376520463 0.078125 0.1957670179539809
0 0.29140625 0.59609375 0.0921875 0.1078125
0 0.38671875 0.6076689950300302 0.1046875 0.08342155405833437
0 0.35859375 0.5242388714934634 0.11875 0.1991283672900508
0 0.4078125 0.5106712751824555 0.0390625 0.10022725897699054
0 0.45390625 0.5744656095896067 0.0625 0.0863011143631848
0 0.3125 0.2541945370863122 0.09375 0.10367042154477701
0 0.3625 0.32421614559576445 0.0828125 0.14110678903121965
0 0.3140625 0.13934169672723257 0.08125 0.13953519867214012
0 0.440625 0.07688662764178353 0.0765625 0.11919542759490125
0 0.45 0.4729258354873057 0.05625 0.1565772529268663
0 0.75234375 0.04765625 0.0734375 0.0953125
0 0.76796875 0.5640625 0.0984375 0.171875
0 0.828125 0.59609375 0.084375 0.1078125
0 0.8265625 0.4924944886853185 0.0828125 0.11141928903121964
0 0.7265625 0.4196387716664141 0.0921875 0.1317863311856975
0 0.8875 0.30073371468121335 0.0875 0.19894656010845857
0 0.86875 0.44693654899016877 0.0578125 0.09877384328594588
0 0.91484375 0.5068246333973201 0.1046875 0.19904655405833438
0 0.9390625 0.56171875 0.078125 0.1765625
0 0.975 0.6 0.05 0.1
0 0.95859375 0.3796875 0.0828125 0.103125
0 0.9859375 0.45 0.028125 0.140625
0 0.9625 0.26484375 0.075 0.1390625
0 0.05625 0.7738904553114395 0.0578125 0.11439884328594588
1 0.86953125 0.675 0.1359375 0.05