3 0.17265625 0.20078125 0.3453125 0.2015625
2 0.7743743278660478 0.3040156283582257 0.21845105991206673 0.23491636031120047
0 0.46158395725634715 0.7444495675976818 0.1396988251355733 0.1207265724294736
0 0.05 0.87734375 0.1 0.1296875
3 0.515625 0.54921875 0.146875 0.1203125
3 0.071875 0.9640625 0.14375 0.071875
2 0.3125 0.953125 0.378125 0.09375
0 0.33102430366555097 0.718174496835198 0.1506999576491305 0.13255689273291543
3 0.265625 0.8625 0.378125 0.275
3 0.6609375 0.834375 0.14375 0.1875
0 0.64375 0.98125 0.109375 0.0375
0 0.8501328519683486 0.7810098524352926 0.14899201190385672 0.10742934697528081
0 0.7465987858097659 0.7022793324314133 0.14119769262201592 0.10991661818710821
3 0.9296875 0.71015625 0.140625 0.2140625