2 0.21540265729705582 0.343797095361226 0.40968855172849494 0.17658396538827015
3 0.473127892253361 0.4780015620623607 0.26762072367353407 0.2327237827020893
3 0.23083875534376935 0.579053342695726 0.3017229390337981 0.22374877204008908
3 0.8226886569013445 0.19857133744426764 0.2578532670887589 0.16544537603436207
0 0.8790847240692455 0.39213098078449454 0.1637108105039836 0.09718517735518084
1 0.9601528676427549 0.8422951601288577 0.07969426471449026 0.1605567866804538
1 0.927092663565262 0.6755343741247215 0.14581467286947608 0.1847033586887262
0 0.7652809176553902 0.882827611433768 0.18232441818411543 0.09271585335772628
1 0.7585031025990601 0.5156855647676317 0.3428025801000249 0.23984648671227066
0 0.04774980753448267 0.43322158000477257 0.07349498746358768 0.11019316000954507
0 0.08264191389446639 0.907685778007636 0.07809155925034232 0.10712270401018138
3 0.8932692445232167 0.7868349534531763 0.2134615109535666 0.11835220003181668