0 0.1604295977581911 0.4982280281002584 0.11350803756616053 0.18245435574121877
0 0.11555349646559679 0.5850714534994097 0.06431185079830275 0.08529551285158128
0 0.06015625 0.02890625 0.1203125 0.0578125
0 0.0296875 0.05546875 0.059375 0.1109375
0 0.11682676676873296 0.09442920745374242 0.12479836463846716 0.1532761917107738
0 0.02265625 0.2484375 0.0453125 0.215625
0 0.7182420977581911 0.4904155281002584 0.11350803756616053 0.18245435574121877
0 0.6733659964655968 0.5772589534994097 0.06431185079830275 0.08529551285158128
0 0.60703125 0.025 0.1421875 0.05
0 0.56328125 0.0515625 0.1078125 0.103125
0 0.674639266768733 0.08661670745374242 0.12479836463846716 0.1532761917107738
0 0.54609375 0.240625 0.1140625 0.215625
0 0.5296875 0.09296875 0.08125 0.1109375
0 0.51875 0.07890625 0.059375 0.1578125
0 0.5046875 0.29375 0.03125 0.15625
1 0.6484375 0.76640625 0.1875 0.1140625