0 0.40791041042648735 0.2694959554518109 0.17883404800821018 0.13121013568479184
0 0.43359375 0.20234375 0.1328125 0.1109375
0 0.3292359645830175 0.2337875067858633 0.11617042154477701 0.09980964947960161
0 0.27785020570422303 0.3403550893275803 0.1381363251355733 0.11658106965141819
0 0.14186777478967202 0.2209577154014335 0.19754768657189176 0.12594278154634875
0 0.27941777176460986 0.2051578957500153 0.10040906615858276 0.07555327792830406
0 0.32738763915285674 0.14875408751855793 0.20076359016268785 0.14173155585660827
0 0.38226603669352865 0.11307553708901663 0.19281473477649377 0.11788462008095948
0 0.48203125 0.06953125 0.0359375 0.1171875
0 0.4203125 0.053125 0.159375 0.10625
0 0.42109375 0.00859375 0.0984375 0.0171875
0 0.2032961541799713 0.13338911635137318 0.10997496369925486 0.10885710085908258
0 0.2591057926454571 0.07188837234426701 0.14433178298109545 0.10753361827193722
0 0.0969325246914761 0.15848869290019635 0.14119769262201592 0.10580734396167771
0 0.03984375 0.05625 0.0796875 0.096875
0 0.47578125 0.4109375 0.0484375 0.078125
0 0.7237792874790956 0.31944388229388976 0.17091246369925486 0.11205069990914289
0 0.5546875 0.41796875 0.109375 0.0640625
0 0.4359375 0.4703125 0.128125 0.040625
0 0.95234375 0.4546875 0.0953125 0.009375
2 0.8203125 0.503125 0.2125 0.10625