0 0.03046875 0.078125 0.0609375 0.15625
0 0.1328125 0.06328125 0.11875 0.1265625
0 0.25859375 0.025 0.0890625 0.05
0 0.27265625 0.16171875 0.1046875 0.1140625
0 0.33038936052962076 0.13653284770633736 0.08810517912609299 0.15783765601864025
0 0.415625 0.17578125 0.1125 0.0859375
0 0.43828125 0.1453125 0.0859375 0.146875
0 0.4390625 0.03984375 0.096875 0.0796875
0 0.49765625 0.02265625 0.0421875 0.0453125
0 0.48125 0.0921875 0.075 0.184375
0 0.09701386533894416 0.1479835236457094 0.07385914065150559 0.10689046265733607
1 0.8828125 0.0484375 0.184375 0.096875
0 0.82734375 0.08203125 0.1140625 0.1640625
0 0.046875 0.96171875 0.09375 0.0765625
0 0.22265625 0.26484375 0.1046875 0.0921875
1 0.11171875 0.25703125 0.1828125 0.0765625
2 0.27290420962649603 0.45211919106299714 0.21421630054030488 0.24375369046151912
0 0.4296875 0.2484375 0.10625 0.059375
2 0.2671875 0.896875 0.121875 0.20625
0 0.8534597173462263 0.803792125300739 0.08067462504240899 0.1681831601678251
0 0.9104339144436686 0.8680429568345442 0.04943949400955017 0.07698947510489092
0 0.85859375 0.2875 0.1046875 0.1375
0 0.915625 0.25234375 0.0875 0.0671875
0 0.9166765461943177 0.3322714001958483 0.08501489546082901 0.11396925684847722
0 0.8225966747801057 0.4157602516503852 0.09666172359113023 0.13511055103961844
0 0.96484375 0.5078125 0.0703125 0.2
0 0.9581993580825501 0.3704216730163651 0.06270338584218216 0.0998116684661949
0 0.97265625 0.3125 0.0546875 0.1875
0 0.68203125 0.2453125 0.0734375 0.053125