2 0.7804813510151357 0.382524733794535 0.31865887877445687 0.5610203549934107
2 0.5831698527131788 0.1673941166026799 0.1725897054263575 0.32900676483072294
1 0.5141158713732012 0.3450509631100796 0.18949780073828038 0.2759999394987579
1 0.15038763109080883 0.1531618823171656 0.16722228253968324 0.26962267447164334
1 0.2256097856220022 0.5714124334486337 0.2739495511997059 0.44830218637550007
3 0.29961208281653845 0.37347944837755254 0.07805965299003396 0.2675420240041051
1 0.6813672347268381 0.6638742068635637 0.2088881508305656 0.3104749334486339
1 0.8992613433001131 0.8928657735131257 0.1577681369509051 0.21426845297374858
1 0.7894660387043212 0.8737521591499411 0.19298374614248887 0.25249568170011794
3 0.6399469000553732 0.8686328670936593 0.1920220234403846 0.2627342658126815
3 0.4742112785252884 0.8909277753202444 0.10318076650055427 0.21814444935951122
1 0.45604586211701914 0.7062970144379396 0.12012603947951353 0.3146442829810955
0 0.25252844077150444 0.7964851563212706 0.06906897748246603 0.07849770472226432
1 0.5906163309616119 0.9521538942210223 0.12193316162790727 0.09569221155795553