0 0.5755250693030014 0.23689350873680604 0.10207267202418073 0.18045252583555565
0 0.5051585726448191 0.17273878333809073 0.06033861067790856 0.08419446846486114
0 0.9430434505490508 0.8885904806201397 0.09529541335136286 0.13499455547083344
0 0.8294167552116875 0.9156413302595492 0.13108746268299926 0.12333101006798622
0 0.7053338178708242 0.9682370405562853 0.09276930267345432 0.05214568787965277
0 0.661240014560823 0.7952891966164588 0.12878062269254437 0.19357077488562507
0 0.6120570798854599 0.8582243012898616 0.11133858402290801 0.171295731382639
0 0.5901104492361864 0.7295537874221533 0.09985564401654479 0.12416615824437507
0 0.6755581479153675 0.6393301373459034 0.11731586401972631 0.1480037017473613
0 0.493745621260367 0.5491376291777781 0.12278516136218051 0.21530030452090293
0 0.5397564605745042 0.6916530907087852 0.0746556493475449 0.10639677678548623
0 0.503791141231732 0.7603660699072226 0.13844652402927124 0.2187889804327085
0 0.49128150322250513 0.8280620629733685 0.1117749360279987 0.20879573138263902
0 0.513900295870506 0.9593977562682641 0.10732269867918127 0.08120448746347186
0 0.4206951885344152 0.9785828609416669 0.11466248400699967 0.04283427811666627
0 0.4348400518778238 0.9043095595548959 0.15232721069381688 0.19138088089020827
0 0.38399516721041477 0.9146515667730906 0.05590564934754472 0.10596036569131932
0 0.34892018586891516 0.9693708618915974 0.07736247867599957 0.06125827621680528
0 0.4324803099140949 0.6430499769173268 0.11230110001590835 0.11976959897381949
0 0.39562465257004986 0.7211197723201739 0.10646927068745357 0.15556162860909736
0 0.4103791379296851 0.5276607130496184 0.10487040802036271 0.1524002610179167
0 0.27329730860123025 0.4885228650257294 0.09525905068427196 0.13186955547083343
0 0.8545536625557325 0.8372987779228479 0.08886360001590816 0.11922408510611113
0 0.33588493121423274 0.8853991714464933 0.08315904002227174 0.16595361474138884