2 0.1453125 0.02421875 0.215625 0.0484375
1 0.1677276583016299 0.6791702578714844 0.2165877137039529 0.11640754448624265
1 0.434375 0.18984375 0.209375 0.3796875
0 0.40859375 0.640625 0.1296875 0.196875
0 0.6476507694490194 0.2171782993547966 0.1340894742194024 0.17853085969555132
3 0.9109375 0.3046875 0.178125 0.334375
3 0.93984375 0.478125 0.1203125 0.225
0 0.38828125 0.02109375 0.0859375 0.0421875
0 0.35 0.0390625 0.040625 0.078125
0 0.34609375 0.621875 0.0328125 0.209375
2 0.4484375 0.9359375 0.2375 0.128125
0 0.7765625 0.803125 0.084375 0.128125
0 0.71640625 0.9609375 0.1078125 0.078125
3 0.8080770985998343 0.8530309332334547 0.15028768430531086 0.19010502965749526