2 0.729448982960462 0.8640625 0.30716148376465036 0.23125
0 0.7552531469190402 0.5046875 0.28465919236879245 0.1953125
0 0.18930045901117926 0.21015625 0.15201824188232518 0.115625
0 0.061582787745705136 0.68046875 0.12316557549141027 0.0765625
0 0.06822825406048506 0.634375 0.13645650812097013 0.075
0 0.12164003165992046 0.5953125 0.15654210064862312 0.10625
0 0.3417985730557783 0.559375 0.1237023271096728 0.1046875
1 0.27437747362497117 0.70703125 0.31360239853730265 0.2421875
1 0.08374988839432826 0.534375 0.16749977678865652 0.209375
1 0.08199340665662518 0.340625 0.16398681331325035 0.225
3 0.16868617573299632 0.36171875 0.13444100405718978 0.1828125
1 0.4948962995168279 0.5609375 0.31858990746575644 0.259375
0 0.5856048944834082 0.421875 0.14579551542127547 0.1171875
3 0.7462186607154626 0.171875 0.12326595048646745 0.0796875
3 0.8895366436726293 0.5546875 0.204944418829842 0.19375
1 0.9646629232973642 0.27890625 0.06314665665497757 0.1265625