2 0.55 0.29296875 0.178125 0.4328125
1 0.58125 0.06484375 0.115625 0.1078125
3 0.35859375 0.4765625 0.2578125 0.065625
3 0.275 0.03125 0.140625 0.0625
0 0.39140625 0.075 0.1328125 0.15
0 0.021875 0.0578125 0.04375 0.115625
3 0.0578125 0.9234375 0.115625 0.153125
0 0.08125 0.59375 0.153125 0.16875
2 0.29134220740081684 0.7102498075344826 0.2506037373846063 0.3552571159934022
0 0.43337769602827725 0.6106171835570147 0.14179800992479735 0.16328491316955063
0 0.03671875 0.7703125 0.0734375 0.178125
1 0.70859375 0.6390625 0.1390625 0.259375
2 0.9015625 0.878125 0.196875 0.24375
0 0.6578125 0.8515625 0.0375 0.18125