1 0.80703125 0.0890625 0.1796875 0.178125
0 0.984375 0.13984375 0.03125 0.1359375
0 0.8965100143746897 0.2576141919096008 0.0855223960668953 0.1696974303072194
0 0.8403556092239386 0.2352828349233591 0.09142170970237729 0.1465327488188736
2 0.4671086542326671 0.6185293553417791 0.16779224637615614 0.3377232332097771
1 0.37610088802180963 0.5816617832019277 0.23647860243529273 0.3011706635169964
1 0.253125 0.96328125 0.2 0.0734375
0 0.08125 0.42421875 0.0875 0.1296875
1 0.153125 0.9 0.109375 0.2
0 0.2903076828613603 0.8168428258528664 0.1208221672787225 0.16313989546082902
0 0.07013818832137204 0.6634276160567343 0.08689370636839744 0.12923612141421187
3 0.0628524914958724 0.858258966419554 0.09932954667571847 0.24340774881887378
1 0.0328125 0.63046875 0.065625 0.2453125
0 0.11148118119437034 0.8192163137871489 0.1312175333397989 0.17596727767481432
1 0.78203125 0.52734375 0.2484375 0.3359375
3 0.7453125 0.8296875 0.221875 0.340625
3 0.8640625 0.9109375 0.13125 0.178125