0 0.4390625 0.58515625 0.140625 0.1484375
0 0.36953125 0.6140625 0.1203125 0.090625
0 0.40559662000714525 0.5324271889722232 0.10841306956195354 0.12906136635259244
0 0.50703125 0.471875 0.1046875 0.153125
0 0.3988324398212004 0.3404543024500935 0.13775064431968734 0.21548688190398124
0 0.3779522212479825 0.4835987097074083 0.0838829631253363 0.11138585080120364
0 0.3191510216162996 0.5361078465123619 0.15359416560701078 0.21997889227157366
0 0.278125 0.57421875 0.128125 0.1703125
0 0.190625 0.60546875 0.165625 0.1078125
0 0.1484375 0.625 0.065625 0.06875
0 0.30629002471839273 0.40911541102699145 0.11578852698730664 0.12349487153638865
0 0.24214576122473944 0.47140965094222287 0.11506726114786484 0.1575964694628702
0 0.3365945197747142 0.2977582459939822 0.11328623986054129 0.15433476842611088
0 0.23379158388878615 0.2244464680487505 0.10416261213660052 0.1349012632423146
0 0.11875 0.58984375 0.096875 0.1390625
0 0.71328125 0.59296875 0.1328125 0.1328125
0 0.7734375 0.63125 0.121875 0.05625
2 0.7312025434078262 0.3826697796886581 0.26199652749150976 0.28226286173444387
2 0.87265625 0.04140625 0.1703125 0.0828125
0 0.01875 0.81953125 0.0375 0.1671875
3 0.0375 0.728125 0.075 0.1375