1 0.2361278790336399 0.684198387727153 0.4722557580672798 0.20952961531006978
0 0.753159001657139 0.6213087955902784 0.22613446856846853 0.1301278303564585
0 0.08279322932183557 0.07850816612815979 0.16558645864367114 0.0882663322563196
0 0.28732644809970115 0.4470081654625697 0.18899834160399792 0.13706750816812505
2 0.7756695866461084 0.9104265001874314 0.3566952638537389 0.15189634042444453
3 0.36547083457468454 0.14615548670097253 0.3538271290313853 0.19084973765090307
3 0.4505218833791207 0.9322709053945836 0.2816952638537389 0.1354581892108328
3 0.5429280545908952 0.08067922311760463 0.23289389081820958 0.14121080072118075
0 0.06012399710677048 0.7636825999237502 0.12024799421354096 0.08136171561506948
0 0.08072544148241798 0.8191701869297223 0.16145088296483595 0.08179812670923639
0 0.7324568957851175 0.7467445534740632 0.2201027923897861 0.13466985999173636