1 0.287814176276252 0.6365457643216544 0.23503225576575115 0.3866515854824975
3 0.10168416723114045 0.38121595643355877 0.11237160447712724 0.21394594606059664
3 0.4441261312737776 0.7386554838274678 0.1719103787873868 0.22157011452679143
0 0.40361291666531357 0.6040786516689627 0.1354881999091429 0.17990283278320512
0 0.5405208536841577 0.8704634361118415 0.13573386137453217 0.18459033278320486
3 0.7687177747604854 0.9180752017715313 0.1502876843053107 0.16384959645693725
0 0.9364984170039978 0.8685647749183312 0.096275213703953 0.11467965186945542
2 0.5267903878324983 0.4896870327924937 0.26149958050555194 0.4462400730349426
3 0.6326287935321363 0.13353396640553564 0.16608974672063964 0.14020171535662848
0 0.3816361815917772 0.1401937504242073 0.09133540818602892 0.1392060551888033
2 0.5503186618040734 0.2704760141211618 0.263914172319523 0.31413796805592076