1 0.07421875 0.12734375 0.1484375 0.2546875
1 0.09453125 0.5046875 0.1890625 0.228125
0 0.197033465162389 0.15928608198423203 0.21004416394474285 0.1456512394466932
0 0.0671875 0.5921875 0.134375 0.053125
1 0.7328125 0.33203125 0.50625 0.3859375
1 0.684375 0.5328125 0.409375 0.171875
2 0.15078125 0.7078125 0.3015625 0.178125
0 0.09838738169220562 0.8025526611224997 0.16779302000387925 0.10590690097293472
2 0.1953125 0.9671875 0.296875 0.065625
1 0.61875 0.72421875 0.278125 0.2109375
3 0.54375 0.67890625 0.128125 0.1203125