0 0.28236163009784576 0.6161310471432851 0.16709425684847723 0.09062354195220053
0 0.204590904992955 0.5649332972138723 0.0787887734452168 0.05436825256024882
0 0.9478699068554437 0.8253860938630473 0.10426018628911252 0.09816302616718495
0 0.8089305884055044 0.9895828641590139 0.1518710759347278 0.02083427168197218
0 0.9444892415011376 0.7122868543863909 0.11102151699772485 0.13253802616718496
0 0.9654044701305132 0.5895241885731405 0.06919105973897359 0.09681335779368574
0 0.7911437116316508 0.5866512756024875 0.17836364357108572 0.11616957352223167
0 0.8318978435803744 0.5291341781909711 0.1583112526992924 0.09789001038216938
0 0.7148170873565971 0.5339820309347466 0.1142060551888033 0.09065436305535748
0 0.6605574850768676 0.6288248230987085 0.13702824855010753 0.1044284367187636
0 0.5281449589323584 0.4826639126883043 0.19808414772027055 0.1095401419239657
0 0.666059356027929 0.496141125715427 0.09848596680652086 0.06796031570031094
0 0.7139514817528753 0.4507067993505981 0.20227474025173783 0.12378465244730923
0 0.7696919962750224 0.4267302440324565 0.19280465186945542 0.1014546261389501
0 0.9253616558181477 0.4179075228304773 0.14640324855010717 0.10497446828879457
0 0.9290798662890338 0.32879181492385207 0.14184026742193226 0.11738346302712266
0 0.8329364348624416 0.35807822554601787 0.2016594336130418 0.13619364718563745
0 0.8131558085127957 0.31259142029846343 0.09874607593472753 0.05086382096198285
0 0.8657354342377419 0.26743010971864994 0.0876668659766839 0.06888577886860806
0 0.5917562504242072 0.4085886468327016 0.10878484937994451 0.10122784200867016
0 0.6480053278088275 0.3605298494070678 0.14413035352912934 0.09550846302712265
0 0.4845949458601039 0.410903033777344 0.13932445435896632 0.09367294724210709
0 0.4096047560232846 0.2937540601562904 0.1216633576783142 0.0864218893637168
0 0.886991775743524 0.7532388071019315 0.10880816016782546 0.08100634727034209
0 0.7721513775990461 0.2744242913875031 0.1532918659766839 0.07270799985882563