1 0.14296875 0.0671875 0.1640625 0.134375
1 0.065625 0.1484375 0.13125 0.275
0 0.8375044239023708 0.1731314872295048 0.11730743217453857 0.17158519334818118
1 0.93046875 0.09609375 0.1390625 0.1921875
0 0.3203125 0.71640625 0.078125 0.1765625
0 0.10773791873057514 0.8703194012969562 0.09652405128112633 0.1947681546785447
0 0.028125 0.67109375 0.05625 0.1390625
2 0.240625 0.55859375 0.215625 0.1796875
2 0.14189878721799049 0.6471449832909111 0.11741874813797323 0.20750451201463563
3 0.22578125 0.93125 0.1859375 0.1375
0 0.0484375 0.97890625 0.096875 0.0421875
1 0.90859375 0.90078125 0.1828125 0.1984375
3 0.69296875 0.60859375 0.1859375 0.2796875
3 0.8279111000810533 0.6539109619271397 0.1836644863511488 0.2551249466899989
0 0.4718772698495949 0.6291318746419556 0.1036088052100678 0.17923406134627218
0 0.39609375 0.80859375 0.0734375 0.1515625
3 0.58359375 0.9078125 0.1453125 0.184375