1 0.01484375 0.35078125 0.0296875 0.2546875
1 0.0640625 0.14296875 0.128125 0.2109375
0 0.09507175663528851 0.41307288575736417 0.13719721622369904 0.121716287293461
0 0.2178943946659276 0.21156989474303883 0.33573245064599544 0.2518105589778255
1 0.23203125 0.0984375 0.3359375 0.196875
2 0.03125 0.37890625 0.0625 0.2265625
3 0.515625 0.5578125 0.209375 0.04375
3 0.48046875 0.51484375 0.1609375 0.1296875
3 0.6052732811554072 0.15421375172928053 0.2190875663159842 0.1588740361123347
0 0.921875 0.45859375 0.15625 0.0953125
0 0.713790280693982 0.3219146285009701 0.2037839389258032 0.11468752649368774
1 0.246875 0.953125 0.30625 0.09375
1 0.8140625 0.92734375 0.315625 0.1453125