0 0.03984375 0.26796875 0.0796875 0.1828125
0 0.48671875 0.0421875 0.1484375 0.084375
1 0.5264150283266502 0.19529394578672948 0.21506434367091246 0.33976335697722054
3 0.403125 0.0875 0.190625 0.175
3 0.34944592162605925 0.3559610235070371 0.19852319892376152 0.21855803667377885
0 0.1973932700544827 0.3497753121376698 0.09870298138875029 0.1808351539428031
0 0.54453125 0.484375 0.1578125 0.05
1 0.96015625 0.2703125 0.0796875 0.303125
1 0.16171875 0.621875 0.2234375 0.225
0 0.5546875 0.5703125 0.09375 0.121875
0 0.3671875 0.6453125 0.20625 0.271875
0 0.4795464904849781 0.790878028508007 0.0921575748547749 0.10714256242753387
1 0.475 0.903125 0.25625 0.19375
0 0.08203125 0.98671875 0.1109375 0.0265625
2 0.20280420801998938 0.7978623836490597 0.24551382299274813 0.32512677212991115
2 0.0515625 0.7734375 0.103125 0.284375
0 0.07801187737424628 0.909087312886576 0.12006855913900916 0.1716832945496865
0 0.82578125 0.54140625 0.0828125 0.0640625
2 0.97109375 0.7796875 0.0578125 0.35625