2 0.06796875 0.13515625 0.1359375 0.2703125
1 0.284375 0.31640625 0.25 0.0859375
0 0.7096282310900384 0.2666178840065978 0.21692843671876344 0.13577969028743925
0 0.6498598469879934 0.154101163631769 0.16703485253201392 0.1093703029821361
3 0.9359375 0.2609375 0.128125 0.196875
0 0.440625 0.8765625 0.078125 0.096875
0 0.4328125 0.53125 0.09375 0.090625
3 0.11171875 0.6921875 0.2234375 0.24375
2 0.39609375 0.63203125 0.1671875 0.2015625
1 0.5921875 0.878125 0.225 0.24375
1 0.64609375 0.51640625 0.3328125 0.2296875
0 0.7604003177664496 0.9130680205204781 0.20341196828879457 0.14474551332783517
0 0.6907901419239656 0.41659383729266786 0.1806423262236546 0.10196697994174028