0 0.498370364068597 0.16985307996702567 0.14274201190385655 0.1069191639447427
0 0.27109375 0.5 0.1140625 0.078125
1 0.52265625 0.4796875 0.1140625 0.11875
1 0.546875 0.315625 0.065625 0.221875
3 0.4875651951560986 0.3278409231492847 0.10725902985783761 0.18211061151914834
1 0.13125 0.45625 0.2625 0.165625
0 0.06015625 0.340625 0.1203125 0.109375
1 0.828125 0.11328125 0.33125 0.2265625
3 0.6984375 0.0640625 0.2375 0.128125
2 0.696875 0.29296875 0.234375 0.2140625
1 0.1359375 0.634375 0.271875 0.190625
0 0.05078125 0.5609375 0.1015625 0.04375