0 0.47265625 0.3375 0.1171875 0.203125
1 0.3875 0.06875 0.15625 0.1375
0 0.215625 0.021875 0.084375 0.04375
2 0.07109375 0.3359375 0.1421875 0.20625
0 0.6727973219287305 0.29193503578938296 0.14773061736154416 0.2179737398605413
1 0.70859375 0.19765625 0.3171875 0.3953125
0 0.8470166192711848 0.23687546723583558 0.14291584802672616 0.20670845792955622
3 0.8734375 0.03125 0.1875 0.0625
0 0.3116218225652775 0.8409834490506052 0.10826812802354446 0.18086722376899794
0 0.2723860525541415 0.9203378132808927 0.06030224801081765 0.08383940445914603
0 0.25078125 0.48046875 0.1171875 0.0828125
0 0.12460526993159408 0.5847395308457044 0.1289442546944532 0.21353761213660044
0 0.1109375 0.4671875 0.078125 0.05625
0 0.06328125 0.46953125 0.1265625 0.0609375
0 0.0453125 0.51796875 0.090625 0.1234375
0 0.05840755792491255 0.6293693338119116 0.10637836401972631 0.1526329631253361
2 0.940625 0.58984375 0.11875 0.2484375
3 0.7533244473265458 0.5079856427302034 0.20272610534690844 0.1140946230323638
1 0.61015625 0.925 0.1203125 0.15
0 0.66015625 0.95 0.1078125 0.1