2 0.19125957930961873 0.41792519156412133 0.25290940729444455 0.1468721658814808
0 0.075 0.4734375 0.15 0.071875
0 0.17890625 0.475 0.1015625 0.06875
0 0.5884612344198619 0.3891064159279637 0.14218880642076392 0.07949059330833283
0 0.4953125 0.3640625 0.090625 0.1375
1 0.309375 0.73203125 0.28125 0.2109375
3 0.3890625 0.84140625 0.121875 0.0984375
3 0.05078125 0.94296875 0.1015625 0.1140625
0 0.05546875 0.70234375 0.1109375 0.1109375
0 0.0640625 0.6046875 0.128125 0.14375
2 0.10625 0.81796875 0.2125 0.2296875
0 0.27734375 0.53046875 0.1234375 0.0421875
0 0.540625 0.92578125 0.18125 0.1109375
0 0.4953125 0.88125 0.090625 0.0875
0 0.6837308347248616 0.8955929873698161 0.11922408510611113 0.09775257775694435
1 0.878125 0.98203125 0.24375 0.0359375
2 0.5633780478713891 0.702583864090001 0.22398562670923622 0.17708734618305516