1 0.06015625 0.3265625 0.1203125 0.284375
0 0.03984375 0.14765625 0.0796875 0.1328125
2 0.34140625 0.15078125 0.1359375 0.3015625
2 0.67578125 0.40859375 0.2515625 0.1203125
1 0.86796875 0.1921875 0.2640625 0.38125
0 0.9875 0.4046875 0.025 0.128125
0 0.984375 0.1 0.03125 0.140625
3 0.64765625 0.1125 0.3078125 0.225
3 0.540625 0.4109375 0.2 0.115625
0 0.2921875 0.57578125 0.234375 0.2140625
2 0.50390625 0.64453125 0.1890625 0.3515625
0 0.453125 0.9375 0.0875 0.125
0 0.8811340058263692 0.8110327854073602 0.1508021787556686 0.20318063868554467