0 0.225 0.07109375 0.128125 0.1421875
0 0.25 0.0359375 0.078125 0.071875
0 0.26796875 0.11015625 0.0421875 0.1203125
0 0.22377981741534594 0.19500574701622825 0.11417660580511538 0.1438703683170294
0 0.04375 0.0328125 0.0875 0.065625
0 0.34140625 0.02109375 0.1046875 0.0421875
0 0.40386164309857636 0.17666527069375154 0.12809526206571756 0.1852234104104042
0 0.44470240870767297 0.11823041538972738 0.10858137023308564 0.16225634727034208
0 0.4746032182336526 0.23770075220731296 0.09778771397248338 0.12108531570031093
0 0.40190481741534595 0.32156824701622827 0.11417660580511538 0.1438703683170294
0 0.5763170295737308 0.40423507580013157 0.12250002649368774 0.2036093893637169
0 0.5233780241314351 0.2725076626883043 0.07380457694917482 0.10409523677523325
0 0.5508011304847047 0.20939301266006946 0.13823415389834964 0.20764444198043536
0 0.5571577686891395 0.1458310415992646 0.11452383538669526 0.19846686305535757
0 0.51953125 0.03125 0.1140625 0.0625
0 0.60234375 0.01484375 0.1234375 0.0296875
0 0.60078125 0.0828125 0.1515625 0.165625
0 0.6494692650609425 0.06544486256124742 0.05812501324684387 0.10162268415851469
0 0.6765625 0.021875 0.075 0.04375
0 0.626331898540872 0.31826675469697446 0.10694445916315978 0.11538134727034191
0 0.6534003408289909 0.24499585466873963 0.1050198606144388 0.14957433674699824
0 0.6549876665970393 0.42441033888372404 0.10334823320977708 0.1463583314853265
0 0.7849033450901601 0.4608245229716516 0.09488096878180681 0.12715330517696727
0 0.6972172842982362 0.09317502041140288 0.08341767912609299 0.15611276308359248
0 0.3125 0.6875 0.046875 0.15625
0 0.37578125 0.64609375 0.1046875 0.0734375
0 0.43823664309857635 0.8172902706937515 0.12809526206571756 0.1852234104104042
0 0.47907740870767296 0.7588554153897273 0.10858137023308564 0.16225634727034208
0 0.5089782182336526 0.8783257522073129 0.09778771397248338 0.12108531570031093
0 0.43515625 0.94453125 0.1140625 0.1109375
0 0.61015625 0.97109375 0.1234375 0.0578125
0 0.5577530241314351 0.9131326626883043 0.07380457694917482 0.10409523677523325
0 0.5851761304847047 0.8500180126600695 0.13823415389834964 0.20764444198043536
0 0.5915327686891395 0.7864560415992645 0.11452383538669526 0.19846686305535757
0 0.55390625 0.65625 0.1140625 0.09375
0 0.63671875 0.63984375 0.1234375 0.0609375
0 0.63515625 0.7078125 0.1515625 0.196875
0 0.6838442650609424 0.7060698625612474 0.05812501324684387 0.10162268415851469
0 0.7109375 0.646875 0.075 0.075
0 0.66015625 0.95 0.1078125 0.1
0 0.6877753408289908 0.8856208546687396 0.1050198606144388 0.14957433674699824
0 0.7315922842982362 0.7338000204114029 0.08341767912609299 0.15611276308359248