2 0.20234375 0.12890625 0.1859375 0.2578125
1 0.30234375 0.11640625 0.2515625 0.2328125
1 0.2915326866595295 0.5464820901164904 0.21177990063313815 0.2544772173219975
0 0.39453125 0.6875 0.1359375 0.04375
0 0.03984375 0.67421875 0.0796875 0.0703125
1 0.42403896127013585 0.4564037239922598 0.12289925705962901 0.2560596494796016
0 0.3208494282797524 0.31876320386587187 0.12995558762187223 0.17686347241038014
3 0.51171875 0.4171875 0.0765625 0.253125
0 0.4875 0.3671875 0.125 0.190625
0 0.203125 0.69296875 0.103125 0.0328125
0 0.6551154650310596 0.5241168464480686 0.12268865690134448 0.19520403663473135