3 0.4265625 0.25859375 0.225 0.2015625
0 0.0984375 0.31875 0.134375 0.08125
0 0.6711684136479411 0.14994354638472557 0.14423178903121966 0.08699519780928675
1 0.778125 0.321875 0.3 0.075
1 0.6078125 0.30546875 0.1375 0.1078125
1 0.403125 0.45625 0.271875 0.19375
0 0.484375 0.528125 0.109375 0.1
0 0.50546875 0.60078125 0.0671875 0.0984375
0 0.5125 0.865625 0.053125 0.090625
3 0.278125 0.41484375 0.228125 0.1109375
3 0.3012467990883647 0.5982493510827214 0.18814541549465283 0.11639319279472175
0 0.1425348744203297 0.6231764579049235 0.17568177693097126 0.12227947994174038
1 0.12734375 0.7296875 0.2546875 0.21875
0 0.02109375 0.85546875 0.0421875 0.0890625
2 0.665625 0.40859375 0.253125 0.0984375
0 0.6734375 0.71640625 0.26875 0.1765625
1 0.8859375 0.61875 0.228125 0.240625
0 0.8520007780111258 0.7726308886254513 0.13809996369925487 0.10712584138279588
3 0.58046875 0.6859375 0.0828125 0.184375