0 0.37734375 0.20703125 0.0828125 0.0765625
3 0.878125 0.0203125 0.24375 0.040625
0 0.925 0.17421875 0.15 0.0734375
1 0.63046875 0.2109375 0.2953125 0.1375
0 0.6200615785725953 0.1299029392902747 0.15581474267981754 0.09867495202099903
0 0.7112683812460495 0.07884842194463886 0.17937951201463562 0.10988517202418073
1 0.2453125 0.63671875 0.346875 0.2296875
0 0.02265625 0.940625 0.0453125 0.090625
0 0.2008201352244141 0.922171160606321 0.15254429201145392 0.08613858935390831
0 0.303601331914413 0.7491234645926397 0.14493178668045398 0.10323518268618095
2 0.0375 0.7578125 0.075 0.184375
0 0.0453125 0.65234375 0.090625 0.1140625
3 0.53671875 0.35234375 0.2359375 0.1015625
2 0.82734375 0.9203125 0.3453125 0.159375
1 0.50703125 0.86328125 0.1765625 0.1703125
0 0.4731074992839114 0.4161591599697741 0.08203179734245411 0.06813292934436319