3 0.17890625 0.70859375 0.1671875 0.0421875
1 0.3828125 0.62421875 0.153125 0.2109375
0 0.60625 0.0796875 0.078125 0.159375
0 0.55 0.02421875 0.05 0.0484375
0 0.86328125 0.69140625 0.0859375 0.0765625
0 0.753125 0.7015625 0.121875 0.05625
0 0.6139040203408157 0.6008309814939328 0.1065215577372161 0.17353283697334126
0 0.559375 0.653125 0.0875 0.153125
0 0.5566382809347467 0.5340737872535068 0.084222352532014 0.1110647878817268
0 0.6472108020520212 0.4583885189166176 0.09790542093374803 0.13239765394280312
0 0.49921875 0.35703125 0.0796875 0.1953125
0 0.5158543862387708 0.4942299083155531 0.06161931043863902 0.09677914727484324
0 0.49453125 0.55234375 0.0703125 0.1953125
0 0.478125 0.6140625 0.0375 0.190625
0 0.7860590123777207 0.6589948125482202 0.07448333148532668 0.10404951333591939
2 0.85703125 0.8984375 0.1578125 0.203125
3 0.46640625 0.91328125 0.0140625 0.1734375