1 0.13828125 0.6484375 0.2078125 0.2625
0 0.0734375 0.5 0.146875 0.253125
3 0.17683884691740612 0.3963139962804556 0.22181189974588628 0.27679374813797325
0 0.51015625 0.3359375 0.0578125 0.19375
0 0.5015625 0.571875 0.075 0.29375
1 0.6140625 0.11796875 0.15 0.2359375
0 0.8472361049510884 0.2480135450803825 0.16126924189573072 0.22722608767505648
2 0.93125 0.153125 0.1375 0.30625
0 0.92421875 0.4171875 0.1515625 0.4
0 0.10078125 0.82265625 0.0921875 0.0859375
0 0.32767184677623185 0.8933687787454442 0.11664001038216938 0.15658394789030403
3 0.61875 0.959375 0.090625 0.08125
3 0.86484375 0.88984375 0.2609375 0.2203125