1 0.04921875 0.45859375 0.0984375 0.1921875
1 0.12734375 0.35625 0.2546875 0.225
2 0.31996070217245054 0.2879948465303748 0.3024167503386842 0.23345632383181858
3 0.25097060549723943 0.5029582684754141 0.3243869255988834 0.1763712495377817
0 0.31119213252103234 0.42554031063699754 0.1933958751693421 0.11795569279472176
1 0.7015625 0.06484375 0.296875 0.1296875
1 0.9078125 0.0796875 0.184375 0.159375
0 0.7146158621675017 0.2336389332943173 0.13279256784239593 0.09279055674305976
3 0.5765625 0.1671875 0.19375 0.2125
3 0.52421875 0.08671875 0.0890625 0.1734375
1 0.359375 0.7 0.240625 0.1625
1 0.27734375 0.9078125 0.4046875 0.184375
3 0.35 0.83125 0.259375 0.171875
2 0.6203125 0.9609375 0.28125 0.078125
0 0.6458249185899368 0.8201209687254762 0.14471271370395292 0.1118588054894186
0 0.8921875 0.934375 0.215625 0.13125