0 0.10773016588743634 0.06408418413600478 0.09562157220870696 0.05367951190385671
0 0.94609375 0.1671875 0.1078125 0.08125
0 0.45078125 0.20234375 0.1734375 0.0734375
0 0.41015625 0.17109375 0.1203125 0.0921875
0 0.5148143953993727 0.15757965408177554 0.11144656010845858 0.08814541549465282
0 0.59453125 0.21484375 0.1296875 0.0484375
0 0.6887155037124332 0.07688312422393792 0.19433178298109546 0.10112720452587265
0 0.5533547206331418 0.11282569028432485 0.09567611436318471 0.06305451190385672
0 0.49106834407151273 0.07647055464750956 0.19598518657189173 0.11676129488495217
0 0.4359375 0.06015625 0.171875 0.0921875
0 0.396875 0.034375 0.09375 0.06875
0 0.603125 0.03125 0.10625 0.0625
0 0.53125 0.01015625 0.140625 0.0203125
0 0.71171875 0.02109375 0.1359375 0.0421875
0 0.2630125635263042 0.34938834153743 0.15057269262201595 0.09931017447164332
0 0.3078125 0.30234375 0.084375 0.0859375
0 0.31484375 0.75 0.0703125 0.09375
1 0.4859375 0.3578125 0.271875 0.1875