3 0.7473566511572918 0.124002596806789 0.16840335938667828 0.248005193613578
0 0.6217144882131758 0.03292793994357215 0.10392982878371626 0.0658558798871443
0 0.5558925891227985 0.08297303159748054 0.13053517824559702 0.16594606319496108
0 0.761036123240417 0.374445676807664 0.08623721463952716 0.143872016805914
0 0.528835861039308 0.5819384777196974 0.11720042431665548 0.20595552273741297
0 0.5173377047102206 0.9064583166550022 0.10222608767505648 0.1523211867678576
0 0.9123758755167287 0.01431590830891057 0.08277826674922295 0.02863181661782114
0 0.8518922555815713 0.2916875735379033 0.0904880669968918 0.13468801779449713
1 0.2453661197257604 0.26004486756703565 0.14550951488719618 0.24453786167271768
2 0.7282388174066676 0.8970820221687592 0.18354886228216233 0.15719437056996596
3 0.8130781203449329 0.4834731669218323 0.18994441149637425 0.16057403855474384