1 0.24169769581888034 0.858200463475406 0.3034675641014079 0.24728765178371362
0 0.21995759056603137 0.9789902504070371 0.15011131596343477 0.03852848620028233
0 0.9036644631917852 0.47266714895093037 0.19267107361642957 0.19586942775829588
3 0.7111196681114026 0.5622729399397511 0.3011730099247975 0.1645024253226639
3 0.534067016539826 0.5716184866106147 0.27457196856846866 0.12969104869945838
0 0.13116464846669545 0.650584606737703 0.1724272717116217 0.11541826866768652
3 0.2394264888323483 0.28902772362167584 0.29844611621110373 0.1394751517837136
0 0.3986045897419711 0.3323804829571667 0.22827916542531543 0.14137284253094826
0 0.5591825248119936 0.3890008555231824 0.18270980024766903 0.10154668344033872
3 0.7642894400324213 0.1258348336090851 0.26505141935425697 0.12640240746575646
3 0.05689431699689203 0.13036360998411395 0.10592897642635143 0.09552278003177211