0 0.66796875 0.07421875 0.1328125 0.1484375
0 0.5984375 0.0515625 0.115625 0.103125
0 0.628125 0.13900503053029595 0.1046875 0.1289239393936934
0 0.740625 0.1823279053609538 0.11875 0.15309842378986122
0 0.6109375 0.31484375 0.128125 0.1703125
0 0.5984375 0.19368588647776122 0.0765625 0.10869997060135787
0 0.53984375 0.1483191547951269 0.14375 0.2200336182719372
0 0.5015625 0.09921875 0.11875 0.1984375
0 0.4625 0.07421875 0.065625 0.1484375
0 0.5203125 0.28137399423424886 0.1125 0.12464587516934209
0 0.4703125 0.22734375 0.08125 0.1578125
0 0.54453125 0.35625 0.1078125 0.0875
0 0.4140625 0.89765625 0.03125 0.0859375
0 0.28984375 0.41953125 0.1046875 0.0390625
0 0.38671875 0.446875 0.0859375 0.09375
0 0.27421875 0.5742398456591583 0.128125 0.21452724672063966
0 0.26015625 0.44140625 0.0765625 0.0828125
0 0.2015625 0.446875 0.14375 0.09375
0 0.1828125 0.5173114942342488 0.1125 0.12464587516934209
0 0.11875 0.47109375 0.109375 0.1421875
0 0.20703125 0.6277609933297377 0.1078125 0.155650213703953
0 0.0984375 0.7209521506112553 0.1 0.13492827792830403
0 0.93828125 0.4828125 0.1171875 0.165625
0 0.8703125 0.7117896760531687 0.140625 0.2183073439616777
0 0.490625 0.70234375 0.121875 0.2203125