0 0.2515625 0.2125 0.178125 0.053125
0 0.1609375 0.1078125 0.321875 0.215625
3 0.50234375 0.14609375 0.2359375 0.1859375
1 0.5894566644208785 0.1339206397460786 0.17691239745537005 0.15164873119538153
3 0.27109375 0.44140625 0.1578125 0.1546875
1 0.31953125 0.42265625 0.0609375 0.2140625
1 0.05078125 0.625 0.1015625 0.084375
0 0.592542708200323 0.6666576172470433 0.210662680867222 0.12769440564770312
0 0.5027488934028695 0.5666372337026641 0.2515802067862034 0.16784804420664762
3 0.3984375 0.34921875 0.096875 0.0671875
0 0.3692521796894435 0.6173011602665567 0.0121869331762962 0.050227320533113406