2 0.12265625 0.23203125 0.2453125 0.4109375
0 0.43046875 0.503125 0.1140625 0.053125
0 0.6484375 0.32578125 0.059375 0.1859375
0 0.665625 0.3890625 0.09375 0.1625
0 0.6811657645976062 0.27123166802873566 0.10414684137714506 0.11933178298109545
0 0.64140625 0.17734375 0.0453125 0.1421875
0 0.7802059214063627 0.11012197208707004 0.1304762176006804 0.2022806383672897
0 0.7308557405509892 0.24027710469882324 0.07854664065150559 0.10199883723582168
0 0.7612996979000506 0.30684698116225634 0.1462103450053421 0.205496541958086
0 0.769868655249112 0.37328959259857475 0.12093752649368775 0.19753859621281222
0 0.7375 0.49140625 0.121875 0.0765625
0 0.81953125 0.5125 0.1296875 0.034375
0 0.8171875 0.44453125 0.159375 0.1703125
0 0.8675645999843017 0.4644645593228917 0.06286707694917482 0.10034543364502539
0 0.89609375 0.50859375 0.0796875 0.0421875
0 0.8342609935462141 0.2041674087571576 0.11185021397248321 0.1162522347764936
0 0.8650868968115913 0.2816747852205907 0.10981648801910034 0.14748405405833437
0 0.8594569117877159 0.09808558040013056 0.10976192431676957 0.14592155405833437
0 0.9703125 0.07265625 0.059375 0.1265625
0 0.9144023944493387 0.44130431527482 0.0913393065307547 0.15518746974937905
1 0.4391344549868087 0.7072242310640605 0.2589335782151192 0.3467487767345796
1 0.0421875 0.6671875 0.084375 0.275
2 0.346875 0.58203125 0.24375 0.1046875
1 0.5328125 0.6171875 0.171875 0.175
0 0.6015625 0.65625 0.034375 0.121875
1 0.82578125 0.91484375 0.1828125 0.1703125