1 0.26102862122554304 0.5714717292769343 0.35478283929494336 0.25912823817418307
3 0.39254063464377836 0.6582925914439437 0.17968270974529413 0.2504350346004111
1 0.7288984392395702 0.6531991621276406 0.23304754163898184 0.28066104547482595
3 0.9043397277962331 0.690112866195704 0.12002830505721711 0.19501802273741298
3 0.48119303593576923 0.17939827030313613 0.37004928901808826 0.15689457612090446
0 0.48446013340716065 0.2750927722803025 0.2132590684754525 0.11777904349765969
0 0.3391500285345136 0.39136507661519604 0.23789812307124433 0.13748404844057555
0 0.4046263178663689 0.9716707060452296 0.1905434592838688 0.05665858790954061
2 0.13041686228312793 0.9289672584029571 0.22962454811738686 0.14206548319408582
1 0.05993740206718327 0.2495171803420672 0.11987480413436653 0.19278436068413446
0 0.005175546733110893 0.7802432569200823 0.010351093466221786 0.07859984387822046
3 0.5678374306016968 0.4774457925462575 0.22030770974529404 0.2520903765014653
0 0.7272367211609445 0.19020707220375277 0.13675712523071262 0.09128552768032891