1 0.20625 0.23046875 0.4125 0.2203125
1 0.23125 0.33125 0.396875 0.115625
1 0.85546875 0.2890625 0.2890625 0.2
0 0.5831256763275471 0.09583057811192841 0.19503898441265974 0.12092377723940828
0 0.746117349224025 0.10016243505274884 0.17418018119435102 0.1116908888718056
0 0.7140625 0.025 0.115625 0.05
1 0.021875 0.7796875 0.04375 0.234375
3 0.0828125 0.94765625 0.165625 0.1046875
0 0.96328125 0.89609375 0.0734375 0.1203125
0 0.6361639229733524 0.8948522221795141 0.17574268119435105 0.11180014951546724
3 0.67265625 0.96875 0.1328125 0.0625