3 0.46953125 0.02890625 0.1609375 0.0578125
1 0.1849072394499885 0.12489732323517311 0.3315421006486231 0.1139235617390975
3 0.2990321948077198 0.2081436214878119 0.3139375892845374 0.17911215064493077
3 0.7595078189952933 0.11808885125493025 0.19820349512873606 0.17017094889756965
3 0.85625 0.184375 0.2875 0.171875
2 0.6234375 0.18359375 0.146875 0.2046875
1 0.16543053652788914 0.46950457446944405 0.2860035040571898 0.1893950340036808
0 0.1285090093354908 0.347757514248958 0.1558602621748646 0.07078789152687515
1 0.4859375 0.7625 0.128125 0.16875
1 0.8453125 0.46953125 0.309375 0.1484375
2 0.7734375 0.359375 0.309375 0.11875
0 0.7566595085247119 0.5474847573151038 0.2156989123370204 0.09873235999173628
0 0.578125 0.44921875 0.05625 0.0828125
0 0.8704747723244296 0.6932128717721524 0.15626936525911966 0.09422539152687506
3 0.66640625 0.74609375 0.2328125 0.1015625
3 0.725 0.6484375 0.35 0.14375