3 0.2984375 0.1703125 0.103125 0.253125
3 0.17929148596345584 0.1274779206317743 0.25750971622369906 0.1200965133672712
3 0.19609375 0.4203125 0.3078125 0.11875
1 0.10625 0.29375 0.2125 0.171875
2 0.125 0.0546875 0.25 0.109375
1 0.83515625 0.0515625 0.3296875 0.103125
3 0.6375 0.02421875 0.159375 0.0484375
0 0.9449197925618325 0.34300927725177655 0.10696949568106326 0.08555678668045381
2 0.85625 0.44296875 0.2875 0.1609375
1 0.7214613086009616 0.39408307061586595 0.3666634731635295 0.16664534404836145
0 0.5211366293927658 0.09853585530713756 0.1347941070321154 0.08119655068427187
0 0.41328125 0.1390625 0.1265625 0.09375
3 0.2453125 0.71875 0.209375 0.24375
0 0.8734375 0.61796875 0.221875 0.0765625