3 0.02109375 0.31875 0.0421875 0.146875
2 0.17421875 0.06015625 0.3484375 0.1203125
1 0.30859375 0.19375 0.1421875 0.225
3 0.10325566145369099 0.33230712864850503 0.20142141066226812 0.1596864659077429
1 0.96484375 0.11328125 0.0703125 0.2265625
2 0.89765625 0.30625 0.2046875 0.225
0 0.41015625 0.10546875 0.0609375 0.1078125
0 0.5184093000126353 0.10449795413661996 0.17625627461060628 0.09990236282348768
0 0.48708039515635493 0.20858543627971252 0.11513691818411545 0.09258869480442442
0 0.5691714811288746 0.23890991030513026 0.0800799565847754 0.06855117694751697
1 0.8484375 0.45546875 0.303125 0.1078125
0 0.43671875 0.428125 0.1140625 0.071875
0 0.6496044418702849 0.4269377901747465 0.14892088479802065 0.0728762126613319
0 0.9609375 0.7875 0.078125 0.078125
1 0.7649720629447591 0.8155542309219813 0.3865071159934022 0.2410024699649327
1 0.4921875 0.5890625 0.225 0.159375