2 0.18671875 0.503125 0.2984375 0.09375
0 0.48125 0.11015625 0.096875 0.1546875
3 0.4109375 0.44375 0.2375 0.2125
3 0.06484375 0.1609375 0.1296875 0.278125
1 0.9359375 0.4125 0.128125 0.240625
0 0.6234375 0.10234375 0.1875 0.1828125
0 0.57890625 0.4453125 0.0984375 0.15625
3 0.10546875 0.7234375 0.2109375 0.26875
1 0.36640625 0.9546875 0.3265625 0.090625
0 0.1734375 0.97265625 0.209375 0.0546875
2 0.2982058987459557 0.8356402408532156 0.34304329544054096 0.22173882573423506
1 0.87890625 0.6296875 0.2109375 0.159375