0 0.06015625 0.06796875 0.1203125 0.1109375
0 0.02421875 0.1203125 0.0484375 0.096875
0 0.08850606680028399 0.13109865074184004 0.11820760818516848 0.09164459897381949
0 0.1765625 0.04765625 0.140625 0.0953125
0 0.2569374602821054 0.2074942305296176 0.20347542848861017 0.10454594889756948
0 0.1230247169500652 0.17630139475791645 0.10054187606301594 0.0662809230620141
0 0.0796875 0.21484375 0.159375 0.1203125
0 0.0453125 0.23046875 0.090625 0.0953125
0 0.16583435709790675 0.27277569804454826 0.11415783697334118 0.09934799620027786
0 0.09077071315704335 0.3135111072388539 0.1478951081851685 0.09233558320625015
0 0.27399767240037864 0.2850737166619092 0.1463326081851685 0.09229921561506949
0 0.3065076702743467 0.412198607904444 0.12538237939699587 0.08401393692972228
2 0.746334413316523 0.1591853235195136 0.31756936364518035 0.24132120991548636
0 0.034375 0.66328125 0.06875 0.0484375
0 0.3734375 0.84375 0.13125 0.11875
3 0.37734375 0.9390625 0.1234375 0.121875
0 0.021875 0.7828125 0.04375 0.0875
1 0.21640625 0.98203125 0.2609375 0.0359375
1 0.25234375 0.90078125 0.3734375 0.1984375
1 0.9640625 0.91875 0.071875 0.153125
0 0.8640625 0.65234375 0.175 0.0265625