1 0.30625 0.06484375 0.14375 0.1296875
0 0.7484375 0.0203125 0.071875 0.040625
0 0.91171875 0.40078125 0.0671875 0.0765625
3 0.85546875 0.3703125 0.1703125 0.1375
0 0.62421875 0.3828125 0.0984375 0.1125
0 0.07109375 0.5 0.0859375 0.121875
0 0.08389512783772615 0.7098358872931382 0.09486030681713328 0.15419769867918126
3 0.22578125 0.5046875 0.1921875 0.13125
0 0.29495358441327346 0.580010385264185 0.11092168344033873 0.1793795120146357
0 0.490625 0.521875 0.09375 0.165625
0 0.53046875 0.5078125 0.0578125 0.1375