1 0.11953125 0.47109375 0.2390625 0.0765625
3 0.8040932075438537 0.30348880288933255 0.2659549211621529 0.16679328813517139
0 0.3046875 0.30390625 0.13125 0.1578125
0 0.96953125 0.25390625 0.0609375 0.0953125
1 0.641885454694062 0.2123289353048504 0.3513482137152085 0.21644336289290517
1 0.09453125 0.7015625 0.1890625 0.19375
3 0.1046875 0.58203125 0.209375 0.1453125
2 0.1234375 0.77265625 0.23125 0.2046875
0 0.15390625 0.91484375 0.1703125 0.1203125
0 0.42265625 0.5296875 0.1390625 0.040625
2 0.7777131987101384 0.6668468265224445 0.3380844943004167 0.1827567777436112
0 0.940625 0.78828125 0.11875 0.1109375
0 0.314214396373437 0.6101776653549091 0.12231271751493064 0.09435056956195353