2 0.629810638290728 0.77265625 0.6101276609154336 0.390625
2 0.8428394769971419 0.6515625 0.3143210460057162 0.215625
1 0.707062281097806 0.53671875 0.3093742720436282 0.2234375
1 0.8975412715394249 0.25390625 0.2049174569211501 0.2015625
1 0.5431101336760256 0.203125 0.49347575645628794 0.33125
3 0.7152414958126261 0.3296875 0.26902278763096843 0.115625
1 0.3833077068442754 0.59921875 0.3453881816985541 0.246875
1 0.15007957962453763 0.72734375 0.2120950804577169 0.1953125
1 0.17571908197032615 0.6359375 0.2782335326872899 0.225
3 0.18765136339710828 0.49375 0.32263909654926026 0.234375
3 0.19156904903093477 0.3375 0.26128669728589443 0.1390625
1 0.380292695444309 0.37734375 0.32553486758448213 0.1640625
0 0.32938648726265135 0.16328125 0.09285377153942509 0.0765625
1 0.10784389507599193 0.425 0.16608345792955617 0.140625