1 0.13984375 0.203125 0.2796875 0.38125
0 0.44296875 0.43671875 0.1203125 0.1265625
0 0.9390625 0.03359375 0.10625 0.0671875
1 0.08125 0.7828125 0.1625 0.303125
1 0.0609375 0.59140625 0.121875 0.1828125
2 0.45390625 0.53828125 0.2421875 0.0765625
0 0.275 0.96953125 0.11875 0.0609375
0 0.2679067762482881 0.8702992961341283 0.11191211404351815 0.17695200361804453
0 0.37217461121527895 0.887387219585305 0.09720577360990709 0.115523180687266
0 0.39973226616351953 0.8035101865686183 0.07232335080120364 0.08000176051544958
1 0.60390625 0.575 0.1296875 0.15
0 0.5944016342595383 0.916179525669056 0.07982278397749987 0.13016553482570908
0 0.5837155783690748 0.7005478816165212 0.0830256964186109 0.14899742198083885
2 0.80546875 0.5421875 0.1171875 0.084375