0 0.16484375 0.26015625 0.1921875 0.0796875
0 0.03671875 0.27890625 0.0734375 0.0421875
0 0.0359375 0.2453125 0.071875 0.10625
0 0.09598101943521495 0.19830757703512553 0.10258238433001132 0.09300985376405232
0 0.05078125 0.153125 0.1015625 0.084375
0 0.20296220466039028 0.19472763779580973 0.13469397748246603 0.08340936068413445
0 0.2698469208840894 0.07512079194042283 0.1155434592838688 0.07639535672980183
1 0.04921875 0.9328125 0.0984375 0.134375
0 0.371875 0.62421875 0.09375 0.1015625
2 0.5359375 0.3453125 0.2125 0.090625
0 0.6726100640088576 0.8168692346397798 0.2030830320782579 0.10489704152049342
3 0.7233190677094854 0.7064928087463368 0.22297402991878953 0.14778487847863175
1 0.96796875 0.61875 0.0640625 0.15625
1 0.53828125 0.59921875 0.2390625 0.1609375
1 0.56484375 0.73515625 0.2921875 0.2015625