1 0.67734375 0.325 0.1765625 0.1875
3 0.7720935937520595 0.09035560922393863 0.33126936525911965 0.11753715486088696
3 0.89375 0.04921875 0.2125 0.0984375
0 0.93125 0.35703125 0.1375 0.1234375
0 0.940625 0.39609375 0.11875 0.0453125
0 0.8578125 0.3875 0.18125 0.0625
0 0.9014832646137918 0.2756079698250032 0.1153716298696164 0.08431084030732094
0 0.806125900165451 0.24126453391952704 0.18474892126547413 0.1258603536432407
0 0.9375 0.13359375 0.125 0.1015625
1 0.859375 0.03515625 0.28125 0.0703125
0 0.98046875 0.2890625 0.0390625 0.115625
3 0.665625 0.92421875 0.153125 0.1515625
3 0.7125 0.475 0.11875 0.1125
0 0.9421875 0.50078125 0.115625 0.1046875
0 0.865625 0.4828125 0.24375 0.128125