0 0.40620528892938523 0.7920262318590146 0.07347826708875882 0.16490080290255768
0 0.46192644002474187 0.861882374872773 0.04749477711788863 0.07658234736759476
0 0.17340274458972366 0.10242805163661331 0.08110891066226814 0.15892362141421196
0 0.0019111836567752018 0.322465277041842 0.0038223673135504036 0.156631945916316
0 0.2897097061890639 0.08103669047402039 0.11745558762187222 0.16207338094804077
0 0.41876672037482887 0.04652279201796645 0.08746655925034226 0.0930455840359329
0 0.4275864762473236 0.24496025890085665 0.09875105172849494 0.1751488221398514
0 0.4861635058724948 0.1898436837657804 0.08409751834239998 0.15434524881887363
0 0.484066145289369 0.3155703700634495 0.08277905925034226 0.10903274881887359
0 0.38503160022479155 0.39317206960796264 0.09435305674305985 0.13128969473518967
0 0.5418917024946472 0.5008605401190499 0.09001254922121245 0.19669643992586625
0 0.5249806503039338 0.3578471501005164 0.05897784639736088 0.09571429328391083
0 0.571262268408907 0.29613583458408704 0.10563754922121245 0.19724207694917478
0 0.5957598147271257 0.23206341090028965 0.08050115690134448 0.1916815577118811
0 0.6021642420824411 0.0679538313571941 0.09306334138279589 0.1359076627143882
0 0.6957467575218474 0.05433031361751284 0.1053814849563052 0.10866062723502568
0 0.6668284841648824 0.149975107997732 0.11970004922121244 0.19773315027015248
0 0.714902271311901 0.16078363322547545 0.04031877461060631 0.09818452885594056
0 0.7613202817367423 0.09438481770904608 0.06334709765100222 0.08494048439090336
0 0.6184745860390266 0.41701876425833423 0.09353470282385157 0.10316469473518967
0 0.6673727387837359 0.34585060318840855 0.08212584138279588 0.14022818511654284
0 0.6175221883088822 0.530218168704838 0.08203491316955062 0.13710318511654265
0 0.742402516363843 0.5836110088160387 0.07523934389007839 0.1181349303072194
0 0.25068064693872155 0.18245780281773966 0.071750631037097 0.10552580290255764
0 0.7560440968595794 0.19524791326254234 0.05753501834239998 0.15341766587924913