0 0.7795425767505547 0.9575134522920175 0.17525587955902786 0.08497309541596501
1 0.7579786609067355 0.843667115050909 0.3191175951740973 0.23547955759604164
3 0.8502609991469787 0.6432946597045326 0.26370143692972225 0.13394787869919877
0 0.4808616081887845 0.38082839690328874 0.10617857123840295 0.07015985253201391
1 0.2144755016155206 0.26361299189573073 0.2756935970739585 0.17989741553090174
1 0.13811628941892357 0.08236372091963048 0.1768924211621529 0.15853908404557523
1 0.07294261825677065 0.22720651308359247 0.1122857137152085 0.19846686305535757
3 0.14743085913871495 0.3880067761671849 0.22111519984750014 0.18139973137238705
0 0.11648541119107589 0.6083801893495994 0.17144120174736122 0.12545356826055976
2 0.4756493909581943 0.2686546205949295 0.2575618461240279 0.20536785239083954
0 0.9791393732907636 0.21505480959159304 0.03590243882958362 0.06762711575678067