2 0.2421875 0.3921875 0.225 0.215625
2 0.2109375 0.4609375 0.2125 0.078125
2 0.50234375 0.428125 0.0734375 0.14375
1 0.06328125 0.31796875 0.1265625 0.2734375
2 0.40625 0.16875 0.265625 0.3375
0 0.23515625 0.065625 0.1265625 0.13125
2 0.3068587199225753 0.23255145790492354 0.15779654844057553 0.23400659012915473
1 0.7109095499606314 0.24258700211157108 0.19280290121604465 0.32710337226160835
2 0.89453125 0.17734375 0.2109375 0.3546875
0 0.784375 0.0921875 0.1375 0.184375
2 0.64140625 0.12109375 0.2046875 0.2421875
0 0.6783252016337865 0.17235707013740198 0.03960101087441492 0.05265363855894432
0 0.7553943790101043 0.22095604301951327 0.10375103558899426 0.17156877461060632
2 0.8366098869187697 0.2561373735817566 0.17185904844057553 0.23441576708875883
3 0.21424150250863896 0.7540867917658721 0.17287772037968577 0.2594157670887588
1 0.36492991060758484 0.7090290413701605 0.25140858007523714 0.38655258010002486
0 0.9609375 0.92109375 0.078125 0.1203125
0 0.8671875 0.978125 0.075 0.04375