1 0.5614627834579488 0.9232653184215422 0.37534654002227175 0.1534693631569155
1 0.8406175513605897 0.5298602432030683 0.3187648972788207 0.21722357007089493
0 0.1339039273551808 0.16477921700961656 0.22229426535645352 0.17672293903379802
3 0.5840906667727224 0.7979807912371466 0.1940783586887262 0.1680920851145899
0 0.8444970767027256 0.2901074214163138 0.23435791335136286 0.1395866518867795
0 0.9508272506763177 0.22373592682659016 0.0983454986473646 0.11072220282385159
0 0.894441438017181 0.15254523693486227 0.16982269867918126 0.09709762351524956
3 0.2584232167011348 0.26133963143280836 0.1904079186823629 0.12112615690134447
0 0.4268555907065436 0.3060707728947466 0.21393632535009016 0.1296206185006846
3 0.08912941872213381 0.41104881175762475 0.13573860001590837 0.12109741316955062
0 0.9363355141231307 0.9339687331739386 0.08851815467854465 0.09004598997087002