0 0.44375 0.46875 0.090625 0.08125
0 0.35078125 0.4859375 0.1109375 0.046875
1 0.4015625 0.06484375 0.196875 0.1296875
1 0.221875 0.6015625 0.165625 0.184375
3 0.47578125 0.6125 0.0484375 0.11875
0 0.37109375 0.8075110982559156 0.11875 0.18506586729005098
3 0.15390625 0.9265625 0.1671875 0.146875
1 0.26640625 0.6936207941975812 0.203125 0.2543067466803503
0 0.828125 0.8728588423039871 0.08125 0.14266019867214014
0 0.63203125 0.7349992522394951 0.065625 0.10663179508134402
0 0.796875 0.96484375 0.109375 0.0703125
3 0.9234375 0.66171875 0.153125 0.3046875
2 0.5671875 0.86953125 0.134375 0.2609375