3 0.1603326246858901 0.2956039123713949 0.2693869551604494 0.23895445745273883
0 0.03907899120600832 0.3815545270291672 0.07815798241201664 0.11310905405833438
3 0.5153865286286932 0.20700151726660984 0.1649228536432407 0.1836851744716433
0 0.5657847545419279 0.09708616178221971 0.18657497091226496 0.08542039129415605
1 0.8574619425734358 0.06673662821194898 0.21945111485312835 0.12465560811666879
1 0.9171081384808517 0.1116360377546735 0.09942565727678314 0.10833974082661783
0 0.9405772025753756 0.01563319134546968 0.037595594849248924 0.02052157825883121
0 0.7890161208928683 0.43604516441449837 0.15076501666989942 0.08677381303532487
0 0.7720999457382379 0.5187985770804808 0.29633235030926086 0.16727035499341092
3 0.7600151786092966 0.7242945981577197 0.21265872303829667 0.21363629488495234
0 0.424045598762957 0.6652816498783631 0.12936824879205205 0.11163745764913066
1 0.2269792801265052 0.6664800146343313 0.32426590273485506 0.20335330073868468
2 0.047944194989331834 0.6637084968767419 0.09588838997866367 0.1929874515990065
3 0.6011819257343586 0.6209781797362005 0.26705918061464223 0.2295703670936593