0 0.4497916357573642 0.19767413140711165 0.09640875244707062 0.17196211733238065
0 0.5182713064459368 0.1336555540514879 0.057415685116542825 0.08194912252816074
0 0.0809274637180293 0.8516174943000168 0.104112125042409 0.16938342055068922
0 0.18926575337374305 0.8736567492436954 0.13681549763774728 0.16855289406758578
0 0.3039259648991557 0.9155168312908961 0.09702382213985139 0.10030563861970414
0 0.35495029547652746 0.7264654029465366 0.12184526206571755 0.18621028763096828
0 0.3997245929367896 0.7833438336366847 0.10551093393541641 0.16480518119435103
0 0.42423849801626545 0.661610945269082 0.09773315027015243 0.12061813861970413
0 0.34520825164446256 0.5814096290613231 0.11099704210278442 0.14336722376899794
0 0.5192211597191634 0.48585183858036307 0.11630459019601869 0.20608574505632152
0 0.47158721316987506 0.6224502562810608 0.07218751324684405 0.10324496832111621
0 0.50372510137431 0.6841090221205027 0.13198415389834964 0.2087408514929388
0 0.5131794577275796 0.7481333172930397 0.10827383538669526 0.19928944183801284
0 0.4837225923038174 0.8998268572697967 0.10916172359113005 0.13544546312533612
0 0.5705951097270126 0.9116770112247394 0.11728175843752045 0.10016352698730664
0 0.563276172248217 0.8311372054085406 0.1445387176006804 0.21117743664223276
0 0.612685895206375 0.822226745133196 0.05343751324684387 0.10193384059717552
0 0.6423163423038174 0.8887369019381305 0.07498513103285873 0.09408848960843982
0 0.57395081053747 0.5700904447648789 0.10538195916315977 0.11647694183801285
0 0.6065152846767543 0.6418508302824899 0.10022323320977691 0.14728989926336594
0 0.598028205998299 0.4608575563972764 0.09860616950744613 0.14561813861970413
0 0.7281894211519087 0.4159060532951832 0.09175596878180663 0.1279935960450572
0 0.17233620291825608 0.778202137611298 0.08345239546082905 0.11338479282674854
0 0.6589532599971649 0.7917144364670057 0.07878474282842376 0.15826025025210147