0 0.1375 0.05703125 0.209375 0.1140625
0 0.30078125 0.178125 0.2578125 0.175
0 0.14598282438632762 0.5914182885491653 0.1895085233378591 0.13603311922731445
0 0.35546875 0.91171875 0.1484375 0.1078125
1 0.3078125 0.97109375 0.24375 0.0578125
1 0.07578125 0.94296875 0.1515625 0.1140625
2 0.7262763601420226 0.7131006330352769 0.3011790890993732 0.24974288765342542
0 0.96953125 0.6265625 0.0609375 0.128125
1 0.55546875 0.95859375 0.2515625 0.0828125
1 0.628125 0.93203125 0.18125 0.1359375
0 0.4703125 0.89453125 0.08125 0.1078125
3 0.48984375 0.7671875 0.1203125 0.190625