0 0.4078125 0.22890625 0.115625 0.1203125
3 0.1797194012136117 0.7183323766242139 0.32133209897381965 0.13136392812846154
0 0.06484375 0.65390625 0.1296875 0.1234375
1 0.403125 0.93359375 0.10625 0.1328125
1 0.4578125 0.7609375 0.215625 0.225
1 0.6270976685967018 0.5351868144702829 0.3529107137152085 0.2145163895717986
1 0.8171875 0.47578125 0.35625 0.2328125
1 0.74453125 0.940625 0.3078125 0.11875
1 0.9484375 0.93359375 0.103125 0.1328125
3 0.85703125 0.61484375 0.2859375 0.1546875
3 0.4609375 0.4421875 0.221875 0.165625