0 0.36292651970062983 0.24595470564399252 0.22889387023308566 0.16145056553881965
3 0.80546875 0.04140625 0.2546875 0.0828125
3 0.18813979610949966 0.6900008720564929 0.18374506134007812 0.1650834053945836
0 0.41328125 0.90234375 0.1734375 0.1265625
0 0.3765625 0.55703125 0.246875 0.1546875
2 0.6796875 0.88203125 0.30625 0.2359375
1 0.8256720563611186 0.6950240660169784 0.3266071731356433 0.23241898860083357
1 0.89765625 0.5375 0.2046875 0.115625
0 0.959375 0.61953125 0.08125 0.0796875
0 0.9734375 0.70703125 0.053125 0.1140625
3 0.7875 0.959375 0.178125 0.08125
3 0.6046875 0.95859375 0.209375 0.0828125