2 0.23125 0.046875 0.171875 0.09375
0 0.4265625 0.29765625 0.20625 0.0640625
0 0.43515625 0.259375 0.1890625 0.096875
0 0.0859375 0.0859375 0.171875 0.1
0 0.76015625 0.2984375 0.1390625 0.0625
1 0.66328125 0.94140625 0.2671875 0.1171875
1 0.5828125 0.74765625 0.10625 0.1609375
1 0.8314199311041557 0.7595716674967392 0.30209166297065304 0.2104110769216895
0 0.98046875 0.5484375 0.0390625 0.09375
0 0.975 0.64453125 0.05 0.1015625
3 0.8193841207361039 0.593274579407398 0.3318855787839034 0.18686656906380658
1 0.7191503603539344 0.4459693939230907 0.3295950366905286 0.17429379445670082
1 0.56875 0.478125 0.078125 0.153125
2 0.96015625 0.7375 0.0796875 0.171875