3 0.64375 0.5295478024336105 0.2609375 0.28732338772715293
1 0.22265625 0.4252863682567707 0.2296875 0.3490960359035419
0 0.10390625 0.5561753051864929 0.1140625 0.17140483415618063
0 0.26015625 0.8869135460684372 0.1671875 0.15701633225631967
3 0.36640625 0.8266280498681594 0.1515625 0.2316526563445141
0 0.41640625 0.8137455369503815 0.190625 0.2872493461240281
1 0.3828125 0.6145274401607635 0.18125 0.23078114057694457
2 0.575 0.9459917264455552 0.171875 0.08525043502986093
2 0.3984375 0.9532262642489581 0.16875 0.07892769984750032
0 0.83828125 0.34845753733163126 0.115625 0.20269120174736113
0 0.52734375 0.019344839571423408 0.0828125 0.038689679142846815