0 0.39505380931499057 0.06425888031561647 0.16268568380210838 0.09146321406423077
3 0.32354356524648953 0.08772785625692299 0.20847302768032883 0.14426684145441176
0 0.42421875 0.24296875 0.1703125 0.1328125
0 0.9609375 0.090625 0.078125 0.125
3 0.5796875 0.2359375 0.140625 0.184375
3 0.73046875 0.3703125 0.2140625 0.078125
0 0.8618963884016445 0.11408200030454178 0.1451798488211363 0.08254928901808825
3 0.04921875 0.86875 0.0984375 0.13125
0 0.4859375 0.74765625 0.046875 0.1359375
1 0.72421875 0.934375 0.3703125 0.13125
1 0.88125 0.48125 0.2375 0.14375