0 0.29375 0.36171875 0.05 0.1609375
1 0.91875 0.50546875 0.1625 0.1265625
1 0.92265625 0.05859375 0.1546875 0.1171875
0 0.7976891080184728 0.15449489399529287 0.1599386022629364 0.1089517153566284
0 0.6375 0.01328125 0.146875 0.0265625
3 0.48046875 0.5265625 0.2953125 0.084375
0 0.4378429719888741 0.4489604861025528 0.17579995159900638 0.1507607070582587
1 0.0671875 0.65 0.134375 0.1625
3 0.25625 0.8953125 0.125 0.175
3 0.1953125 0.9296875 0.21875 0.140625
3 0.54609375 0.93671875 0.2671875 0.1265625