1 0.7752755936223941 0.8732804531551037 0.3908649366422326 0.16862116486282658
1 0.819278785789383 0.7335804822428387 0.36144242842123403 0.21479453425788275
1 0.2997525256499244 0.4775997440809462 0.3486881443196873 0.23198229213379057
1 0.7112309750295056 0.4180826411866117 0.2889196604112307 0.26594296182840915
2 0.9090957665957464 0.406540007996594 0.18180846680850707 0.23258858576539315
1 0.7096638491471502 0.1607469549912715 0.4809321977900975 0.321493909982543
3 0.19404810091186114 0.71879831317644 0.2703667663436449 0.13392768728260193
1 0.10172067314857935 0.07262468590547608 0.20016352698730663 0.12975062818904787
0 0.8261671962006136 0.5336282796674633 0.21048902179152656 0.16632585697722052
0 0.5235624581816577 0.17254635588995876 0.12821211733238053 0.10057356909549373
0 0.4358168037225118 0.1199950539234064 0.12664961733238056 0.1004460233378592
0 0.6719106569801614 0.7434331986131758 0.12654035668871888 0.0988835233378591